1865.5127495249515	1866.9507574619515	BBF2	
1869.877115464304	1871.8278636189707	BBF2	
1874.2965713277645	1876.054641402128	BBF2	
1874.619695504	1875.8807642401666	BBF3	
1876.419494354	1877.6247602669168	BBF3	
1880.0362644105553	1881.7197673308885	BBF2	
1881.133514812	1882.4478992340833	BBF3	
1882.712063948	1883.9883598658182	BBF3	
1884.4746505595956	1886.0572215451411	BBF2	
1884.770449485	1886.284699068	BBF3	
1887.007729538	1888.4636445296999	BBF3	
1889.145412946806	1890.8660363946522	BBF2	
1889.607133115	1890.8163039694	BBF3	
1891.728640936	1893.1520340003844	BBF3	0.0
1893.63027434348	1895.67873372348	BBF2	0.0
1894.726675647	1896.2647346922001	BBF3	0.0
1897.069442668391	1898.4512851897243	BBF2	0.0
1897.828162862	1899.1911596641817	BBF3	0.0
1900.150144262	1901.4347159296667	BBF3	0.0
1900.578323864753	1902.3363939391165	BBF2	0.0
1902.265846979	1903.4711128919166	BBF3	0.0
1904.701227806	1905.9775237238182	BBF3	0.0
1907.1080961573205	1908.7915990776537	BBF2	0.0
1907.116088462	1908.3771571981667	BBF3	0.0
1909.275531164	1910.6986145295386	BBF3	0.0
1911.6859080492627	1913.406531497109	BBF2	0.0
1912.098028296	1913.5911008014284	BBF3	0.0
1914.858390034	1916.0675608884	BBF3	0.0
1915.1483139979905	1917.099062152657	BBF2	0.0
1917.123828296	1918.6618873412	BBF3	0.0
1919.7493635137498	1921.5074335881134	BBF2	0.0
1920.115927723	1921.4303121450835	BBF3	0.0
1922.394726074	1923.8181191383844	BBF3	0.0
1923.4441457006474	1925.1276486209806	BBF2	0.0
1925.153067287	1926.6673168700001	BBF3	0.0
1927.4177793733484	1929.1384028211946	BBF2	0.0
1927.897821992	1929.3537369837	BBF3	0.0
1930.725480615	1932.1187281024	BBF3	0.0
1931.089323936429	1933.137783316429	BBF2	0.0
1933.725995306	1934.9870640421666	BBF3	0.0
1935.5044724616525	1936.9424803986526	BBF2	0.0
1936.18729559	1937.4635915078184	BBF3	0.0
1938.719049145	1939.9243150579168	BBF3	0.0
1938.7809774198447	1940.5390474942083	BBF2	0.0
1941.52785281	1942.683804443	BBF3	0.0
1942.5222348543764	1944.2057377747096	BBF2	0.0
1944.964385282	1946.3874686475385	BBF3	0.0
1948.3548784324348	1950.075501880281	BBF2	0.0
1948.60989608	1949.9728928821817	BBF3	0.0
1950.862218038	1952.2856111023846	BBF3	0.0
1952.8862150767432	1954.2680575980764	BBF2	0.0
1953.764694788	1955.3027538332	BBF3	0.0
1956.232432906386	1957.9905029807496	BBF2	0.0
1956.478994112	1957.6881649664	BBF3	0.0
1958.780174612	1960.2360896037	BBF3	0.0
1960.9264329174132	1962.6841167807768	BBF2	0.0
1961.891629688	1963.2848771754	BBF3	0.0
1964.6676903519449	1966.7161497319448	BBF2	0.0
1964.701227182	1965.9622959181665	BBF3	0.0
1966.994069702	1968.1993356149167	BBF3	0.0
1969.5011161058737	1970.9391240428738	BBF2	0.0
1969.50772868	1970.7840245978182	BBF3	0.0
1972.471456849	1973.7858412710834	BBF3	0.0
1973.0332349260525	1974.7538583738988	BBF2	0.0
1974.644823683	1976.159073266	BBF3	0.0
1976.867442855852	1978.5509457761852	BBF2	0.0
1977.541784324	1978.9651773883845	BBF3	0.0
1981.0269775190886	1982.7850475934522	BBF2	0.0
1982.16252731	1983.5856106755386	BBF3	0.0
1984.955753756	1986.3490012434	BBF3	0.0
1985.3491755490445	1987.299923703711	BBF2	0.0
1987.781722298	1989.1447191001816	BBF3	0.0
1989.2066211026606	1990.9272445505069	BBF2	0.0
1990.010824442	1991.5488834872	BBF3	0.0
1992.985660277	1994.1909261899168	BBF3	0.0
1993.2499676468128	1994.631810168146	BBF2	0.0
1995.908657198	1997.4017297034284	BBF3	0.0
1997.0144627051613	1999.0629220851613	BBF2	0.0
1999.783015276	2000.9921861304001	BBF3	0.0
2002.13156735	2003.5874823417	BBF3	0.0
2002.149977568711	2003.9080476430745	BBF2	0.0
2005.103703542	2006.3882752096667	BBF3	0.0
2007.0763538179076	2008.6589248034531	BBF2	0.0
2008.075839734	2009.3521356518183	BBF3	0.0
2010.995327259	2012.2563959951667	BBF3	0.0
2011.352076600229	2013.0727000480754	BBF2	0.0
2013.439616768	2014.8627001335385	BBF3	0.0
2015.4651360158323	2017.4158841704989	BBF2	0.0
2016.41175296	2017.8050004474	BBF3	0.0
2019.399850084	2020.914099667	BBF3	0.0
2019.5549578076182	2020.9929657446182	BBF2	0.0
2022.4489046	2023.9869636452001	BBF3	0.0
2023.2032647468818	2024.9613348212454	BBF2	0.0
2025.725227181	2027.0396116030834	BBF3	0.0
2027.6416508959223	2029.3251538162556	BBF2	0.0
2028.323517542	2029.7469106063845	BBF3	0.0
2031.4526212019045	2033.1732446497508	BBF2	0.0
2031.648556401	2032.8538223139167	BBF3	0.0
2034.546427694	2035.8227236118182	BBF3	0.0
2037.285264779963	2039.0429486433266	BBF2	0.0
2037.678744982	2038.8879158364	BBF3	0.0
2040.56035952	2041.9834428855386	BBF3	0.0
2041.0729974621283	2043.1214568421283	BBF2	0.0
2043.602155154	2045.0952276594285	BBF3	0.0
2046.6035519305665	2048.041559867567	BBF2	0.0
2047.247665952	2048.7857249972	BBF3	0.0
2049.71739352204	2051.4754635964036	BBF2	0.0
2050.730196991	2052.093193793182	BBF3	0.0
2053.33125722	2054.7245047074002	BBF3	0.0
2055.3873737333793	2057.0708766537127	BBF2	0.0
2056.378494151	2057.6395628871664	BBF3	0.0
2059.089771092	2060.366067009818	BBF3	0.0
2059.59338364425	2061.3140070920963	BBF2	0.0
2061.897021711	2063.411271294	BBF3	0.0
2063.915581674206	2065.964041054206	BBF2	0.0
2065.009147842	2066.3235322640835	BBF3	0.0
2067.03094748	2068.4543405443846	BBF3	0.0
2068.9349084186706	2070.316750940004	BBF2	0.0
2070.16562237	2071.370888282917	BBF3	0.0
2072.4437896150325	2074.164413062879	BBF2	0.0
2072.998439678	2074.5364987232	BBF3	0.0
2076.129532804	2077.492529606182	BBF3	0.0
2077.277215368961	2078.9607182892946	BBF2	0.0
2078.687294108	2080.0805415954	BBF3	0.0
2080.646670822421	2082.5974189770877	BBF2	0.0
2081.914848254	2083.1911441718185	BBF3	0.0
2084.4344035045865	2086.1924735789503	BBF2	0.0
2084.747665562	2086.170748927538	BBF3	0.0
2088.695033942	2090.1881064474287	BBF3	0.0
2088.7566015345424	2090.194609471542	BBF2	0.0
2091.805630892	2093.0666996281666	BBF3	0.0
2092.8231857025116	2094.871645082512	BBF2	0.0
2094.363368201	2095.5686341139167	BBF3	0.0
2097.12214610865	2098.8427695564965	BBF2	0.0
2097.518563262	2098.8031349296666	BBF3	0.0
2100.750354723	2101.9595255773997	BBF3	0.0
2101.188730276619	2102.9464141399826	BBF2	0.0
2103.068098808	2104.5240137997	BBF3	0.0
2105.8130174161956	2107.5710874905594	BBF2	0.0
2106.27243314	2107.6656806274	BBF3	0.0
2109.412948377	2110.92719796	BBF3	0.0
2109.5775124745437	2111.261015394877	BBF2	0.0
2112.379244222	2113.9173032672	BBF3	0.0
2114.8059778333613	2116.3885488189067	BBF2	0.0
2116.14085409	2117.5642471543847	BBF3	0.0
2118.6169481393435	2120.6654075193437	BBF2	0.0
2119.182649724	2120.3879156369167	BBF3	0.0
2122.2139232	2123.4749919361666	BBF3	0.0
2122.8229580502143	2124.260965987214	BBF2	0.0
2124.801844712	2126.0781406298183	BBF3	0.0
2127.261344199255	2128.981967647101	BBF2	0.0
2127.448903508	2128.8719868735384	BBF3	0.0
2130.9328887623356	2132.883636917002	BBF2	0.0
2131.083270146	2132.3976545680835	BBF3	0.0
2133.764692916	2135.1579404034	BBF3	0.0
2136.5331561022244	2138.291226176588	BBF2	0.0
2136.940990781	2138.455240364	BBF3	0.0
2139.94116344	2141.3970784317	BBF3	0.0
2142.1566610659297	2143.840163986263	BBF2	0.0
2143.247358078	2144.610354880182	BBF3	0.0
2145.815776382	2147.3538354272	BBF3	0.0
2147.7336907820018	2149.454314229848	BBF2	0.0
2149.173722832	2150.3828936863997	BBF3	0.0
2151.2890472259974	2152.972550146331	BBF2	0.0
2151.527850626	2153.020923131429	BBF3	0.0
2154.430327376	2155.8534107415385	BBF3	0.0
2155.007067036712	2156.765137111076	BBF2	0.0
2157.982958918	2159.4063519823844	BBF3	0.0
2159.677829423922	2161.4355132872856	BBF2	0.0
2161.233732878	2162.5100287958185	BBF3	0.0
2163.5817502251725	2165.6302096051727	BBF2	0.0
2164.623825722	2165.884894458167	BBF3	0.0
2167.456201969	2168.661467881917	BBF3	0.0
2167.973661126579	2169.4116690635788	BBF2	0.0
2170.196581082	2171.5898285694	BBF3	0.0
2172.2726215327175	2173.9932449805638	BBF2	0.0
2173.797117006	2175.311366589	BBF3	0.0
2176.199779957785	2177.8832828781183	BBF2	0.0
2177.116085654	2178.6541446992	BBF3	0.0
2180.2431265019372	2182.001196576301	BBF2	0.0
2181.215180969	2182.5295653910835	BBF3	0.0
2184.035590226	2185.4589832903844	BBF3	0.0
2185.2159779987674	2187.166726153434	BBF2	0.0
2187.147045302	2188.6029602937	BBF3	0.0
2189.6311265239915	2191.3517499718378	BBF2	0.0
2192.812679918	2194.0972515856665	BBF3	0.0
2193.5118097014247	2195.09438068697	BBF2	0.0
2196.428749234	2197.6379200884	BBF3	0.0
2198.4846611982553	2200.5331205782554	BBF2	0.0
2199.917943002	2201.4560020472	BBF3	0.0
2203.1786612092824	2204.560503730616	BBF2	0.0
2203.345283228	2204.708280030182	BBF3	0.0
2206.8502057723626	2208.6082758467264	BBF2	0.0
2207.139305156	2208.3445710689166	BBF3	0.0
2209.995342278	2211.151293911	BBF3	0.0
2211.3815424166714	2213.065045337005	BBF2	0.0
2213.942710658	2215.3657940235385	BBF3	0.0
2216.075542427698	2217.7961658755444	BBF2	0.0
2217.37924313	2218.6403118661665	BBF3	0.0
2220.28171988	2221.5580157978184	BBF3	0.0
2220.7230671910916	2222.7715265710917	BBF2	0.0
2223.140456645	2224.654706228	BBF3	0.0
2225.184690963949	2226.6226989009488	BBF2	0.0
2226.458190404	2227.8514378914	BBF3	0.0
2228.9724236461147	2230.655926566448	BBF2	0.0
2229.476766224	2230.682032136917	BBF3	0.0
2232.773979812	2234.3120388572	BBF3	0.0
2233.201671180803	2234.9597412551666	BBF2	0.0
2237.8724335680126	2239.630117431376	BBF2	0.0
2241.342091178	2242.7651745435383	BBF3	
2243.896270718	2245.3196637823844	BBF3	
2244.9831464560043	2247.0316058360045	BBF2	0.0
2246.654881162	2247.9692655840836	BBF3	
2249.143948682	2250.420244599818	BBF3	
2249.258869238326	2250.696877175326	BBF2	0.0
2251.863366563	2253.377616146	BBF3	
2254.045819744621	2255.7664431924672	BBF2	
2254.902462554	2256.3583775457	BBF3	
2257.874598746	2259.2678462334	BBF3	
2258.6545012577076	2260.605249412374	BBF2	
2260.80029531	2262.0613640461665	BBF3	
2263.540233362	2264.9633167275383	BBF3	
2263.596483133394	2265.354553207758	BBF2	
2266.349830856	2267.842903361429	BBF3	
2268.313720768238	2269.9972236885715	BBF2	
2269.577385002	2270.940381804182	BBF3	
2271.922586216	2273.4606452612	BBF3	
2272.35706731239	2274.40552669239	BBF2	
2275.090811661	2276.2999825153997	BBF3	
2276.4933643518098	2277.9313722888096	BBF2	
2277.704319902	2279.1277129663845	BBF3	
2280.3972851530602	2282.1179086009065	BBF2	
2281.071192932	2282.2764588449168	BBF3	
2283.950449868	2285.226745785818	BBF3	
2284.8124336782835	2286.495936598617	BBF2	
2286.80648699	2288.0675557261666	BBF3	
2289.227582203507	2290.985652277871	BBF2	
2289.639304298	2291.0325517854	BBF3	
2292.913298072	2294.3363814375384	BBF3	
2296.5009584582176	2298.221581906064	BBF2	
2298.633118477	2300.14736806	BBF3	
2300.428116883285	2302.476576263285	BBF2	
2301.713607578	2303.2516666232	BBF3	1.0
2304.927495928	2306.2418803500836	BBF3	1.0
2305.3312555086645	2306.91382649421	BBF2	1.0
2307.518561078	2308.8031327456665	BBF3	1.0
2309.5837406671694	2311.341810741533	BBF2	1.0
2310.583576526	2311.7888424389166	BBF3	1.0
2313.346734392	2314.7399818794	BBF3	1.0
2313.673562458955	2315.3570653792885	BBF2	1.0
2316.365310212	2317.6416061298187	BBF3	0.0
2318.878790193956	2320.8295383486225	BBF2	0.0
2319.848282312	2321.271365677538	BBF3	0.0
2322.843638318	2324.336710823429	BBF3	0.0
2323.3404139668132	2325.0610374146595	BBF2	0.0
2325.838994324	2327.1000630601666	BBF3	0.0
2328.290027839827	2329.9735307601604	BBF2	1.0
2328.532492748	2329.9884077397	BBF3	1.0
2331.806486522	2333.2298795863844	BBF3	1.0
2332.4030872554295	2334.1611573297932	BBF2	1.0
2334.958903601	2336.1680744554	BBF3	1.0
2337.050612018823	2339.099071398823	BBF2	1.0
2337.19348337	2338.7315424152002	BBF3	1.0
2340.653235656	2342.016232458182	BBF3	1.0
2341.1636714344263	2342.54551395576	BBF2	1.0
2343.439613336	2344.7159092538186	BBF3	1.0
2345.7182457025515	2347.401748622885	BBF2	1.0
2346.48140897	2347.995658553	BBF3	1.0
2349.38388572	2350.806969085538	BBF3	1.0
2350.342532842127	2352.0631562899734	BBF2	1.0
2352.657879494	2354.0511269814	BBF3	1.0
2355.746114756	2356.951380668917	BBF3	1.0
2357.7785724635564	2359.53664253792	BBF2	1.0
2359.02010853	2360.2811772661667	BBF3	1.0
2362.124008117329	2364.0747562719957	BBF2	1.0
2362.456641002	2363.949713507429	BBF3	1.0
2366.055712172	2367.478795537538	BBF3	1.0
2368.6537804098966	2370.374403857743	BBF2	1.0
2369.669959941	2370.9843443630834	BBF3	1.0
2371.953544928	2373.4916039732	BBF3	1.0
2372.8133150731337	2374.496817993467	BBF2	1.0
2375.372697933	2376.886947516	BBF3	1.0
2377.3214140936248	2379.369873473625	BBF2	1.0
2378.64085136	2380.003848162182	BBF3	1.0
2381.357569598	2382.5239909908	BBF3	1.0
2384.56190393	2385.7671698429167	BBF3	1.0
2385.291919062844	2387.0496029262076	BBF2	1.0
2387.510820308	2388.787116225818	BBF3	1.0
2389.5211665975316	2391.241790045378	BBF2	1.0
2390.398603582	2391.6077744363997	BBF3	1.0
2393.083575668	2394.5394906597	BBF3	1.0
2394.145453737108	2395.728024722653	BBF2	1.0
2396.032492046	2397.4257395334	BBF3	1.0
2399.0253547386706	2401.0738141186707	BBF2	1.0
2399.631563216	2400.8926319521665	BBF3	1.0
2402.162522942	2403.5856063075385	BBF3	1.0
2405.1368498025327	2406.5748577395325	BBF2	1.0
2405.181098762	2406.674171267429	BBF3	1.0
2408.52954287981	2410.2876129541737	BBF2	1.0
2408.989148258	2410.503397841	BBF3	1.0
2411.798745752	2413.3368047972	BBF3	1.0
2412.5728894239624	2414.256392344296	BBF2	1.0
2415.316939213	2416.6313236350834	BBF3	1.0
2417.487600182	2418.7638960998183	BBF3	1.0
2418.568196368739	2420.288819816585	BBF2	1.0
2420.390076932	2421.5953428449166	BBF3	1.0
2422.8903943986948	2424.2722369200283	BBF2	1.0
2423.362213124	2424.7856061883845	BBF3	1.0
2426.659426712	2428.1974857572	BBF3	1.0
2427.607632033539	2429.6560914135393	BBF2	1.0
2430.049519556	2431.412516358182	BBF3	1.0
2432.696578352	2434.0898258394	BBF3	1.0
2434.2535924451913	2436.011276308555	BBF2	1.0
2435.900912684	2437.3568276757	BBF3	1.0
2438.389889484611	2440.147959558975	BBF2	1.0
2439.291005528	2440.5520742641665	BBF3	1.0
2442.309581348	2443.7326647135383	BBF3	1.0
2442.665612266933	2444.3491151872663	BBF2	1.0
2445.39781661	2446.8908891154288	BBF3	1.0
2447.2666617826917	2448.987285230538	BBF2	1.0
2448.58326165	2449.7924325044	BBF3	1.0
2451.2170578315763	2453.2655172115765	BBF2	1.0
2451.295649366	2452.8337084112	BBF3	1.0
2455.73063384	2456.9358997529166	BBF3	1.0
2456.1899093284073	2457.627917265407	BBF2	1.0
2458.470571892	2459.8939649563845	BBF3	1.0
2460.6282954774474	2462.579043632114	BBF2	1.0
2461.628466596	2462.9047625138182	BBF3	0.0
2465.2293449932067	2466.9874150675705	BBF2	0.0
2467.270881398	2468.785130981	BBF3	1.0
2469.969820251868	2471.6904436997143	BBF2	1.0
2472.123822524	2473.5797375157	BBF3	1.0
2474.9194341248817	2476.3012766462152	BBF2	1.0
2475.304937042	2476.5895087096665	BBF3	1.0
2477.998435466	2479.203701378917	BBF3	1.0
2479.8225727502613	2481.580642824625	BBF2	1.0
2480.784813146	2482.3228721912	BBF3	1.0
2483.447642065708	2485.1311449860414	BBF2	1.0
2484.499983386	2485.761052122167	BBF3	1.0
2487.356020508	2488.6323164258183	BBF3	1.0
2489.9309391106412	2491.6515625584875	BBF2	1.0
2490.21205763	2491.635140995538	BBF3	1.0
2493.57893066	2494.9721781474	BBF3	1.0
2493.579246049905	2495.3369299132687	BBF2	1.0
2496.760045178	2497.9653110909167	BBF3	1.0
2499.063325270709	2500.8213953450727	BBF2	1.0
2499.894720068	2501.4327791132	BBF3	1.0
2502.4560183479857	2503.8940262849856	BBF2	1.0
2503.424131796	2504.9172043014287	BBF3	1.0
2505.825473801446	2507.8739331814463	BBF2	1.0
2506.907103896	2508.270100698182	BBF3	1.0
2510.088218414	2511.364514331818	BBF3	1.0
2512.494671836915	2514.1781747572486	BBF2	1.0
2513.617630142	2515.0108776294	BBF3	1.0
2516.705865404	2518.220114987	BBF3	1.0
2518.5829292769604	2520.3035527248067	BBF2	1.0
2520.235277132	2521.6911921237	BBF3	1.0
2522.905127306916	2524.8558754615824	BBF2	1.0
2523.578930348	2525.0023234123846	BBF3	1.0
2526.832285731983	2528.590355806347	BBF2	1.0
2527.224441146	2528.6475245115384	BBF3	1.0
2530.777072688	2532.0381414241665	BBF3	1.0
2531.2474342572064	2532.93093717754	BBF2	1.0
2533.493790926	2535.0318499712002	BBF3	1.0
2535.778770901515	2537.4993943493614	BBF2	1.0
2537.307482632	2538.5166534863997	BBF3	1.0
2540.111437916	2541.3167038289166	BBF3	1.0
2540.426295664908	2542.4747550449083	BBF2	1.0
2542.781716526	2544.1749640134	BBF3	1.0
2545.213246171203	2546.651254108203	BBF2	1.0
2546.032490486	2547.308786403818	BBF3	1.0
2549.30648426	2550.820733843	BBF3	1.0
2549.6981075678773	2551.3816104882108	BBF2	1.0
2552.67335729	2554.1292722816997	BBF3	1.0
2555.4145630268513	2556.796405548185	BBF2	1.0
2556.434967158	2557.9280396634285	BBF3	1.0
2559.202295709016	2561.2507550890164	BBF2	1.0
2559.52320242	2560.9462857855383	BBF3	1.0
2562.704316938	2564.1277100023844	BBF3	1.0
2563.2456422531686	2565.0037123275324	BBF2	1.0
2565.931871084	2567.4699301292	BBF3	1.0
2566.6848105780796	2568.442494441443	BBF2	1.0
2569.62382151	2570.829087422917	BBF3	1.0
2572.168889798884	2573.88951324673	BBF2	1.0
2573.130013424	2574.493010226182	BBF3	1.0
2576.12536943	2577.6634284752	BBF3	1.0
2576.7699393146427	2578.7206874693093	BBF2	1.0
2579.515462274	2580.8000339416667	BBF3	1.0
2582.812675862	2584.0737445981667	BBF3	1.0
2583.253236359576	2584.691244296576	BBF2	1.0
2585.76159224	2587.037888157818	BBF3	1.0
2587.8078106277017	2589.491313548035	BBF2	1.0
2589.035586014	2590.4288335014	BBF3	1.0
2592.1067710338402	2593.864841108204	BBF2	1.0
2592.541777928	2593.9648612935384	BBF3	1.0
2595.9642165874566	2597.546787573002	BBF2	1.0
2595.9783104	2597.4713829054285	BBF3	1.0
2599.530941942	2601.0690009872	BBF3	1.0
2599.891375012524	2601.61199846037	BBF2	1.0
2603.315771624	2604.7391646883843	BBF3	1.0
2604.422711656832	2606.471171036832	BBF2	1.0
2606.705864468	2608.220114051	BBF3	1.0
2609.163186915493	2610.601194852493	BBF2	1.0
2610.119177126	2611.5750921177	BBF3	1.0
2613.648588854	2615.0418363414	BBF3	1.0
2613.996612669422	2615.754682743786	BBF2	1.0
2617.061901512	2618.267167424917	BBF3	1.0
2617.412543370516	2619.0960462908492	BBF2	1.0
2620.335895286	2621.612191203818	BBF3	1.0
2623.8420872	2625.103155936167	BBF3	1.0
2626.0104641827934	2627.7310876306396	BBF2	1.0
2626.883882834	2628.3069661995382	BBF3	1.0
2629.5193453791553	2631.470093533822	BBF2	1.0
2630.57583326	2631.9992263243844	BBF3	1.0
2634.244563872	2635.7826229172	BBF3	1.0
2634.8407612332403	2636.598831307604	BBF2	1.0
2637.829487835	2639.0386586893997	BBF3	1.0
2639.697424610986	2641.7458839909864	BBF2	1.0
2641.280167514	2642.7732400194286	BBF3	1.0
2644.251998879112	2645.6900068161117	BBF2	1.0
2644.786359428	2645.991625340917	BBF3	1.0
2647.921034318	2649.1973302358183	BBF3	1.0
2648.5974345328846	2650.318057980731	BBF2	1.0
2651.311127162	2652.674123964182	BBF3	1.0
2653.523810782081	2655.2073137024145	BBF2	1.0
2655.003077588	2656.3963250754	BBF3	1.0
2658.43961006	2659.953859643	BBF3	1.0
2658.7755137647155	2660.533197628079	BBF2	1.0
2661.969021788	2663.4249367797	BBF3	1.0
2662.6794345659655	2664.4375046403293	BBF2	1.0
2666.032489238	2667.2935579741666	BBF3	1.0
2668.1635137867697	2669.6015217237696	BBF2	1.0
2669.051065058	2670.4744581223845	BBF3	1.0
2672.555424688176	2674.6038840681763	BBF2	1.0
2673.369950462	2674.7930338275382	BBF3	1.0
2676.645246479962	2678.3658699278085	BBF2	1.0
2676.876142376	2678.1607140436668	BBF3	1.0
2680.027981361	2681.3423657830836	BBF3	1.0
2681.1533455004537	2682.836848420787	BBF2	1.0
2683.075832714	2684.6138917592	BBF3	1.0
2686.88388221	2688.2771296974	BBF3	1.0
2688.5196722504315	2690.2777423247953	BBF2	1.0
2690.552612822	2691.7578787349166	BBF3	1.0
2692.307404932597	2693.6892474539304	BBF2	1.0
2693.826606596	2695.319679101429	BBF3	1.0
2695.909236624227	2697.9576960042273	BBF2	0.0
2697.077380556	2698.5004639215385	BBF3	0.0
2699.6737316825756	2701.1117396195755	BBF2	0.0
2700.792550796	2702.068846713818	BBF3	0.0
2703.2058505027544	2704.9264739506007	BBF2	0.0
2704.06654457	2705.580794153	BBF3	1.0
2706.9935831849193	2708.944331339586	BBF2	1.0
2707.386977972	2708.8103710363844	BBF3	1.0
2710.823510444	2712.2794254357	BBF3	1.0
2711.339018838692	2713.097088913056	BBF2	0.0
2714.469021242	2715.8622687294	BBF3	0.0
2715.661216868648	2717.3447197889814	BBF2	0.0
2717.905553714	2719.1666224501664	BBF3	0.0
2720.5178802463934	2722.2385036942396	BBF2	0.0
2721.040228604	2722.463311969538	BBF3	0.0
2724.26778275	2725.544078667818	BBF3	0.0
2724.491513919095	2726.2491977824584	BBF2	0.0
2727.611435966	2728.816701878917	BBF3	0.0
2729.650266406461	2731.698725786461	BBF2	0.0
2731.419485462	2732.782482264182	BBF3	0.0
2733.856276317332	2735.6143463916956	BBF2	0.0
2734.507720724	2736.0457797692	BBF3	0.0
2737.5278208804125	2738.909663401746	BBF2	0.0
2738.222890964	2739.6462840283843	BBF3	0.0
2741.292315938761	2742.9758188590945	BBF2	0.0
2742.04431472	2743.2534855743997	BBF3	0.0
2744.93341721	2746.3893322016997	BBF3	0.0
2745.544801097266	2747.265424545112	BBF2	0.0
2748.41638931	2749.7009609776665	BBF3	0.0
2750.4479397226455	2752.398687877312	BBF2	1.0
2751.992240666	2753.268536583818	BBF3	1.0
2755.072226862222	2756.830296936586	BBF2	0.0
2755.243014626	2756.6362621134	BBF3	1.0
2758.7437714253024	2760.181779362302	BBF2	1.0
2758.795646168	2760.0567149041667	BBF3	1.0
2762.11607957	2763.539162935538	BBF3	1.0
2764.1813753984725	2766.2298347784727	BBF2	1.0
2765.784810182	2767.2778826874287	BBF3	1.0
2768.2247219426245	2769.606564463958	BBF2	1.0
2769.105243584	2770.310509496917	BBF3	0.0
2771.942741753339	2773.663365201185	BBF2	0.0
2772.402457172	2773.9405162172	BBF3	0.0
2775.8001873069556	2777.5578711703192	BBF2	0.0
2776.391046094	2777.7054305160837	BBF3	0.0
2779.438060814	2780.714356731818	BBF3	0.0
2780.122385336911	2781.880455411275	BBF2	0.0
2783.060351798	2784.4837448623844	BBF3	0.0
2785.2114249528263	2786.8949278731598	BBF2	0.0
2786.752302224	2788.0133709601664	BBF3	0.0
2789.533622982782	2791.5820823627823	BBF2	0.0
2789.8637573	2791.2868406655384	BBF3	0.0
2793.486048284	2794.8792957714	BBF3	0.0
2795.5754051751933	2797.013413112193	BBF2	0.0
2797.433416664	2798.638682576917	BBF3	0.0
2799.6419893431625	2801.362612791009	BBF2	0.0
2800.77706988	2802.3151289252	BBF3	0.0
2803.220583410975	2805.1713315656416	BBF2	0.0
2804.747658074	2806.2407305794286	BBF3	0.0
2807.333642826578	2809.0917129009417	BBF2	0.0
2808.520437001	2809.7296078554	BBF3	0.0
2811.2143260040116	2812.897828924345	BBF2	0.0
2811.713602274	2813.1695172657	BBF3	1.0
2815.893168794	2817.2561655961817	BBF3	1.0
2816.4195537390115	2817.801396260345	BBF2	1.0
2819.00462387	2820.2891955376667	BBF3	1.0
2819.9516725591902	2822.0001319391904	BBF2	1.0
2822.325057272	2823.839306855	BBF3	0.0
2825.31956366091	2827.040187108756	BBF2	1.0
2825.715150116	2826.9914460338186	BBF3	1.0
2829.198122216	2830.621205581538	BBF3	1.0
2830.4086032768255	2831.991174262371	BBF2	1.0
2832.959732084	2834.2208008201665	BBF3	0.0
2833.685108235017	2835.7335676150174	BBF2	0.0
2836.024747532	2837.5628065772003	BBF3	0.0
2839.145949832004	2840.8294527523376	BBF2	0.0
2840.227533866	2841.6207813534	BBF3	0.0
2842.887207266536	2844.3252152035357	BBF2	0.0
2845.057255178	2846.262521090917	BBF3	0.0
2847.488256782295	2849.246326856659	BBF2	0.0
2848.308029138	2849.801101643429	BBF3	1.0
2851.066850850108	2852.8245347134716	BBF2	1.0
2851.97675975	2853.4326747417	BBF3	1.0
2855.436512036	2856.8599051003844	BBF3	1.0
2856.2256033374742	2857.9462267853205	BBF2	0.0
2859.230227412	2860.4393982664	BBF3	0.0
2861.2914053295726	2862.974908249906	BBF2	0.0
2862.448895864	2863.7251917818185	BBF3	0.0
2865.613603359528	2867.371673433892	BBF2	0.0
2865.746109452	2867.260359035	BBF3	0.0
2869.27552118	2870.6986045455383	BBF3	1.0
2869.285147922609	2871.235896077276	BBF2	0.0
2872.781713094	2874.1749605814002	BBF3	1.0
2873.560870704931	2875.609330084931	BBF2	1.0
2876.218245566	2877.4793143021666	BBF3	1.0
2879.7885538878772	2881.1703964092108	BBF2	1.0
2880.095954504	2881.6340135492	BBF3	1.0
2883.5530489462258	2885.273672394072	BBF2	1.0
2884.25230121	2885.4575671229168	BBF3	0.0
2887.061930142588	2888.7454330629216	BBF2	0.0
2888.31576866	2889.7391617243843	BBF3	0.0
2890.8729004485704	2892.630970522934	BBF2	0.0
2892.4777157	2893.7921001220834	BBF3	0.0
2894.8930093689055	2896.475580354451	BBF2	0.0
2895.74610914	2897.022405057818	BBF3	0.0
2898.146276703281	2900.194736083281	BBF2	0.0
2899.089762356	2900.4830098434	BBF3	0.0
2902.549514642	2903.972598007538	BBF3	0.0
2902.7240885952233	2904.162096532223	BBF2	0.0
2906.404003766	2907.897076271429	BBF3	0.0
2906.4885836535714	2908.2092071014176	BBF2	0.0
2909.91019568	2911.4482547252	BBF3	0.0
2910.926969802612	2912.6104727229454	BBF2	1.0
2913.62536592	2914.830631832917	BBF3	0.0
2915.6674450612727	2917.4255151356365	BBF2	0.0
2916.806480438	2918.0675491741667	BBF3	0.0
2920.544870492	2921.8294421596665	BBF3	0.0
2922.406355968193	2924.1269794160394	BBF2	0.0
2924.120721848	2925.5766368397	BBF3	0.0
2926.6356035028807	2928.5863516575473	BBF2	0.0
2927.90555153	2929.268548332182	BBF3	0.0
2930.7486629184837	2932.5067329928474	BBF2	0.0
2931.063446234	2932.3397421518184	BBF3	0.0
2933.989142798	2935.4122261635384	BBF3	0.0
2936.13979164402	2937.8232945643535	BBF2	0.0
2937.42567527	2938.8189227574	BBF3	1.0
2940.787316407413	2942.5079398552593	BBF2	1.0
2941.001526626	2942.5157762090003	BBF3	1.0
2944.670257238	2946.2083162832	BBF3	1.0
2945.574266913708	2947.622726293708	BBF2	1.0
2948.664065246	2950.0874583103846	BBF3	0.0
2949.8964649436634	2951.3344728806633	BBF2	0.0
2952.05415809	2953.2594240029166	BBF3	0.0
2954.427801587972	2956.185871662336	BBF2	0.0
2955.281712236	2956.542780972167	BBF3	0.0
2958.447910508307	2960.1314134286404	BBF2	1.0
2958.532486196	2959.955569561538	BBF3	1.0
2961.899359226	2963.3924317314286	BBF3	1.0
2962.8862966573474	2964.9347560373476	BBF2	1.0
2965.730628536	2967.2686875812	BBF3	1.0
2967.99857389708	2969.3804164184135	BBF2	1.0
2969.487768077	2970.6969389314	BBF3	0.0
2972.3207719270354	2974.0413953748816	BBF2	0.0
2972.766232178	2974.2221471697	BBF3	1.0
2976.481402418	2977.844399220182	BBF3	1.0
2977.479524414402	2979.2372082777656	BBF2	0.0
2979.639297122	2981.0325446094	BBF3	0.0
2981.8481976919916	2983.6062677663554	BBF2	0.0
2983.377687176	2984.891936759	BBF3	0.0
2985.914781859961	2987.5982847802943	BBF2	1.0
2986.976758346	2988.2530542638187	BBF3	0.0
2990.1207917708316	2991.5587997078314	BBF2	0.0
2990.25075212	2991.6738354855383	BBF3	0.0
2993.896262918	2995.3196559823846	BBF3	0.0
2993.931762076814	2995.65238552466	BBF2	0.0
2997.425674646	2998.630940558917	BBF3	0.0
2997.6033066398945	2999.554054794561	BBF2	1.0
3000.838987304	3002.3770463492	BBF3	1.0
3001.8557917983994	3003.9042511783996	BBF2	0.0
3004.809575498	3006.0706442341666	BBF3	0.0
3006.6427423046944	3008.400812379058	BBF2	0.0
3008.338987226	3009.7620705915383	BBF3	0.0
3011.3135046919047	3012.695347213238	BBF2	0.0
3011.612981	3013.106053505429	BBF3	0.0
3015.3800888598735	3017.063591780207	BBF2	0.0
3015.386003631	3016.5951744854	BBF3	0.0
3018.393166688	3019.8490816797	BBF3	0.0
3021.4451086761014	3023.1657321239477	BBF2	0.0
3022.30183299	3023.6162174120836	BBF3	0.0
3025.31267126	3026.5972429276667	BBF3	0.0
3025.651118586972	3027.089126523972	BBF2	0.0
3028.656324476	3030.170574059	BBF3	0.0
3030.786633450522	3032.544703524886	BBF2	0.0
3032.255395646	3033.7934546912	BBF3	0.0
3034.853217618491	3036.5367205388243	BBF2	0.0
3036.133104584	3037.5564976483847	BBF3	0.0
3039.2916037675313	3041.0122272153776	BBF2	0.0
3039.871494638	3041.076760550917	BBF3	0.0
3043.19192804	3044.4682239578187	BBF3	0.0
3043.4279008069516	3045.010471792497	BBF2	0.0
3046.814219024	3048.177215826182	BBF3	0.0
3047.0529701223977	3049.101429502398	BBF2	0.0
3049.948893914	3051.3421414014	BBF3	0.0
3052.327910728849	3054.2786588835156	BBF2	0.0
3053.501525456	3054.924608821538	BBF3	0.0
3056.8592473731574	3058.617317447521	BBF2	0.0
3057.773971232	3059.0350399681665	BBF3	0.0
3060.769327238	3062.0456231558182	BBF3	0.0
3060.9723067887608	3062.6558097090942	BBF2	0.0
3064.32195878	3065.7453518443845	BBF3	0.0
3066.804950366819	3068.525573814665	BBF2	0.0
3068.176447904	3069.690697487	BBF3	0.0
3071.289811763493	3072.727819700493	BBF2	0.0
3071.682639818	3073.1385548097	BBF3	0.0
3075.421029872	3076.8142773594	BBF3	0.0
3075.6817226648996	3077.7301820448997	BBF2	0.0
3079.507717136	3081.0457761812	BBF3	0.0
3079.81801970432	3081.5757035676834	BBF2	0.0
3083.455085516	3084.818082318182	BBF3	0.0
3083.9543167437396	3085.7123868181034	BBF2	0.0
3086.61298022	3088.1060527254285	BBF3	0.0
3088.462415764231	3090.1459186845645	BBF2	0.0
3090.281710832	3091.7047941975384	BBF3	0.0
3092.7613761703697	3094.481999618216	BBF2	0.0
3094.016659023	3095.2258298774	BBF3	0.0
3097.1765246955933	3099.12727285026	BBF2	0.0
3097.595952242	3099.0193453063844	BBF3	0.0
3101.0092649	3102.2145308129166	BBF3	0.0
3103.7295346119777	3105.4876046863415	BBF2	0.0
3104.306478488	3105.582774405818	BBF3	0.0
3107.85911003	3109.1201787661666	BBF3	0.0
3110.37549502363	3112.0589979439633	BBF2	0.0
3111.4581812	3112.8514286874	BBF3	0.0
3114.7441683012194	3116.126010822553	BBF2	1.0
3115.28945051	3116.803700093	BBF3	0.0
3118.911741494	3120.3676564857	BBF3	0.0
3119.019891083541	3121.0683504635413	BBF2	0.0
3122.301834338	3123.5864060056665	BBF3	0.0
3126.829698068	3128.2527814335385	BBF3	0.0
3127.0833465480287	3128.5213544850285	BBF2	0.0
3130.243010726	3131.398962359	BBF3	0.0
3130.8478416063767	3132.568465054223	BBF2	0.0
3133.911741338	3135.4498003832	BBF3	0.0
3134.7750000314436	3136.357571016989	BBF2	0.0
3137.967665324	3139.2820497460834	BBF3	0.0
3139.283099051935	3141.3315584319353	BBF2	0.0
3141.504620516	3142.9280135803847	BBF3	0.0
3143.5355842104404	3145.293268073804	BBF2	0.0
3145.173351128	3146.449647045818	BBF3	0.0
3148.299297092918	3150.057367167282	BBF2	0.0
3148.331245832	3149.536511744917	BBF3	0.0
3151.837437746	3153.2306852334	BBF3	0.0
3152.2264555179854	3153.909958438319	BBF2	0.0
3155.668707056	3156.9297757921668	BBF3	0.0
3157.78024761024	3159.5008710580864	BBF2	0.0
3158.82660176	3160.2496851255382	BBF3	0.0
3162.0792080163787	3164.0299561710453	BBF2	0.0
3162.427461599	3163.7904584011817	BBF3	0.0
3166.424643670152	3168.1827137445157	BBF2	0.0
3166.651679078	3168.1897381232	BBF3	1.0
3170.78480597	3172.299055553	BBF3	1.0
3170.839792195375	3172.5232951157086	BBF2	1.0
3174.825053606	3176.2809685977	BBF3	0.0
3177.5554654784783	3178.9373079998118	BBF2	0.0
3178.44734459	3179.8707376543844	BBF3	0.0
3181.2967229130095	3183.3451822930097	BBF2	0.0
3182.245301221	3183.4544720753997	BBF3	0.0
3185.227530278	3186.7655893232	BBF3	0.0
3187.5708813435904	3189.2915047914366	BBF2	0.0
3189.964372334	3191.1696382469167	BBF3	0.0
3192.4972575927873	3194.0798285783326	BBF2	0.0
3193.65632276	3194.812274393	BBF3	0.0
3196.2849902749526	3198.0430603493164	BBF2	0.0
3198.834341282	3200.2574246475383	BBF3	0.0
3201.6296437528545	3203.313146673188	BBF2	0.0
3202.665610592	3204.0588580794	BBF3	0.0
3206.125362878	3207.3864316141667	BBF3	0.0
3206.788396240221	3208.5090196880674	BBF2	0.0
3209.56189535	3210.8381912678187	BBF3	0.0
3211.714772489418	3213.4724563527816	BBF2	0.0
3213.207406148	3214.6307992123843	BBF3	0.0
3215.9440200241056	3217.992479404106	BBF2	0.0
3217.144799771	3218.4591841930837	BBF3	0.0
3220.6612576589496	3222.0992655959494	BBF2	0.0
3220.753845698	3222.2919047432	BBF3	0.0
3224.515455566	3225.720721478917	BBF3	0.0
3224.9834556889055	3226.7415257632692	BBF2	0.0
3228.648582458	3230.1416549634287	BBF3	0.0
3231.977980457812	3233.9287286124786	BBF2	0.0
3232.177994186	3233.6010775515383	BBF3	0.0
3235.869944612	3237.2631920994	BBF3	0.0
3238.2986141360266	3240.019237583873	BBF2	0.0
3239.817312992	3241.331562575	BBF3	1.0
3243.253845464	3244.530141381818	BBF3	0.0
3243.48060424721	3245.1641071675435	BBF2	1.0
3246.969015704	3248.332012506182	BBF3	0.0
3248.2443171296886	3250.0023872040524	BBF2	0.0
3250.405548176	3251.9436072212	BBF3	0.0
3253.170693378885	3254.8541962992185	BBF2	0.0
3258.20740568	3259.412671592917	BBF3	0.0
3258.840673590225	3260.561297038071	BBF2	0.0
3262.061894804	3263.4852878683846	BBF3	0.0
3265.579584497145	3267.3372683605085	BBF2	0.0
3266.287900952	3267.7438159437	BBF3	0.0
3270.0644458938195	3272.1129052738197	BBF2	0.0
3270.28170896	3271.5662806276664	BBF3	0.0
3274.343293721	3275.5524645754	BBF3	0.0
3274.4795944190428	3275.8614369403763	BBF2	0.0
3277.874588138	3279.030539771	BBF3	0.0
3281.125554830695	3282.846178278541	BBF2	0.0
3281.845176332	3283.2682596975383	BBF3	0.0
3285.5407033559186	3287.491451510585	BBF2	0.0
3286.164061736	3287.5573092234	BBF3	0.0
3289.972111232	3291.2331799681665	BBF3	0.0
3290.3508914860304	3292.108961560394	BBF2	0.0
3293.38542389	3294.6617198078184	BBF3	0.0
3295.742020211567	3297.4255231319003	BBF2	0.0
3297.239913014	3298.7541625970002	BBF3	0.0
3300.226881608241	3301.9475050560873	BBF2	0.0
3300.885423812	3302.3413388037	BBF3	1.0
3304.618792509648	3306.201363495193	BBF2	1.0
3304.972111076	3306.335107878182	BBF3	1.0
3308.455083176	3309.9931422212	BBF3	1.0
3308.7318519252503	3310.7803113052505	BBF2	1.0
3312.564990254	3313.9883833183844	BBF3	0.0
3314.425069760407	3315.863077697407	BBF2	0.0
3316.280160494	3317.4854264069168	BBF3	0.0
3319.0261192761664	3320.78418935053	BBF2	0.0
3320.413287386	3321.836370751538	BBF3	0.0
3323.4877430490237	3325.171245969357	BBF2	0.0
3324.221336882	3325.6145843694	BBF3	0.0
3327.727528796	3328.9885975321668	BBF3	0.0
3328.367644050587	3330.088267498433	BBF2	0.0
3330.8854235	3332.161719417818	BBF3	0.0
3333.2707826759665	3335.02846653933	BBF2	0.0
3335.041770206	3336.2470361189166	BBF3	0.0
3337.5929807059224	3339.351050780286	BBF2	0.0
3339.058798028	3340.5968570732	BBF3	0.0
3342.1010797264134	3343.784582646747	BBF2	0.0
3343.400903246	3344.8242963103844	BBF3	0.0
3346.6788916183555	3348.7273509983556	BBF2	0.0
3347.414903675	3348.6240745294	BBF3	0.0
3350.297188004	3351.7531029957	BBF3	1.0
3351.256703510298	3352.6385460316314	BBF2	1.0
3354.672634211392	3356.3932576592383	BBF2	1.0
3354.894711176	3356.1792828436664	BBF3	1.0
3358.4138916459233	3360.36463980059	BBF2	1.0
3358.86529937	3360.379548953	BBF3	1.0
3362.673348866	3364.0665963534	BBF3	0.0
3363.87473324291	3365.9231926229104	BBF2	0.0
3366.225980408	3367.6490637735383	BBF3	0.0
3369.4517629589823	3370.833605480316	BBF2	0.0
3370.289447858	3371.782520363429	BBF3	0.0
3373.588059998402	3375.346130072766	BBF2	0.0
3373.934958656	3375.4730177012	BBF3	0.0
3377.719788338	3379.082785140182	BBF3	0.0
3378.1193966427104	3379.802899563044	BBF2	0.0
3381.15632081	3382.4326167278186	BBF3	0.0
3383.5570006158805	3385.2776240637268	BBF2	0.0
3384.732172166	3385.937438078917	BBF3	0.0
3387.8327233982022	3389.2145659195357	BBF2	0.0
3388.517001848	3389.9403949123844	BBF3	0.0
3391.8528323185374	3393.9012916985375	BBF2	0.0
3392.325051344	3393.748134709538	BBF3	0.0
3396.225980096	3397.6192275834	BBF3	0.0
3396.4306442104794	3398.188328073843	BBF2	0.0
3399.987589964	3401.2486587001667	BBF3	0.0
3403.33124318	3404.7871581717	BBF3	0.0
3403.4019313555696	3405.1600014299333	BBF2	0.0
3407.5108097	3409.003882205429	BBF3	0.0
3407.9797432475116	3409.663246167845	BBF2	0.0
3411.57947824	3412.8938626620834	BBF3	0.0
3412.8364066252575	3414.5570300731038	BBF2	0.0
3414.778611482	3416.3166705272	BBF3	0.0
3417.4142185172	3419.3649666718666	BBF2	0.0
3419.46901391	3420.8924069743844	BBF3	0.0
3422.2244066473118	3423.9824767216755	BBF2	0.0
3423.18418415	3424.3894500629167	BBF3	0.0
3426.922574204	3428.198870121818	BBF3	0.0
3429.3118819114866	3430.894452897032	BBF2	0.0
3430.800283142	3432.1935306294	BBF3	0.0
3433.6108423176247	3435.659301697625	BBF2	0.0
3434.56189301	3436.076142593	BBF3	0.0
3438.068084924	3439.491168289538	BBF3	0.0
3438.2351294572013	3439.992813320565	BBF2	0.0
3442.2784760013533	3443.9990994491995	BBF2	0.0
3443.130004376	3444.6680634212003	BBF3	0.0
3447.21669164	3448.579688442182	BBF3	0.0
3448.854723541555	3450.5382264618884	BBF2	0.0
3450.769323182	3452.1625706694	BBF3	0.0
3453.5951988002153	3455.353268874579	BBF2	0.0
3454.53093305	3455.7361989629167	BBF3	0.0
3458.149773068341	3459.5877810053407	BBF2	0.0
3458.617620314	3459.8939162318184	BBF3	0.0
3462.239594860127	3464.288054240127	BBF2	0.0
3462.263131112	3463.5241998481665	BBF3	0.0
3465.583564514	3467.0066478795384	BBF3	0.0
3468.2581394287213	3469.9787628765675	BBF2	0.0
3469.554152708	3471.0472252134286	BBF3	0.0
3472.2085354776054	3474.159283632272	BBF2	0.0
3473.501521088	3475.0395801332	BBF3	0.0
3477.111674102985	3478.7951770233185	BBF2	0.0
3478.21514333	3479.6385363943846	BBF3	0.0
3481.5965354996597	3483.3546055740235	BBF2	0.0
3482.208951338	3483.414217250917	BBF3	0.0
3486.10988009	3487.5031275774	BBF3	0.0
3488.7304860114677	3490.413988931801	BBF2	0.0
3490.40554568	3491.666614416167	BBF3	0.0
3493.2618226557765	3494.982446103623	BBF2	0.0
3493.725979082	3495.1818940737	BBF3	0.0
3497.905545602	3499.1147164564	BBF3	0.0
3498.513525638411	3499.951533575411	BBF2	0.0
3501.109879934	3502.3861758518187	BBF3	0.0
3503.8814167401297	3505.6394868144935	BBF2	0.0
3504.662511476	3506.176761059	BBF3	0.0
3508.191923204	3509.7299822492	BBF3	1.0
3508.505703879706	3510.088274865251	BBF2	1.0
3512.185731212	3513.6091242763846	BBF3	1.0
3512.7814266620276	3514.8298860420277	BBF2	1.0
3516.365297732	3517.788381097538	BBF3	1.0
3519.4273870736797	3521.148010521526	BBF2	1.0
3520.850817643	3522.213814445182	BBF3	1.0
3523.9122484703544	3525.862996625021	BBF2	1.0
3524.213594864	3525.7516539092	BBF3	1.0
3528.625359524	3529.8306254369168	BBF3	0.0
3531.0694366059797	3532.8275066803435	BBF2	0.0
3532.108331624	3533.601404129429	BBF3	0.0
3535.74019899319	3537.4237019135235	BBF2	0.0
3535.939600934	3537.2006696701665	BBF3	0.0
3539.352913592	3540.6374852596664	BBF3	0.0
3540.132109894597	3541.852733342443	BBF2	0.0
3542.88232532	3544.305408685538	BBF3	0.0
3543.7107039624093	3545.468387825773	BBF2	0.0
3546.736814444	3548.0131103618187	BBF3	0.0
3549.1250703117626	3551.1735296917627	BBF2	0.0
3550.382325242	3551.8965748250002	BBF3	0.0
3554.26003418	3555.6834272443843	BBF3	0.0
3556.5378723093745	3558.221375229708	BBF2	0.0
3558.393161072	3559.8490760637	BBF3	0.0
3561.8360505396427	3563.217893060976	BBF2	0.0
3562.131551126	3563.5247986134	BBF3	0.0
3565.800281738	3567.163278540182	BBF3	0.0
3565.856159459978	3567.6142295343416	BBF2	0.0
3569.074275512	3570.6123345572	BBF3	0.0
3571.9908921476567	3573.67439506799	BBF2	0.0
3573.419914609	3574.6290854634	BBF3	0.0
3576.1039515632597	3577.824575011106	BBF2	0.0
3576.504615992	3577.6605676249997	BBF3	0.0
3580.057247534	3581.2625134469167	BBF3	0.0
3580.4493872170324	3582.400135371699	BBF2	0.0
3584.260033868	3585.5363297858185	BBF3	0.0
3586.723545647613	3588.4816157219766	BBF2	0.0
3587.766225782	3589.1893091475386	BBF3	0.0
3590.929555558484	3592.367563495484	BBF2	0.0
3592.038671558	3593.4620646223843	BBF3	0.0
3595.809456560047	3597.857915940047	BBF2	0.0
3596.05569938	3597.569948963	BBF3	0.0
3600.072727202	3601.5286421937	BBF3	1.0
3602.9434070718553	3604.325249593189	BBF2	0.0
3604.275513536	3605.6687610234	BBF3	0.0
3607.312080349445	3609.032703797291	BBF2	0.0
3608.571179126	3609.776445038917	BBF3	0.0
3611.5645655079493	3613.2480684282827	BBF2	0.0
3612.42566825	3613.6867369861666	BBF3	0.0
3616.25693756	3617.5332334778186	BBF3	0.0
3616.6071298762313	3618.365199950595	BBF2	0.0
3620.536750055	3621.8511344770836	BBF3	0.0
3622.160921968486	3623.9186058318496	BBF2	0.0
3623.896256366	3625.4343154112003	BBF3	0.0
3626.5295952460756	3628.250218693922	BBF2	0.0
3627.885996499	3629.0951673534	BBF3	0.0
3631.00151945	3632.494591955429	BBF3	0.0
3631.3862586238215	3633.4347180038217	BBF2	0.0
3634.972107644	3636.3951910095384	BBF3	0.0
3637.6139418067683	3639.051949743768	BBF2	0.0
3639.01235528	3640.4357483443846	BBF3	0.0
3642.65650617505	3644.4145762494136	BBF2	0.0
3642.750745334	3643.9560112469167	BBF3	1.0
3646.953531668	3648.3467791554	BBF3	1.0
3647.1181299479076	3648.875813811271	BBF2	1.0
3650.73836135	3652.0146572678186	BBF3	0.0
3651.0220507491576	3652.742674197004	BBF2	1.0
3654.430311776	3655.944561359	BBF3	0.0
3656.7849814557653	3658.468484376099	BBF2	0.0
3658.609878296	3660.0657932876998	BBF3	0.0
3662.417927792	3663.7024994596663	BBF3	0.0
3662.966189391078	3664.7242594654417	BBF2	0.0
3666.29563673	3667.6586335321817	BBF3	0.0
3666.8003973208774	3668.751145475544	BBF2	0.0
3669.43031162	3670.9683706652	BBF3	0.0
3671.982387432061	3673.703010879907	BBF2	0.0
3673.37768	3674.582945912917	BBF3	0.0
3677.20894931	3678.6021967974	BBF3	0.0
3677.234090414695	3679.282549794695	BBF2	0.0
3680.92411955	3682.347202915538	BBF3	0.0
3683.508248845276	3685.2663189196396	BBF2	0.0
3684.63928979	3685.9003585261667	BBF3	0.0
3687.8304468752317	3689.513949795565	BBF2	1.0
3687.913283564	3689.1895794818183	BBF3	1.0
3691.582014176	3693.096263759	BBF3	1.0
3692.222357776638	3693.660365713638	BBF2	
3695.738360882	3697.1617539463846	BBF3	1.0
3699.755388704	3701.2934477492	BBF3	0.0
3717.839854113055	3719.597924187419	BBF2	1.0
3718.818855998	3720.0241219109166	BBF3	1.0
3722.022626400109	3723.7061293204424	BBF2	1.0
3722.464366796	3723.9574393014286	BBF3	1.0
3726.643933316	3728.0670166815385	BBF3	1.0
3728.900963049931	3730.621586497777	BBF2	0.0
3730.869939464	3732.1310082001664	BBF3	0.0
3733.2928739513377	3734.875444936883	BBF2	0.0
3734.79408803	3736.1873355174	BBF3	0.0
3737.2897452478555	3739.3382046278557	BBF2	0.0
3739.043313992	3740.557563575	BBF3	0.0
3742.3090719923202	3743.6909145136538	BBF2	0.0
3743.083561628	3744.359857545818	BBF3	0.0
3746.86839131	3748.2917843743844	BBF3	1.0
3746.8868838842623	3748.644953958626	BBF2	1.0
3750.58356155	3751.7888274629167	BBF3	1.0
3754.137022515156	3755.8205254354893	BBF2	1.0
3754.18263272	3755.7206917652	BBF3	1.0
3758.226844306942	3759.9474677547882	BBF2	1.0
3758.595798895	3759.8049697494	BBF3	1.0
3761.821951526	3763.3150240314285	BBF3	1.0
3762.5025670892637	3764.2602509526273	BBF2	1.0
3765.490682138	3766.9137655035383	BBF3	1.0
3768.1957849244204	3769.953854998784	BBF2	1.0
3770.20430438	3771.4888760476665	BBF3	0.0
3773.960120928	3775.323117730182	BBF3	0.0
3774.4931809788177	3776.176683899151	BBF2	1.0
3776.914830626	3778.1911265438184	BBF3	1.0
3781.187276402	3782.6106694663845	BBF3	1.0
3781.208854261921	3782.929477709767	BBF2	1.0
3785.06498534	3786.4880687055384	BBF3	1.0
3785.6937156585955	3787.7421750385956	BBF2	1.0
3788.594397068	3789.9876445554	BBF3	1.0
3791.0848443841314	3792.5228523211313	BBF2	1.0
3792.797183402	3794.0024493149167	BBF3	1.0
3795.5464681569892	3797.304538231353	BBF2	1.0
3796.837431038	3798.0984997741666	BBF3	1.0
3800.064985184	3801.6030442292	BBF3	1.0
3803.0289830260517	3804.712485946385	BBF2	1.0
3804.68572817	3806.048724972182	BBF3	1.0
3807.165280065472	3808.885903513318	BBF2	1.0
3808.424118224	3809.8800332156998	BBF3	1.0
3811.6036662145125	3813.554414369179	BBF2	1.0
3812.394706418	3813.7879539054	BBF3	1.0
3816.5068048398925	3818.5552642198927	BBF2	1.0
3816.52783331	3818.042082893	BBF3	1.0
3820.637740388	3821.9140363058186	BBF3	1.0
3824.2914088185757	3825.6732513399093	BBF2	1.0
3824.352910628	3825.775993993538	BBF3	1.0
3828.36993845	3829.8630109554288	BBF3	1.0
3828.822745462884	3830.5062483832176	BBF2	1.0
3832.4334059	3833.9714649452	BBF3	1.0
3835.1433791410986	3836.9014492154624	BBF2	0.0
3836.589752606	3837.7950185189165	BBF3	0.0
3839.2564385567016	3840.839009542247	BBF2	1.0
3841.326594662	3842.7499877263845	BBF3	1.0
3843.5553989628406	3845.603858342841	BBF2	1.0
3845.43650174	3846.6975704761667	BBF3	1.0
3848.431857746	3849.8877727377	BBF3	1.0
3851.5723791796936	3853.29300262754	BBF2	1.0
3853.91173385	3855.3049813374	BBF3	1.0
3855.546012852395	3857.3036967157586	BBF2	1.0
3857.882322044	3859.0875879569167	BBF3	1.0
3860.402676230141	3862.1607463045048	BBF2	0.0
3862.50306503	3864.0411240752	BBF3	0.0
3865.0966762411676	3866.780179161501	BBF2	0.0
3867.356006156	3868.719002958182	BBF3	0.0
3869.1864980329538	3870.9071214808	BBF2	0.0
3871.280154722	3872.7032380875385	BBF3	0.0
3874.1825871536016	3876.133335308268	BBF2	0.0
3876.66715157	3877.943447487818	BBF3	0.0
3879.341339640968	3881.0994097153316	BBF2	0.0
3881.171795486	3882.686045069	BBF3	1.0
3885.537120518	3886.9930355097	BBF3	1.0
3885.801399062085	3887.849858442085	BBF2	1.0
3889.925665364	3891.2102370316666	BBF3	1.0
3891.0531020447183	3892.491109981718	BBF2	1.0
3893.640835604	3894.8500064584	BBF3	1.0
3895.700626808112	3897.3841297284453	BBF2	1.0
3897.263126588	3898.8011856332	BBF3	1.0
3900.301676323871	3902.0222997717174	BBF2	1.0
3901.442693108	3902.647959020917	BBF3	1.0
3905.329199462229	3907.2799476168957	BBF2	1.0
3906.109875722	3907.265827355	BBF3	1.0
3909.825045962	3911.248129327538	BBF3	1.0
3912.1993397181577	3913.9574097925215	BBF2	0.0
3913.93495304	3915.1960217761666	BBF3	0.0
3916.6144882433814	3918.297991163715	BBF2	1.0
3919.925665052	3921.3189125394	BBF3	1.0
3922.9351219215955	3924.316964442929	BBF2	1.0
3924.174891014	3925.4511869318185	BBF3	1.0
3927.86684144	3929.2902345043844	BBF3	1.0
3931.721330564	3933.235580147	BBF3	1.0
3933.740616996485	3935.7890763764854	BBF2	1.0
3936.45817262	3937.9140876117	BBF3	0.0
3940.0380130508825	3941.4760209878823	BBF2	1.0
3940.86993728	3942.1545089476667	BBF3	1.0
3944.456356548	3945.8193533501817	BBF3	1.0
3945.661518014588	3947.3821414624344	BBF2	1.0
3947.60368334	3949.1417423852	BBF3	1.0
3951.806469674	3953.0117355869165	BBF3	1.0
3955.660958798	3957.154031303429	BBF3	1.0
3958.9069635902592	3960.664647453623	BBF2	1.0
3960.212042342	3961.488338259818	BBF3	0.0
3962.8108843915093	3964.8593437715094	BBF2	1.0
3964.32194942	3965.5830181561664	BBF3	1.0
3968.060339474	3969.4535869614	BBF3	1.0
3968.0625873741437	3969.8206574485075	BBF2	1.0
3971.710894313407	3973.3943972337406	BBF2	1.0
3971.798729528	3973.2218128935383	BBF3	1.0
3976.014146344	3977.377143146182	BBF3	1.0
3978.9842705681176	3980.704894015964	BBF2	1.0
3980.134642754	3981.6488923370002	BBF3	1.0
3982.7952408741	3984.7459890287664	BBF2	1.0
3984.360648902	3985.7840419663844	BBF3	1.0
3988.0469438567343	3989.805013931098	BBF2	1.0
3988.35445691	3989.8925159552	BBF3	1.0
3992.5318052534085	3994.114376238954	BBF2	1.0
3994.182630224	3995.6385452157	BBF3	1.0
3997.179330016802	3998.899953464648	BBF2	1.0
3998.702589192	4000.0169736140833	BBF3	1.0
4001.338864680039	4003.0223676003725	BBF2	1.0
4002.263125496	4003.6563729834	BBF3	1.0
4006.0793399386994	4008.1277993186995	BBF2	1.0
4006.535571272	4007.796640008167	BBF3	1.0
4010.064983	4011.270248912917	BBF3	1.0
4010.3318250972047	4011.7698330342046	BBF2	1.0
4013.246097518	4014.739170023429	BBF3	1.0
4013.5850924315796	4015.3431625059434	BBF2	1.0
4017.465775609013	4019.2234594723764	BBF2	1.0
4017.49532348	4018.9184068455384	BBF3	1.0
4021.90708814	4023.1833840578183	BBF3	1.0
4022.183013243857	4023.9036366917035	BBF2	1.0
4026.554348837	4027.7635196914	BBF3	1.0
4028.875448903143	4030.5589518234765	BBF2	1.0
4030.289440994	4031.7128340583845	BBF3	1.0
4033.911731978	4035.4497910232	BBF3	1.0
4034.9869439670056	4037.0354033470057	BBF2	1.0
4038.486035336	4039.849032138182	BBF3	1.0
4039.750656849483	4041.1324993708167	BBF2	1.0
4041.87612818	4043.2693756674	BBF3	1.0
4044.1890429985237	4045.872545918857	BBF2	1.0
4045.660957862	4046.937253779818	BBF3	1.0
4049.0224687524524	4050.780538826816	BBF2	1.0
4049.399347916	4050.913597499	BBF3	1.0
4052.975199272	4054.4311142637	BBF3	1.0
4053.2052410395067	4055.1559891941733	BBF2	1.0
4056.85290821	4058.2763012743844	BBF3	1.0
4058.991409369931	4060.712032817777	BBF2	1.0
4060.777056776	4062.200140141538	BBF3	1.0
4063.6854093809584	4065.368912301292	BBF2	1.0
4064.933403482	4066.1944722181665	BBF3	1.0
4068.7047361254226	4070.086578646756	BBF2	1.0
4068.834332234	4069.990283867	BBF3	1.0
4072.735260986	4074.2733200312	BBF3	1.0
4073.282548017365	4075.040618091729	BBF2	1.0
4078.534250999999	4080.5827103799993	BBF2	1.0
4078.586654114	4079.7919200269166	BBF3	1.0
4082.786736158504	4084.5444200218676	BBF2	1.0
4082.85909989	4084.1436715576665	BBF3	1.0
4086.551050316	4087.7602211703997	BBF3	1.0
4086.5512312168526	4088.271854664699	BBF2	1.0
4090.86993572	4092.1462316378183	BBF3	1.0
4090.9663797420762	4092.6498826624097	BBF2	1.0
4095.04950224	4096.472895304385	BBF3	1.0
4097.565864906094	4099.323934980458	BBF2	1.0
4098.811112108	4100.016378020917	BBF3	1.0
4102.538716402924	4104.489464557591	BBF2	1.0
4103.037118256	4104.5751773012	BBF3	1.0
4107.32566690922	4109.046290357066	BBF2	1.0
4107.913279196	4109.2762759981815	BBF3	1.0
4112.252043158416	4113.8346141439615	BBF2	1.0
4112.69656088	4114.0898083674	BBF3	1.0
4117.294084052	4118.717167417538	BBF3	1.0
4117.3178451505155	4119.366304530516	BBF2	1.0
4121.120930732	4122.381999468166	BBF3	1.0
4123.708191700181	4125.466261774544	BBF2	1.0
4125.258480254	4126.772729836999	BBF3	1.0
4128.07686497777	4129.834548841134	BBF2	1.0
4129.507706216	4130.9636212077	BBF3	1.0
4134.304548160717	4136.025171608563	BBF2	1.0
4134.546405854	4135.712827246801	BBF3	1.0
4138.400894978	4139.606160890917	BBF3	1.0
4138.41760757632	4139.85561551332	BBF2	1.0
4142.53402187	4143.810317787818	BBF3	1.0
4145.063567987972	4146.747070908305	BBF2	1.0
4146.922566716	4148.1836354521665	BBF3	1.0
4149.153389779758	4150.911459854122	BBF2	1.0
4150.010801978	4151.433885343538	BBF3	1.0
4154.0278298	4155.5209023054285	BBF3	1.0
4154.149478900406	4156.197938280407	BBF2	1.0
4157.534021714	4159.0720807592	BBF3	1.0
4162.677686841233	4164.6284349959	BBF2	1.0
4165.126900892	4166.5201483794	BBF3	1.0
4167.580825466613	4169.301448914459	BBF2	1.0
4169.677984436	4170.883250348917	BBF3	1.0
4172.832528449247	4174.51603136958	BBF2	1.0
4174.321947236	4175.583015972166	BBF3	1.0
4178.2468947986	4180.004964872964	BBF2	1.0
4178.269315616	4179.692708680385	BBF3	1.0
4182.193464182	4183.707713764999	BBF3	1.0
4182.895330696306	4184.477901681851	BBF2	1.0
4186.024733492	4187.3010294098185	BBF3	1.0
4188.192597792261	4189.876100712594	BBF2	1.0
4189.856002802	4191.218999604182	BBF3	1.0
4192.166231464962	4193.886854912808	BBF2	1.0
4193.26931546	4194.6923988255385	BBF3	1.0
4197.23203345706	4198.9897173204245	BBF2	1.0
4197.309563096	4198.594134763666	BBF3	1.0
4201.321855248847	4203.370314628847	BBF2	1.0
4201.465909802	4203.0039688472	BBF3	1.0
4207.712201798512	4209.662949953179	BBF2	1.0
4208.199655862	4209.404921774917	BBF3	1.0
4211.775507218	4213.268579723428	BBF3	1.0
4215.00881567704	4216.766885751404	BBF2	1.0
4216.094392622	4217.3035634764	BBF3	1.0
4219.345166582	4220.801081573701	BBF3	1.0
4223.374360251147	4225.094983698993	BBF2	1.0
4223.45507366	4224.8483211474	BBF3	1.0
4227.356002412	4228.632298329818	BBF3	1.0
4227.673320657286	4229.356823577619	BBF2	1.0
4230.862194326	4232.285277691538	BBF3	1.0
4233.9939543355	4235.431962272501	BBF2	1.0
4235.06498066	4236.488373724385	BBF3	1.0
4238.455578108358	4240.213648182722	BBF2	1.0
4239.430305692	4240.944555274999	BBF3	1.0
4243.470553328	4245.0086123732	BBF3	1.0
4246.10075634414	4247.683327329685	BBF2	1.0
4248.281718009	4249.644714811181	BBF3	1.0
4250.1905781359255	4252.239037515926	BBF2	1.0
4251.806466554	4253.091038221666	BBF3	1.0
4255.103680142	4256.364748878166	BBF3	1.0
4255.3725682471095	4257.093191694956	BBF2	1.0
4258.563432428	4259.986515793538	BBF3	1.0
4260.87988509173	4262.637568955094	BBF2	1.0
4262.441141366	4263.717437283818	BBF3	1.0
4266.458169188	4267.663435100917	BBF3	1.0
4270.521636638	4272.014709143428	BBF3	1.0
4271.127677195012	4272.885747269376	BBF2	1.0
4274.608323902	4276.1463829471995	BBF3	1.0
4276.704706911084	4278.655455065751	BBF2	1.0
4279.06652819	4280.489921254385	BBF3	1.0
4282.5605881129595	4284.281211560806	BBF2	1.0
4283.222874896	4284.737124478999	BBF3	1.0
4286.836310895282	4288.519813815615	BBF2	1.0
4287.564980114	4288.9582276014	BBF3	1.0
4291.744546634	4293.167629999538	BBF3	1.0
4294.853291112134	4296.611361186498	BBF2	1.0
4296.179531108	4297.440599844167	BBF3	1.0
4298.710736665751	4300.759196045751	BBF2	1.0
4299.894701348	4301.099967260917	BBF3	1.0
4302.684370338452	4304.066212859785	BBF2	1.0
4304.074267868	4305.567340373428	BBF3	1.0
4307.169231735126	4308.852734655459	BBF2	1.0
4311.932944617604	4313.691014691968	BBF2	1.0
4312.781698118	4313.990868972401	BBF3	1.0
4317.634639244	4319.0905542357	BBF3	1.0
4320.019637705909	4321.7402611537555	BBF2	1.0
4322.417920928	4323.702492595667	BBF3	1.0
4326.177608017404	4327.760179002949	BBF2	1.0
4326.643927076	4328.158176659	BBF3	1.0
4331.380769132	4332.657065049818	BBF3	1.0
4335.25847807	4336.681561435538	BBF3	1.0
4340.654647655374	4342.703107035374	BBF2	1.0
4343.989128134	4345.3823756214	BBF3	1.0
4345.371885290218	4347.129569153582	BBF2	1.0
4348.633090934	4349.838356846917	BBF3	1.0
4350.995390253925	4352.716013701771	BBF2	1.0
4352.998415966	4354.536475011199	BBF3	1.0
4357.130122941603	4358.568130878603	BBF2	1.0
4357.2012023	4358.624595364385	BBF3	1.0
4360.360152652161	4362.043655572494	BBF2	1.0
4361.49686789	4362.757936626167	BBF3	1.0
4364.310548701046	4366.06861877541	BBF2	1.0
4364.608322966	4365.884618883818	BBF3	1.0
4368.021635624	4369.535885206999	BBF3	1.0
4368.5165586119165	4370.4673067665835	BBF2	1.0
4371.574267166	4372.997350531538	BBF3	1.0
4374.256251694706	4375.976875142553	BBF2	1.0
4375.618364539	4376.932748961083	BBF3	1.0
4377.951033881604	4379.634536801937	BBF2	1.0
4379.49222374	4380.8854712274	BBF3	1.0
4382.110568544841	4384.159027924841	BBF2	1.0
4385.599034822	4386.804300734917	BBF3	1.0
4388.524152718324	4389.905995239657	BBF2	1.0
4390.05723911	4391.550311615429	BBF3	1.0
4393.006155488	4394.5442145332	BBF3	1.0
4393.38081609607	4395.138886170434	BBF2	1.0
4396.976743682	4398.185914536401	BBF3	1.0
4399.190222050311	4400.947905913675	BBF2	1.0
4400.784793178	4402.061089095818	BBF3	1.0
4403.860984437521	4405.581607885368	BBF2	1.0
4404.430303976	4405.853387341538	BBF3	1.0
4408.183182467476	4409.866685387809	BBF2	1.0
4408.424111984	4409.847505048385	BBF3	1.0
4412.835876644	4414.041142556916	BBF3	1.0
4416.852904466	4418.113973202167	BBF3	1.0
4419.56961813779	4421.61807751779	BBF2	1.0
4420.289436938	4421.7453519297005	BBF3	1.0
4423.984766663014	4425.742836737378	BBF2	1.0
4425.537114902	4426.900111704182	BBF3	1.0
4428.492865683505	4430.4436138381725	BBF2	1.0
4428.741449234	4430.2795082792	BBF3	1.0
4434.035566826	4435.5498164089995	BBF3	1.0
4436.045093424019	4437.765716871865	BBF2	1.0
4438.00615502	4439.429238385538	BBF3	1.0
4441.064420168484	4442.747923088817	BBF2	1.0
4442.41791968	4443.8111671674	BBF3	1.0
4446.502024141654	4448.260094216018	BBF2	1.0
4446.667145642	4447.943441559818	BBF3	1.0
4450.126897928	4451.332163840917	BBF3	1.0
4450.545370685805	4451.927213207138	BBF2	1.0
4454.635192477593	4456.683651857593	BBF2	1.0
4454.701201286	4456.194273791428	BBF3	1.0
4458.32349227	4459.746575635539	BBF3	1.0
4460.700212293819	4462.4208357416655	BBF2	1.0
4463.54795042	4464.714371812801	BBF3	1.0
4465.951915276454	4467.709599139818	BBF2	1.0
4467.72751694	4469.003812857818	BBF3	1.0
4470.436776673128	4472.120279593461	BBF2	1.0
4471.303368296	4472.666365098182	BBF3	1.0
4474.57736207	4475.861933737667	BBF3	1.0
4476.966548965695	4478.724619040059	BBF2	1.0
4478.106773798	4479.312039710917	BBF3	1.0
4481.473646828	4483.011705873199	BBF3	1.0
4481.962638086344	4483.545209071889	BBF2	1.0
4486.047950186	4487.410946988181	BBF3	1.0
4486.05245987813	4487.773083325977	BBF2	1.0
4489.484482658	4490.998732241	BBF3	1.0
4491.397113356032	4493.445572736032	BBF2	1.0
4493.524730294	4494.9179777814	BBF3	1.0
4496.021400495608	4497.972148650275	BBF2	1.0
4498.168693094	4499.4449890118185	BBF3	1.0
4501.505479716412	4503.263549790776	BBF2	1.0
4502.417919056	4503.841002421538	BBF3	1.0
4507.456618694	4508.949691199428	BBF3	1.0
4517.446489654851	4519.494949034851	BBF2	1.0
4522.953806499472	4524.3918144364725	BBF2	1.0
4524.96435845	4526.4202734417	BBF3	1.0
4527.903420372485	4529.661490446849	BBF2	1.0
4529.148475898	4530.462860320083	BBF3	1.0
4531.458776816481	4533.216460679845	BBF2	1.0
4532.789435768	4533.9558571608	BBF3	1.0
4536.083063956057	4537.8036874039035	BBF2	1.0
4537.50305801	4539.017307593	BBF3	1.0
4541.450955057776	4543.134457978109	BBF2	1.0
4543.400985316	4544.662054052166	BBF3	1.0
4545.680202592464	4547.438272666828	BBF2	1.0
4546.67488454	4548.097967905538	BBF3	1.0
4550.048875870054	4551.999624024721	BBF2	1.0
4551.156308642	4552.5495561294	BBF3	1.0
4554.580212514362	4556.628671894362	BBF2	1.0
4554.639280742	4555.915576659818	BBF3	1.0
4559.283243542	4560.488509454916	BBF3	1.0
4559.715727377911	4561.097569899244	BBF2	1.0
4565.0603808558135	4566.78100430366	BBF2	1.0
4565.413274438	4566.9513334832	BBF3	1.0
4569.986757105011	4571.368599626344	BBF2	1.0
4571.682624218	4572.8490456108	BBF3	1.0
4574.494856125501	4576.178359045834	BBF2	1.0
4577.882314556	4579.305397921538	BBF3	1.0
4580.234549208292	4581.992619282656	BBF2	1.0
4584.603222485882	4586.360906349246	BBF2	1.0
4588.532896139	4590.070955184199	BBF3	1.0
