1607.0265760806246	1608.4266378359246	power1	
1610.3934504631623	1611.8388019662532	power1	
1614.2015014889291	1615.3805368941435	power1	
1615.518447974726	1616.5987823601877	power2	0.0
1617.0343199349263	1618.4886027124717	power1	0.0
1618.4933775213797	1619.7462501088796	power2	0.0
1620.3779744941362	1621.7632194689363	power1	0.0
1620.7236411629528	1622.3575638587147	power2	0.0
1623.4197713500844	1624.8100979832843	power1	0.0
1623.604398366652	1625.1695040801521	power2	0.0
1626.6008871459992	1627.826317086499	power1	0.0
1627.9255341722007	1628.9127603092006	power2	0.0
1629.5962443552912	1631.0415958583822	power1	0.0
1630.086102074975	1631.503733489248	power2	1.0
1632.7810039752098	1633.9993959486098	power2	1.0
1633.2185367944355	1634.6185985497355	power1	1.0
1635.0809633555825	1636.6313408719993	power2	1.0
1636.2835534737112	1637.645655855878	power1	0.0
1638.0081843851476	1639.2355783730568	power2	1.0
1639.5575485629374	1641.0118313404828	power1	0.0
1640.2152161137883	1641.6868314424246	power2	1.0
1642.5529057722297	1643.731941177444	power1	0.0
1642.863654188157	1643.9439885736185	power2	1.0
1644.9312944391988	1646.5652171349607	power2	1.0
1645.3625043948991	1646.80785589799	power1	0.0
1647.7191239911658	1648.946517979075	power2	0.0
1648.5668400141421	1649.966901769442	power1	0.0
1650.0190833715385	1651.1163398442384	power2	0.0
1651.910494573352	1653.1634868069884	power1	0.0
1652.319042751911	1653.884148465411	power2	0.0
1654.929071605972	1656.3143165807721	power1	0.0
1655.3856552590748	1656.3728813960747	power2	0.0
1657.6391508135812	1659.189528329998	power2	0.0
1657.9012089919363	1659.2915356251362	power1	0.0
1660.357284626749	1661.575676600149	power2	0.0
1661.6860401943752	1662.9114701348751	power1	0.0
1662.4946206165903	1663.912252030863	power2	0.0
1664.5420784637004	1665.9963612412457	power1	0.0
1665.3986097332224	1666.7082193472224	power2	0.0
1667.5606554963206	1668.9227578784873	power1	0.0
1667.7682648523944	1669.2398801810307	power2	0.0
1670.5793263172943	1671.8067203052035	power2	0.0
1670.69533164558	1672.0856582787799	power1	0.0
1672.9489814364663	1674.0462379091662	power2	0.0
1673.8300077948393	1675.0090432000536	power1	0.0
1675.341868468571	1676.9757911643328	power2	0.0
1676.709265887492	1678.1546173905829	power1	0.0
1678.0367703688057	1679.0239965058056	power2	0.0
1679.867161860079	1681.267223615379	power1	0.0
1680.0811787069147	1681.470414698748	power2	0.0
1682.4508338260866	1683.6692257994866	power2	0.0
1683.3036957126005	1684.556687946237	power1	0.0
1685.401286768585	1686.8189181828577	power2	0.0
1686.0900745119422	1687.4753194867424	power1	0.0
1688.9093056214765	1690.4596831378933	power2	0.0
1689.0157722512508	1690.4700550287962	power1	0.0
1691.929454302774	1693.239063916774	power2	0.0
1692.312987163805	1693.538417104305	power1	0.0
1694.4385008995444	1695.9101162281806	power2	0.0
1695.1225857864742	1696.5679372895652	power1	0.0
1697.0404751480467	1698.2678691359558	power2	0.0
1698.5591196389955	1699.9591813942955	power1	0.0
1699.4798260060177	1700.7326985935176	power2	0.0
1701.8030172993235	1703.3681230128236	power2	0.0
1702.5297094280575	1703.8918118102242	power1	0.0
1704.521151112491	1705.5083772494909	power2	0.0
1706.1752216905295	1707.5655483237294	power1	0.0
1706.8443424057969	1708.4782651015587	power2	0.0
1709.379557309772	1710.5585927149864	power1	0.0
1710.584680388019	1711.8120743759282	power2	0.0
1712.142716285786	1713.588067788877	power1	0.0
1713.2098865494547	1714.681501878091	power2	0.0
1715.5560303149794	1716.7814602554793	power1	0.0
1716.3461947954174	1717.5645867688174	power2	1.0
1718.0869910577146	1719.54127383526	power1	0.0
1718.5299946111247	1720.0803721275415	power2	1.0
1721.059128443679	1722.444373418479	power1	1.0
1721.8521581605519	1722.9324925460135	power2	1.0
1724.1241451229548	1725.3771373565912	power1	1.0
1724.2218132797238	1725.6394446939967	power2	1.0
1726.8005556152932	1728.3656613287933	power2	1.0
1726.9105239222963	1728.3105856775962	power1	1.0
1730.1380793648668	1731.5001817470336	power1	0.0
1731.4773809021392	1732.8408971213391	power2	1.0
1733.3424149841098	1734.7327416173098	power1	0.0
1733.7933614081435	1735.0462339956434	power2	1.0
1736.2327122661145	1737.8666349618763	power2	1.0
1736.6164100733363	1737.7954454785506	power1	0.0
1739.252860947412	1740.240087084412	power2	0.0
1739.333129402694	1740.778480905785	power1	0.0
1741.4366607631193	1742.9082760917556	power2	0.0
1742.839322725199	1744.0647526656992	power1	0.0
1744.015403098689	1745.242797086598	power2	0.0
1745.556042054557	1747.0103248321025	power1	0.0
1746.570913521325	1747.789305494725	power2	0.0
1748.5978389105048	1749.983083885305	power1	0.0
1749.1031920310284	1750.6535695474452	power2	0.0
1751.5699762964693	1752.9603029296693	power1	0.0
1752.0536449735266	1753.4712763877994	power2	1.0
1754.7253149608284	1756.1145509526618	power2	1.0
1754.7278722690564	1755.9808645026928	power1	0.0
1757.2343615575983	1758.3146959430599	power2	1.0
1757.436437135139	1758.8364988904389	power1	1.0
1759.441393286239	1761.0753159820008	power2	1.0
1761.1133236842145	1762.3387536247144	power1	1.0
1762.2524547511389	1763.5053273386388	power2	1.0
1763.9693619535394	1765.4147134566304	power1	1.0
1764.5847353730703	1766.1351128894871	power2	1.0
1767.1736975727824	1768.5357999549492	power1	1.0
1767.4099394222776	1768.6283313956776	power2	1.0
1769.6402030638512	1771.1118183924875	power2	1.0
1770.378033192025	1771.8323159695703	power1	0.0
1772.2421773123535	1773.4695713002627	power2	1.0
1773.6984679279071	1774.8775033331215	power1	0.0
1774.4724409539272	1776.0375466674273	power2	1.0
1776.8331440771665	1778.2183890519666	power1	0.0
1777.1877479739312	1778.174974110931	power2	1.0
1779.1652873664048	1780.7156648828216	power2	1.0
1780.3625572229992	1781.762618978299	power1	1.0
1782.2551317865011	1783.5647414005011	power2	1.0
1783.6133324888976	1784.866324722534	power1	1.0
1784.6480188186063	1786.065650232879	power2	1.0
1786.7944482848127	1788.2397997879036	power1	1.0
1787.0873696765773	1788.6524753900774	power2	1.0
1789.6661120121466	1790.9189845996466	power2	1.0
1789.9523442573998	1791.1777741978997	power1	0.0
1792.3145500865153	1793.864927602932	power2	1.0
1792.7387230567413	1794.1930058342866	power1	0.0
1795.2882349419467	1796.2754610789466	power2	1.0
1795.9198388526563	1797.3050838274564	power1	0.0
1797.541730496453	1799.0133458250893	power2	1.0
1799.0545150019157	1800.4448416351156	power1	0.0
1800.3295600484198	1801.5479520218198	power2	0.0
1802.3517299144698	1803.5307653196842	power1	0.0
1802.652751341726	1804.2866740374877	power2	0.0
1805.3006474771062	1806.745998980197	power1	0.0
1805.8587553264877	1807.0861493143968	power2	0.0
1808.065787055128	1809.6308927686282	power2	0.0
1808.2263452164148	1809.6264069717147	power1	0.0
1812.1040557121653	1813.466158094332	power1	0.0
1812.2939952089446	1813.3743295944062	power2	0.0
1814.570722676384	1815.988354090657	power2	0.0
1815.169072391441	1816.6233551689863	power1	0.0
1817.1262330990205	1818.3791056865205	power2	0.0
1818.5591665973066	1819.738202002521	power1	0.0
1819.6585116087238	1821.13012693736	power2	0.0
1821.4384246899597	1822.8236696647598	power1	0.0
1822.2372539442931	1823.4556459176931	power2	0.0
1824.5963206625468	1825.9866472957467	power1	0.0
1824.6766048022641	1826.226982318681	power2	0.0
1827.6967534835617	1829.1143848978345	power2	1.0
1827.893535575101	1829.118965515601	power1	0.0
1830.4244963178362	1831.8698478209271	power1	1.0
1830.5078149484616	1832.0729206619617	power2	1.0
1833.2491806745625	1834.4675726479625	power2	1.0
1833.6056121137512	1834.8586043473877	power1	1.0
1835.96731448773	1837.6012371834918	power2	1.0
1836.5545296763878	1837.9545914316877	power1	1.0
1838.9177674302284	1840.1451614181376	power2	1.0
1840.0375031755646	1841.3996055577313	power1	1.0
1841.2641906364672	1842.7358059651035	power2	1.0
1843.357937911447	1844.8122206889923	power1	1.0
1844.2843393177645	1845.5939489317645	power2	1.0
1846.7015924706566	1847.880627875871	power1	1.0
1847.3974156507943	1848.947793167211	power2	1.0
1849.5808505633097	1850.9660955381098	power1	1.0
1851.5326961528788	1852.5199222898787	power2	1.0
1852.576207772602	1853.966534405802	power1	1.0
1853.9255831849835	1855.4906888984835	power2	1.0
1855.8734226851561	1857.0988526256563	power1	1.0
1857.6194573413397	1858.8378493147397	power2	1.0
1858.613361837842	1860.0587133409329	power1	1.0
1860.4494060174982	1861.698168921498	power2	1.0
1861.910576750396	1863.1635689840325	power1	0.0
1864.240552527261	1865.46794651517	power2	1.0
1864.7201753730658	1866.1202371283657	power1	1.0
1866.6102076464329	1868.0818229750691	power2	1.0
1868.0638299322754	1869.4490749070756	power1	1.0
1869.3748052854667	1870.6276778729666	power2	1.0
1871.5932430781081	1873.0475258556535	power1	1.0
1871.7444604046384	1873.2948379210552	power2	1.0
1874.8343048247352	1876.251936239008	power2	1.0
1875.1923156939245	1876.3713510991388	power1	1.0
1877.7615258543003	1878.9799178277003	power2	1.0
1877.7697160833154	1879.2150675864063	power1	1.0
1880.1776447993384	1881.7427505128385	power2	1.0
1880.9740517025582	1882.336154084725	power1	1.0
1883.2210253935689	1884.2082515305688	power2	1.0
1883.9694089118505	1885.3597355450504	power1	1.0
1885.6371443386067	1887.2710670343686	power2	1.0
1887.4523824110274	1888.6778123515276	power1	1.0
1889.702729101892	1891.012338715892	power2	1.0
1890.401299973664	1891.846651476755	power1	1.0
1892.188543785729	1893.7389213021459	power2	1.0
1893.7913941795296	1895.044386413166	power1	1.0
1895.4410115963572	1896.6684055842663	power2	1.0
1896.8331910354775	1898.2184360102776	power1	1.0
1898.3450007129893	1899.8166160416256	power2	1.0
1900.060746478048	1901.460808233348	power1	1.0
1901.458077046019	1902.710949633519	power2	1.0
1903.7759182105035	1905.2302009880489	power1	1.0
1904.0832832074543	1905.7172059032162	power2	1.0
1906.864154713107	1908.0431901183213	power1	1.0
1907.7306935379445	1908.9580875258537	power2	1.0
1909.8362920990714	1911.2215370738716	power1	1.0
1910.774074132175	1912.339179845675	power2	1.0
1912.9709682483308	1914.3612948815307	power1	1.0
1915.1365341239202	1916.12376026092	power2	1.0
1916.3842822775243	1917.6097122180242	power1	1.0
1917.8365756638245	1919.3869531802413	power2	1.0
1919.1010016068822	1920.546353109973	power1	1.0
1921.716305123645	1922.934697097045	power2	1.0
1922.0963588161744	1923.4964205714743	power1	1.0
1925.1313963248044	1926.5490277390772	power2	1.0
1925.1381556721224	1926.5002580542891	power1	1.0
1928.249611998054	1929.7038947755993	power1	1.0
1929.5686916950185	1930.8783013090185	power2	1.0
1931.3146286773297	1932.493664082544	power1	1.0
1931.9151149012573	1933.3867302298936	power2	1.0
1934.2171065933103	1935.6023515681104	power1	1.0
1935.0746550601532	1936.3275276476531	power2	1.0
1937.5143215058645	1938.9046481390644	power1	1.0
1937.8160207862538	1939.3663983026706	power2	1.0
1940.7186571251073	1941.9716493587437	power1	1.0
1941.068488596882	1942.0557147338818	power2	1.0
1943.6936947583174	1945.3276174540792	power2	1.0
1943.7372341577275	1945.1825856608184	power1	1.0
1946.8532349172133	1948.0716268906133	power2	1.0
1947.0808887169374	1948.4809504722373	power1	1.0
1949.4319772527826	1950.9970829662827	power2	1.0
1950.633521686098	1951.8589516265981	power1	1.0
1952.6379812375444	1953.9475908515444	power2	1.0
1953.4199004854395	1954.8741832629848	power1	1.0
1955.1934916601808	1956.6111230744536	power2	1.0
1956.508136988043	1957.8702393702097	power1	1.0
1959.3287721622648	1960.5816447497648	power2	1.0
1959.7821320772694	1961.1724587104693	power1	0.0
1962.209529365964	1963.6811446946003	power2	1.0
1963.497303809725	1964.6763392149394	power1	0.0
1965.1367503955294	1966.3551423689294	power2	1.0
1966.6551997823121	1968.0404447571123	power1	0.0
1968.4821458578897	1969.7095398457989	power2	0.0
1970.0685138115055	1971.4685755668054	power1	0.0
1972.0366285366474	1973.116962922109	power2	0.0
1973.342508900732	1974.567938841232	power1	0.0
1974.4062836558194	1975.9566611722362	power2	0.0
1976.2682066400405	1977.7135581431314	power1	0.0
1978.7971152001671	1980.3622209136672	power2	0.0
1979.6118611992504	1980.8648534328868	power1	0.0
1981.2357006285106	1982.2229267655105	power2	0.0
1983.0948346984271	1984.5491174759725	power1	0.0
1983.2344105703812	1984.868333266143	power2	0.0
1986.3242549904778	1987.551648978387	power2	0.0
1986.5194253841507	1987.8815277663175	power1	
1989.22824410711	1990.6998594357462	power2	0.0
1991.984251700476	1993.1632871056904	power1	
1992.1090013108092	1993.3273932842092	power2	0.0
1994.6645117334454	1996.2148892498622	power2	0.0
1996.5391124052505	1997.9243573800507	power1	0.0
1997.6381965888768	1998.8910691763767	power2	0.0
2000.1007793597807	2001.5184107740536	power2	0.0
2001.9028915939832	2003.2932182271832	power1	0.0
2003.4694067350742	2004.6877987084742	power2	0.0
2005.269765976521	2006.495195917021	power1	0.0
2006.5127873293047	2008.0778930428048	power2	0.0
2008.892058415665	2010.3374099187558	power1	0.0
2009.6258636623343	2010.6130897993341	power2	0.0
2013.7611441644185	2015.3115216808353	power2	0.0
2016.2430534167001	2017.4960456503366	power1	0.0
2016.5722056293184	2017.7995996172276	power2	0.0
2019.6388181364823	2021.2727408322442	power2	0.0
2021.9415991259148	2023.3416608812147	power1	0.0
2023.634707160968	2024.944316774968	power2	0.0
2026.3296090612027	2027.801224389839	power2	0.0
2029.1406705261027	2030.1278966631025	power2	0.0
2031.3941660806092	2032.944543597026	power2	0.0
2040.981854254749	2042.4361370322943	power1	0.0
2041.7091354228867	2043.3430581186485	power2	0.0
2045.2171542757783	2046.4700268632782	power2	0.0
2048.306998695875	2049.649662508732	power2	0.0
2058.9539975105017	2060.3993490135927	power1	0.0
2060.9916231573243	2062.301232771324	power2	0.0
2063.4309740152953	2064.848605429568	power2	0.0
2066.497586522459	2068.0626922359593	power2	0.0
2067.636714842515	2069.0367765978153	power1	0.0
2070.0056053753506	2071.2584779628505	power2	0.0
2072.35202858159	2073.9024060980064	power2	0.0
2075.627728305151	2076.614954442151	power2	0.0
2083.659889531331	2085.105241034422	power1	0.0
2083.851825483453	2085.3234408120893	power2	0.0
2086.5467273836875	2087.7651193570873	power2	0.0
2089.055773980458	2090.620879693958	power2	0.0
2092.1920822264206	2093.5016918404203	power2	0.0
2115.331728550513	2116.557158491013	power1	0.0
2116.0512568086706	2117.2696487820704	power2	0.0
2118.3279842761103	2119.7172202679435	power2	0.0
2121.2319733927425	2122.5415830067423	power2	0.0
2123.601628511914	2125.1520060283306	power2	0.0
2248.10267833914	2249.50274009444	power1	0.0
2251.1215986014663	2252.1088247384664	power2	0.0
2254.4437621508937	2255.786425963751	power2	0.0
2256.906344921798	2258.2159545357977	power2	0.0
2257.8085644901803	2259.2628472677256	power1	0.0
2259.2527681280367	2260.8866908237987	power2	0.0
2262.110293418803	2263.363166006303	power2	0.0
2263.31166261888	2264.7570141219708	power1	0.0
2264.3637889733095	2265.5911829612187	power2	0.0
2266.4778930502175	2268.0429987637176	power2	0.0
2269.2559373908084	2270.618039772975	power1	0.0
2269.823288512578	2270.8417288311234	power2	0.0
2272.2977342467566	2273.6880608799565	power1	0.0
2272.359792234727	2273.723308453927	power2	0.0
2275.4221795294447	2276.8398109437176	power2	0.0
2278.4423282107423	2279.751937824742	power2	0.0
2281.0675343721778	2282.539149700814	power2	0.0
2284.464921670548	2285.9192044480933	power1	0.0
2286.6199615631785	2288.2538842589406	power2	0.0
2289.8027336350074	2291.0556062225073	power2	0.0
2299.388546404653	2300.833897907744	power1	0.0
2299.838920022088	2301.057311995488	power2	0.0
2302.0691836636615	2303.4868150779344	power2	0.0
2305.2751876484235	2306.74680297706	power2	0.0
2306.5195272263045	2307.7449571668044	power1	0.0
2308.799296518131	2310.2535792956764	power1	0.0
2309.0155256306457	2310.3251352446455	power2	0.0
2311.2922530980854	2312.842630614502	power2	0.0
2311.7946537274233	2313.1798987022235	power1	0.0
2314.8596704066995	2316.2499970398994	power1	0.0
2314.916431515642	2315.9036576526423	power2	0.0
2317.712999059936	2318.8920344651506	power1	0.0
2318.930715736151	2320.319951727984	power2	0.0
2320.3859883587265	2321.8313398618175	power1	0.0
2321.2819756593003	2322.5093696472095	power2	0.0
2323.47422486133	2324.8742866166303	power1	0.0
2324.0930371242002	2325.3459097117	power2	0.0
2326.307043307327	2327.6691456894937	power1	0.0
2326.485924156305	2328.119846852067	power2	0.0
2329.4417194565867	2330.896002234132	power1	0.0
2329.599000489335	2331.0706158179714	power2	0.0
2332.433293867168	2333.6516858405676	power2	0.0
2332.6878784476307	2333.940870681267	power1	0.0
2334.872644725139	2336.4230222415554	power2	0.0
2335.5020933451547	2336.887338319955	power1	0.0
2337.8230976676373	2339.24072908191	power2	0.0
2338.311691967824	2339.702018601024	power1	0.0
2340.4483038290728	2342.013409542573	power2	0.0
2341.481847468336	2342.707277408836	power1	0.0
2343.050278077575	2344.303150665075	power2	0.0
2344.0469883298024	2345.4923398328933	power1	0.0
2345.6290204131446	2347.179397929561	power2	0.0
2347.2048843023895	2348.6049460576896	power1	0.0
2348.765328659107	2349.9927226470163	power2	0.0
2350.478879391616	2351.8409817737825	power1	0.0
2352.2733475119985	2353.291787830544	power2	0.0
2353.613555540875	2355.0678383184204	power1	0.0
2355.4561195838273	2357.0900422795894	power2	0.0
2357.5245664820027	2358.7036018872172	power1	0.0
2358.6156597427234	2359.6028858797235	power2	0.0
2360.602722362557	2361.987967337357	power1	0.0
2360.7994595584305	2362.271074887067	power2	0.0
2363.8302778051275	2365.2206044383274	power1	0.0
2365.0508996251806	2366.2782936130898	power2	0.0
2367.429350420944	2368.68234265458	power1	0.0
2367.8851930030132	2369.4502987165133	power2	0.0
2370.238949043613	2371.684300546704	power1	0.0
2371.021501248976	2372.1018356344375	power2	0.0
2373.1878666062494	2374.5879283615495	power1	0.0
2374.157809494939	2375.575440909212	power2	0.0
2377.038566698638	2378.291439286138	power2	0.0
2377.1602517630326	2378.3856817035326	power1	0.0
2380.4265847331812	2381.375077195181	power1	0.0
2380.685977029128	2382.2363545455446	power2	0.0
2383.9616767526895	2385.1800687260893	power2	0.0
2384.0779637470096	2385.440066129176	power1	0.0
2386.633346739991	2388.267269435753	power2	0.0
2389.6302635083553	2390.6174896453554	power2	0.0
2391.906990975795	2393.3786063044313	power2	0.0
2397.98663792039	2399.431989423481	power1	0.0
2400.6654221515573	2402.2305278650574	power2	0.0
2404.057281439784	2405.310154027284	power2	0.0
2406.821879078818	2408.2395104930906	power2	0.0
2419.8597114952213	2421.3139942727666	power1	0.0
2422.5498841344975	2424.0214994631338	power2	0.0
2422.6925299412183	2424.0777749160184	power1	0.0
2425.5485682105436	2426.9388948437436	power1	0.0
2425.7326562063263	2426.9600501942355	power2	0.0
2428.8059981551155	2429.98503356033	power1	0.0
2429.545232968737	2430.908749187937	power2	0.0
2431.5857222757836	2433.0310737788745	power1	0.0
2432.9113173026412	2434.220926916641	power2	0.0
2435.629451115809	2437.194556829309	power2	0.0
2436.1600274713696	2437.56008922667	power1	0.0
2439.3465571850984	2440.5994297725983	power2	0.0
2439.7358802638582	2441.097982646025	power1	0.0
2441.646516565471	2443.0641479797437	power2	0.0
2443.218853763035	2444.6731365405803	power1	0.0
2444.643433333835	2446.193810850252	power2	0.0
2448.1049883608607	2449.3233803342605	power2	0.0
2450.5330981113066	2451.9183430861067	power1	0.0
2451.450383823221	2453.084306518983	power2	0.0
2454.5169963303847	2455.8266059443845	power2	0.0
2454.689446486991	2456.079773120191	power1	0.0
2456.747259971958	2457.9746539598673	power2	0.0
2457.964299327562	2459.189729268062	power1	0.0
2459.2795384816613	2460.7511538102976	power2	0.0
2460.63372125892	2462.079072762011	power1	0.0
2461.6724255137665	2462.6596516507666	power2	0.0
2463.7632976777413	2465.313675194158	power2	0.0
2464.0238154647855	2465.4238772200856	power1	0.0
2466.434967665043	2467.4534079835885	power2	0.0
2467.251370907356	2468.504363140992	power1	0.0
2469.0834057394113	2470.501037153684	power2	0.0
2470.293167763304	2471.7474505408495	power1	0.0
2472.8702075475	2474.259443539333	power2	0.0
2473.7064817924975	2475.0917267672976	power1	0.0
2475.4257179701362	2476.522974442836	power2	0.0
2477.096575998363	2478.4869026315628	power1	0.0
2479.9791729050157	2481.613095600778	power2	0.0
2480.426618910105	2481.6056543153195	power1	0.0
2482.7902343699157	2484.0998439839154	power2	0.0
2483.482027413521	2484.927378916612	power1	0.0
2484.849664414169	2486.1923282270263	power2	0.0
2487.411545340083	2488.7736477222497	power1	0.0
2488.226501996251	2489.45389598416	power2	0.0
2490.4335337248913	2491.983911241308	power2	0.0
2490.740692405465	2492.140754160765	power1	0.0
2494.1041759683144	2495.0914021053145	power2	0.0
2494.5095381404826	2495.7349680809825	power1	0.0
2496.9849331720134	2498.5500388855135	power2	0.0
2497.4835808802122	2498.9378636577576	power1	0.0
2500.1368191987185	2501.3552111721183	power2	0.0
2500.753258242704	2502.00625047634	power1	0.0
2502.258577407818	2503.6762088220908	power2	0.0
2503.265316888846	2504.650561863646	power1	0.0
2504.697928265789	2506.2483057822055	power2	0.0
2506.6786309180393	2508.0689575512392	power1	0.0
2508.6473534644083	2509.956963078408	power2	0.0
2510.288437952168	2511.4674733573825	power1	0.0
2511.0170085835803	2512.6509312793423	power2	0.0
2512.9015435699025	2514.3468950729934	power1	0.0
2514.8502742175347	2516.077668205444	power2	0.0
2516.221978305785	2517.622040061085	power1	0.0
2517.4522484660374	2518.9238637946737	power2	0.0
2519.7356769293046	2521.097779311471	power1	0.0
2519.9380631498743	2521.1909357373743	power2	0.0
2522.56326931131	2524.1136468277264	power2	0.0
2523.234364950794	2524.688647728339	power1	0.0
2525.5828188355727	2526.5700449725728	power2	0.0
2526.740558273299	2527.9195936785136	power1	0.0
2527.418739114319	2528.836370528592	power2	0.0
2530.2003119491483	2531.5855569239484	power1	0.0
2530.206568666286	2531.771674379786	power2	0.0
2533.4046475683913	2534.7949742015912	power1	0.0
2533.946906648508	2535.165298621908	power2	0.0
2536.8587983869893	2538.084228327489	power1	0.0
2538.500361583387	2540.134284279149	power2	0.0
2539.6739998669095	2541.1193513700005	power1	0.0
2541.8225251328145	2543.0753977203144	power2	0.0
2543.3659517760375	2544.7660135313376	power1	0.0
2544.2154121649196	2545.687027493556	power2	0.0
2546.9185847451977	2548.171576978834	power1	0.0
2547.0032417168864	2548.2306357047955	power2	0.0
2549.303201097259	2550.8535786136754	power2	0.0
2549.960381601146	2551.414664378691	power1	0.0
2552.5556689078867	2553.8652785218865	power2	0.0
2553.4665749236506	2554.8518198984507	power1	0.0
2555.1344112434563	2556.7683339392183	power2	0.0
2556.8334493061884	2558.2237759393884	power1	0.0
2558.108096098888	2559.095322235888	power2	0.0
2560.315127827528	2561.8802335410282	power2	0.0
2560.4643345087843	2561.463078227284	power1	0.0
2562.8706382501646	2564.2882696644374	power2	0.0
2562.917043018084	2564.362394521175	power1	0.0
2566.175701906149	2567.5392181253487	power2	0.0
2566.376796693933	2567.7388990760996	power1	0.0
2569.538197261952	2570.756589235352	power2	0.0
2569.906209839766	2571.306271595066	power1	0.0
2571.8613885552577	2573.333003883894	power2	0.0
2573.6678212188767	2574.8468566240913	power1	0.0
2574.6259861942913	2575.878858781791	power2	0.0
2576.8953766614472	2578.3496594389926	power1	0.0
2577.4835114850575	2578.7109054729667	power2	0.0
2580.239031220657	2581.6242761954572	power1	0.0
2580.410732514623	2581.975838228123	power2	0.0
2583.268257805389	2584.577867419389	power2	0.0
2583.698784896507	2585.0891115297068	power1	0.0
2585.6379129245606	2587.2718356203227	power2	0.0
2587.6229350389126	2588.875927272549	power1	0.0
2588.5186701282596	2589.5058962652597	power2	0.0
2590.5863103793017	2592.1366878957183	power2	0.0
2590.7808310114997	2592.2261825145906	power1	0.0
2594.3334639806603	2595.7335257359605	power1	0.0
2594.4195760132566	2595.8372074275294	power2	0.0
2598.211174476411	2599.5732768585776	power1	0.0
2598.531624602407	2599.750016575807	power2	0.0
2600.9245116345123	2602.3961269631486	power2	0.0
2601.9960056788495	2603.450288456395	power1	0.0
2603.6426454476805	2604.8955180351804	power2	0.0
2606.036254937895	2607.2152903431097	power1	0.0
2606.1749239573833	2607.4023179452925	power2	0.0
2608.8233620317524	2610.2125980235855	power2	0.0
2609.2870302037936	2610.6722751785937	power1	0.0
2611.2394809767898	2612.4578729501895	power2	0.0
2612.537805469692	2613.928132102892	power1	0.0
2614.1899339192883	2615.8238566150503	power2	0.0
2616.0799307426314	2617.3053606831313	power1	0.0
2618.371678247239	2619.4689347199387	power2	0.0
2619.4340929980626	2620.8794445011536	power1	0.0
2620.8574929310757	2622.4078704474923	power2	0.0
2623.12604490719	2624.4881472893567	power1	0.0
2624.7372223908965	2626.1548538051693	power2	0.0
2626.864436462973	2628.2644982182733	power1	0.0
2627.896762549792	2629.115154523192	power2	0.0
2630.173490017232	2631.738595730732	power2	0.0
2632.8916238303996	2633.8788499673997	power2	0.0
2633.064857827801	2634.317850061437	power1	0.0
2635.3542066013038	2636.9045841177203	power2	0.0
2636.129145970784	2637.5834287483294	power1	0.0
2638.304659543802	2639.532053531711	power2	0.0
2639.8210978799116	2641.2063428547117	power1	0.0
2640.9530976181704	2642.4247129468067	power2	0.0
2643.303554408881	2644.302298127381	power1	0.0
2643.9267824736016	2645.2363920876014	power2	0.0
2646.273205679841	2647.907128375603	power2	0.0
2647.0656827581997	2648.5110342612907	power1	0.0
2649.3398181870043	2650.437074659704	power2	0.0
2651.9882562613725	2653.3774922532057	power2	0.0
2652.2437033603096	2653.605805742476	power1	0.0
2655.3319398629133	2656.722266496113	power1	0.0
2655.565970853064	2656.553196990064	power2	0.0
2657.796234494637	2659.3466120110534	power2	0.0
2659.0238917720408	2660.2029271772553	power1	0.0
2660.886078914734	2662.3037103290067	power2	0.0
2662.1121282746444	2663.5574797777354	power1	0.0
2663.7203722925665	2664.738812611112	power2	0.0
2665.540269169496	2666.882932982353	power2	0.0
2665.5486621271657	2666.948723882466	power1	0.0
2667.948580446383	2669.2581900603827	power2	0.0
2669.4728122695715	2670.7258045032077	power1	0.0
2670.318235565555	2671.952158261317	power2	0.0
2672.5146091255197	2673.8998541003198	power1	0.0
2673.222224682187	2674.209450819187	power2	0.0
2675.6492852747792	2677.1035680523246	power1	0.0
2675.6848074530913	2677.2499131665913	power2	0.0
2678.5191008309243	2679.7464948188335	power2	0.0
2679.712754357152	2680.938184297652	power1	0.0
2681.3998580346233	2682.4182983531687	power2	0.0
2682.6384520964607	2684.0287787296606	power1	0.0
2684.3025849289033	2685.6661011481033	power2	0.0
2686.130202781164	2687.3092381863785	power1	0.0
2687.0452128773563	2688.2980854648563	power2	0.0
2689.0471233349463	2690.492474838037	power1	0.0
2690.437072165583	2692.070994861345	power2	0.0
2692.390777894156	2693.7908396494563	power1	0.0
2693.4804527598135	2694.4676788968136	power2	0.0
2695.7112126300385	2697.073315012205	power1	0.0
2696.1056589212485	2697.577274249885	power2	0.0
2698.7773289085508	2700.00472289646	power2	0.0
2699.263845599199	2700.7181283767445	power1	0.0
2701.495462721718	2702.713854695118	power2	0.0
2702.6307199817365	2704.0159649565367	power1	0.0
2703.8418859279573	2705.4069916414574	power2	0.0
2706.183352950897	2707.4363451845334	power1	0.0
2707.0288950503964	2708.1092294358577	power2	0.0
2709.3412489234843	2710.731575556684	power1	0.0
2709.766023725887	2711.3164012423035	power2	0.0
2713.3437383175774	2714.76136973185	power2	0.0
2713.7065757091195	2714.885611114334	power1	0.0
2715.968944479013	2716.987384797558	power2	0.0
2717.166329384969	2718.6116808880597	power1	0.0
2718.408295336984	2719.87991066562	power2	0.0
2720.65282435356	2721.87825429406	power1	0.0
2721.1031972372184	2722.3560698247184	power2	0.0
2723.333460878792	2724.967383574554	power2	0.0
2723.8304186800606	2725.284701457606	power1	0.0
2726.3303776471566	2727.557771635066	power2	0.0
2727.29017235591	2728.67541733071	power1	0.0
2728.475350489189	2730.0404562026893	power2	0.0
2730.6570467384477	2732.057108493748	power1	0.0
2731.6969495346925	2733.0065591486923	power2	0.0
2734.325778824247	2735.5787710578834	power1	0.0
2734.3686195219943	2735.918997038411	power2	0.0
2737.2493767256938	2738.236602862694	power2	0.0
2737.414015326851	2738.859366829942	power1	0.0
2741.2452657501794	2742.7168810788157	power2	0.0
2741.291725822601	2742.6538282047677	power1	0.0
2743.98663147628	2745.2050234496796	power2	0.0
2744.797919145106	2746.188245778306	power1	0.0
2746.7279972023807	2748.361919898143	power2	0.0
2749.0573563792036	2750.236391784418	power1	0.0
2749.655218231946	2750.752474704646	power2	0.0
2752.024873351118	2753.414109342951	power2	0.0
2752.042504023394	2753.427748998194	power1	0.0
2755.1379496841473	2756.447559298147	power2	0.0
2756.152412752423	2757.552474507723	power1	0.0
2757.8328515843823	2759.250482998655	power2	0.0
2762.2701469545964	2763.820524471013	power2	0.0
2763.68047683259	2764.90590677309	power1	0.0
2765.919990270159	2767.1383822435587	power2	0.0
2767.7158847696905	2769.170167547236	power1	0.0
2768.2872124042583	2769.5146063921675	power2	0.0
2770.5871717846308	2772.058787113267	power2	1.0
2770.6415825089994	2771.8945747426355	power1	1.0
2773.3285375107316	2774.408871896193	power2	1.0
2773.381521661685	2774.766766636485	power1	1.0
2775.512337326439	2777.146260022201	power2	1.0
2776.7948356908787	2778.1851623240786	power1	1.0
2778.7363136660124	2779.7235398030125	power2	1.0
2780.3010290133834	2781.480064418598	power1	1.0
2780.9950687786404	2782.2224627665496	power2	1.0
2783.27179624608	2784.8369019595802	power2	1.0
2783.412485339315	2784.857836842406	power1	1.0
2786.5474959696417	2787.7658879430414	power2	1.0
2787.2901958350653	2788.6902575903655	power1	1.0
2788.917151088813	2790.334782503086	power2	1.0
2790.8428288042255	2792.204931186392	power1	1.0
2791.565589163182	2793.1159666795984	power2	1.0
2794.1864833634354	2795.5768099966353	power1	1.0
2795.0271441902073	2796.2800167777073	power2	1.0
2797.652350351643	2799.123965680279	power2	1.0
2797.762336155924	2798.987766096424	power1	1.0
2800.4169479906764	2801.4041741276765	power2	1.0
2800.5022753086096	2801.9476268117005	power1	1.0
2802.484588241719	2804.118510937481	power2	1.0
2804.426425451016	2805.679417684652	power1	1.0
2806.8289559602003	2808.0563499481095	power2	1.0
2808.2576963001106	2809.711979077656	power1	1.0
2809.3612344699036	2810.6708440839034	power2	1.0
2811.740669799288	2813.125914774088	power1	1.0
2812.125832108937	2813.6909378224373	power2	1.0
2814.9368935738376	2816.3545249881104	power2	1.0
2814.9914450651863	2816.3817716983863	power1	1.0
2817.957042255135	2819.209914842635	power2	1.0
2818.7298366209693	2819.908872026184	power1	1.0
2820.8610313717672	2822.411408888184	power2	1.0
2821.9806118868682	2823.3806736421684	power1	1.0
2824.136731095328	2825.3551230687276	power2	1.0
2825.5332448560284	2826.9785963591194	power1	1.0
2826.831632995563	2828.303248324199	power2	1.0
2829.4109553517787	2830.6363852922786	power1	1.0
2829.494998930202	2830.4822250672023	power2	1.0
2831.361856017509	2832.995778713271	power2	1.0
2832.1044548578093	2833.5587376353546	power1	1.0
2834.2658451341417	2835.3461795196035	power2	1.0
2835.773186943609	2837.1352893257754	power1	1.0
2836.519340688648	2838.084446402148	power2	1.0
2839.4930255440795	2840.7204195319887	power2	1.0
2842.3211771220613	2843.711503755261	power1	1.0
2845.2313080385443	2846.781685554961	power2	1.0
2846.152447971156	2847.3314833763707	power1	1.0
2849.217464650432	2850.602709625232	power1	1.0
2851.085750097675	2852.428413910532	power2	1.0
2852.8165372662484	2854.0695294998845	power1	1.0
2854.7099285152317	2855.9628011027316	power2	1.0
2856.3691702354085	2857.7692319907087	power1	1.0
2857.0795836344037	2858.4972150486765	power2	1.0
2859.8753635579137	2861.3207150610046	power1	1.0
2860.541138661429	2862.1062443749292	power2	1.0
2863.4915916039276	2864.7099835773274	power2	1.0
2863.660194760352	2865.0222971425187	power1	1.0
2865.745087158434	2867.3790098541963	power2	1.0
2867.1663880828573	2868.6206708604027	power1	1.0
2868.6026124492	2869.5898385862	power2	1.0
2870.6014434781314	2872.0730588067677	power2	1.0
2871.299516635214	2872.524946575714	power1	1.0
2873.1328354711463	2874.3602294590555	power2	1.0
2875.22366677762	2876.61399341082	power1	1.0
2876.0674903361737	2877.3770999501735	power2	1.0
2878.545871184549	2880.0962487009656	power2	1.0
2879.1013772733704	2880.3543695070066	power1	1.0
2881.3801645623817	2882.7977959766545	power2	1.0
2882.2824930692855	2883.6677380440856	power1	1.0
2885.492213151533	2886.745085739033	power2	1.0
2885.974444978413	2887.374506733713	power1	1.0
2887.6992448801734	2889.2643505936735	power2	1.0
2889.6663968875405	2890.845432292755	power1	1.0
2890.8355531261363	2892.0629471140455	power2	1.0
2893.2422496800286	2894.6876011831196	power1	1.0
2893.3445997229064	2894.894977239323	power2	1.0
2896.5273717947352	2897.5458121132806	power2	1.0
2897.305718762402	2898.531148702902	power1	1.0
2899.0364183915053	2900.6703410872674	power2	1.0
2900.231416501711	2901.6856992792564	power1	1.0
2902.219190463334	2903.472063050834	power2	1.0
2904.6817732342383	2906.099404648511	power2	1.0
2904.759282050641	2906.1213844328076	power1	1.0
2907.539298525004	2909.0109138536404	power2	1.0
2908.4047943131127	2909.7951209463126	power1	1.0
2910.489751467503	2911.476977604503	power2	1.0
2912.305724632191	2913.4847600374055	power1	1.0
2912.720015109076	2914.2703926254926	power2	1.0
2915.6958188380568	2917.081063812857	power1	1.0
2915.926019093838	2917.144411067238	power2	1.0
2918.365369951809	2919.930475665309	power2	1.0
2919.2020121605615	2920.6020739158616	power1	1.0
2921.4784462848393	2922.788055898839	power2	1.0
2922.986843363001	2924.432194866092	power1	1.0
2924.6147545308013	2926.2486772265634	power2	1.0
2927.2128512086683	2928.4658434423045	power1	1.0
2927.634903212099	2928.7321596847987	power2	1.0
2930.1671817218025	2931.3945757097117	power2	1.0
2930.672604884518	2932.1268876620634	power1	1.0
2932.6994602315053	2934.1710755601416	power2	1.0
2934.8986127301855	2936.2838577049856	power1	1.0
2936.2539429102635	2937.4723348836633	power2	1.0
2938.915642165903	2940.305968799103	power1	1.0
2939.576106459691	2940.9937378739637	power2	1.0
2942.3174721857913	2943.867849702208	power2	1.0
2942.421835488408	2943.6472654289078	power1	1.0
2945.138554817766	2946.583906320857	power1	1.0
2945.825491038683	2946.8127171756832	power2	1.0
2947.846667463859	2949.411773177359	power2	1.0
2948.6679679635986	2950.0680297188987	power1	1.0
2950.9597437968887	2952.2693534108885	power2	1.0
2952.6385577526603	2953.8915499862965	power1	1.0
2953.468790393659	2955.1027130894213	power2	1.0
2955.796453725248	2957.181698700048	power1	1.0
2956.326315684425	2957.553709672334	power2	1.0
2958.8585941941283	2960.3302095227646	power2	1.0
2959.6045047510142	2960.994831384214	power1	1.0
2962.041366265957	2963.294238853457	power2	1.0
2963.5286548934205	2964.707690298635	power1	1.0
2964.87565964379	2966.4260371602068	power2	1.0
2967.1509473325646	2968.5962988356555	power1	1.0
2968.2614733805576	2969.2486995175577	power2	1.0
2970.172535792527	2971.737641506027	power2	1.0
2971.6555930581667	2973.0176954403332	power1	1.0
2973.0300610832933	2974.248453056693	power2	1.0
2974.999247617377	2976.4535303949224	power1	1.0
2975.4926438541975	2976.9102752684703	power2	1.0
2978.3269372320306	2979.877314748447	power2	1.0
2978.9930572297662	2980.172092634981	power1	1.0
2981.7652603461233	2982.9926543340325	power2	1.0
2984.3207707687593	2985.630380382759	power2	1.0
2987.8287896216507	2989.300404950287	power2	1.0
2989.070460554052	2990.470522309352	power1	1.0
2990.8024744770823	2992.0553470645823	power2	1.0
2992.64631334654	2993.87174328704	power1	1.0
2993.543840203183	2995.1777628989453	power2	1.0
2995.6184507325042	2997.063802235595	power1	1.0
2996.4478293198154	2997.666221293215	power2	1.0
2999.212426958849	3000.439820946758	power2	1.0
2999.774799108189	3001.1369014903557	power1	1.0
3001.698241642686	3003.087477634519	power2	1.0
3004.0936862471685	3005.3466784808047	power1	1.0
3004.509303107586	3005.589637493048	power2	1.0
3007.158702926444	3008.6129857039896	power1	1.0
3007.227436920754	3008.7778144371705	power2	1.0
3010.201121776185	3011.188347913185	power2	1.0
3010.8042151889163	3012.1894601637164	power1	1.0
3012.4546173306917	3013.926232659328	power2	1.0
3014.6587058613386	3016.0490324945386	power1	1.0
3015.7227527588484	3016.941144732248	power2	1.0
3018.0535083475584	3019.6874310433204	power2	1.0
3018.582856003745	3019.7618914089594	power1	1.0
3021.1201208547222	3022.3475148426314	power2	1.0
3021.6943123296764	3023.1396638327674	power1	1.0
3023.373616409229	3024.938722122729	power2	1.0
3026.1525184086227	3027.552580163923	power1	1.0
3026.3008374387937	3027.3980939114936	power2	1.0
3028.7634202096983	3030.181051623971	power2	1.0
3029.96056943439	3031.3226718165565	power1	1.0
3031.644177413397	3033.1945549298134	power2	1.0
3033.1881248769605	3034.642407654506	power1	1.0
3034.78048565936	3035.9988776327596	power2	1.0
3036.9497362560714	3038.3349812308716	power1	0.0
3037.219836517331	3038.853759213093	power2	1.0
3040.0541298951644	3041.5257452238006	power2	1.0
3040.804226928494	3042.1945535616937	power1	1.0
3042.865191360064	3043.852417497064	power2	1.0
3044.9792954369723	3046.5444011504724	power2	1.0
3045.007014950834	3046.232444891334	power1	1.0
3047.9065164665376	3048.9868508519994	power2	1.0
3048.2810100400607	3049.7263615431516	power1	1.0
3050.3458673245086	3051.573261312418	power2	1.0
3052.1587205358105	3053.5587822911107	power1	1.0
3053.0640011376763	3054.614378654093	power2	1.0
3056.0609179060402	3057.31379049354	power2	1.0
3056.1525301482	3057.4055223818364	power1	1.0
3058.291181547614	3059.708812961887	power2	1.0
3059.356865767443	3060.7421107422433	power1	1.0
3061.2880983159785	3062.5064902893782	power2	1.0
3062.932718559932	3064.387001337477	power1	1.0
3063.541593870485	3065.106699583985	power2	1.0
3066.8369532125666	3068.1465628265664	power2	1.0
3066.949747995649	3068.1287834008635	power1	1.0
3069.4657316684147	3071.099654364177	power2	1.0
3070.1308637915645	3071.5762152946554	power1	1.0
3072.2070973945156	3073.1943235315157	power2	1.0
3074.101453580626	3075.5015153359263	power1	1.0
3074.6232163395534	3076.0948316681897	power2	1.0
3077.839845136409	3079.065275076909	power1	1.0
3078.828192580437	3080.0555865683464	power2	1.0
3080.8584221690294	3082.3127049465747	power1	1.0
3082.19681995573	3083.7471974721466	power2	1.0
3084.829011958091	3086.0820041917273	power1	1.0
3085.2866643758266	3086.5050563492264	power2	1.0
3087.5866237561995	3089.2205464519616	power2	1.0
3088.61384316053	3089.99908813533	power1	1.0
3090.211829917635	3091.464702505135	power2	1.0
3092.0968166597067	3093.4871432929067	power1	1.0
3092.558253123874	3094.123358837374	power2	1.0
3095.3693145887737	3096.596708576683	power2	1.0
3096.4157037986865	3097.594739203901	power1	1.0
3097.529882491548	3099.0014978201843	power2	1.0
3099.480720477962	3100.926071981053	power1	1.0
3100.8520460409754	3102.070438014375	power2	1.0
3103.1494525637618	3104.5115549459283	power1	1.0
3103.7792670705403	3105.196898484813	power2	1.0
3106.72530535625	3108.11563198945	power1	1.0
3106.8923434035705	3108.442720919987	power2	1.0
3110.446826082328	3111.674220070237	power2	1.0
3110.7887744386235	3112.0142043791234	power1	1.0
3113.1417279825628	3114.4513375965626	power2	1.0
3113.73769200126	3115.191974778805	power1	1.0
3115.441687362935	3116.9133026915715	power2	1.0
3117.9404800236002	3119.3257249984003	power1	1.0
3118.6709232606304	3119.6581493976305	power2	1.0
3120.924418815137	3122.489524528637	power2	1.0
3122.421905925875	3123.674898159511	power1	1.0
3123.6193207153715	3124.8467147032807	power2	1.0
3125.9657439216107	3127.5161214380273	power2	1.0
3125.997758718363	3127.397820473663	power1	1.0
3128.9161968641088	3130.1345888375085	power2	1.0
3129.8986890374413	3131.344040540532	power1	1.0
3131.518171112611	3133.152093808373	power2	1.0
3134.468624055109	3135.886255469382	power2	1.0
3134.6123131729937	3135.8377431134936	power1	1.0
3137.20998978121	3138.30724625391	power2	1.0
3137.955967732204	3139.4102505097494	power1	1.0
3139.4867172486497	3140.958332577286	power2	1.0
3141.671139464659	3143.0332418468256	power1	1.0
3142.390706365282	3143.377932502282	power2	1.0
3145.2469922571477	3146.6373188903476	power1	1.0
3145.921957131107	3147.4723346475234	power2	1.0
3149.220888767601	3150.2393290861464	power2	1.0
3149.4730001028156	3150.65203550803	power1	1.0
3152.6773357220586	3154.0625806968587	power1	1.0
3153.402633095551	3154.9677388090513	power2	1.0
3156.6247056877924	3158.0247674430925	power1	1.0
3157.5843774235013	3158.664711808963	power2	1.0
3160.8136133211965	3162.0410073091057	power2	1.0
3161.918825406541	3163.1718176401773	power1	1.0
3163.3226599179666	3164.794275246603	power2	1.0
3165.378579082391	3166.823930585482	power1	1.0
3166.435736250997	3167.6886088384967	power2	1.0
3169.084174325365	3170.718097021127	power2	1.0
3169.279509401469	3170.6416117836357	power1	1.0
3172.336642135993	3173.323868272993	power2	1.0
3172.9018018406127	3174.2921284738127	power1	1.0
3174.6598334292985	3176.210210945715	power2	1.0
3177.56898632951	3178.7480217347247	power1	1.0
3178.2607799339225	3179.6784113481954	power2	1.0
3180.959080535376	3182.4133633129213	power1	1.0
3181.420320092818	3182.9854258063183	power2	1.0
3184.5581531511916	3185.9433981259917	power1	1.0
3184.6991328866334	3185.7175732051787	power2	1.0
3186.858885979063	3188.107648883063	power2	1.0
3188.342984353631	3189.743046108931	power1	1.0
3191.0615639600373	3192.1418983454987	power2	1.0
3191.918837146119	3193.144267086619	power1	1.0
3194.4069594223974	3195.8785747510337	power2	1.0
3194.8677547087555	3196.3131062118464	power1	1.0
3198.6816314020803	3199.6688575390804	power2	1.0
3198.745465204506	3200.1075675866728	power1	1.0
3200.7957354789883	3202.0231294668974	power2	1.0
3202.298098173667	3203.688424806867	power1	1.0
3203.7229565085536	3204.9413484819534	power2	1.0
3206.1990284927447	3207.3780638979592	power1	1.0
3206.255235018257	3207.8056125346734	power2	1.0
3209.228919873688	3210.646551287961	power2	1.0
3212.0167494256552	3213.269622013155	power2	1.0
3212.2484615249177	3213.648523280218	power1	1.0
3215.1298257586845	3216.6949314721846	power2	1.0
3218.3358297434465	3219.5632237313557	power2	1.0
3220.844876340217	3222.3164916688534	power2	1.0
3246.820074542033	3248.2743573195785	power1	0.0
3249.280737770279	3250.508131758188	power2	0.0
3249.8045804160333	3251.0575726496695	power1	0.0
3252.091799235179	3253.642176751596	power2	0.0
3252.578588414033	3253.9638333888333	power1	0.0
3255.6203840480334	3257.0204458033336	power1	0.0
3255.66951382687	3256.97912344087	power2	0.0
3258.3644157271046	3259.9983384228667	power2	0.0
3259.6606316840334	3260.839667089248	power1	0.0
3261.361332495469	3262.614205082969	power2	0.0
3262.7256471320334	3264.1709986351243	power1	0.0
3264.1491620474358	3265.714267760936	power2	0.0
3266.0693003480333	3267.0725013480333	power1	0.0
3266.8905277735366	3267.8777539105367	power2	0.0
3269.2601828927086	3270.6778143069814	power2	0.0
3272.257099661073	3273.8074771774895	power2	0.0
3273.453201200033	3274.843527833233	power1	0.0
3275.137856864772	3276.3562488381717	power2	0.0
3276.6807553460335	3277.9061852865334	power1	0.0
3277.577207722743	3279.211130418505	power2	0.0
3279.4373025690334	3280.8915853465787	power1	0.0
3281.203735058592	3282.284069444054	power2	0.0
3282.1141918220333	3283.4994367968334	power1	0.0
3283.5478093465385	3285.019424675175	power2	0.0
3285.2720865260335	3286.6721482813336	power1	0.0
3286.5447261149034	3287.7721201028126	power2	0.0
3289.1265756500334	3290.3795678836696	power1	0.0
3289.309323753937	3290.874429467437	power2	0.0
3292.052272214033	3293.4412813993663	power1	0.0
3292.1203852188373	3293.3732578063373	power2	0.0
3295.1869977260008	3296.6046291402736	power2	0.0
3296.440817060033	3297.666247000533	power1	0.0
3298.485929362495	3300.0363068789115	power2	0.0
3300.016668416033	3301.4709511935785	power1	0.0
3302.1101077800517	3303.097333917052	power2	0.0
3304.2194547500335	3305.5815571322	power1	0.0
3304.874705419086	3306.346320747722	power2	0.0
3307.586327780033	3308.976654413233	power1	0.0
3307.825158361584	3309.0435503349836	power2	0.0
3310.357436871287	3311.991359567049	power2	0.0
3311.069299880033	3312.4545448548333	power1	1.0
3313.818991898313	3315.128601512313	power2	1.0
3315.504284354033	3316.6833197592478	power1	0.0
3316.30480658215	3317.86991229565	power2	0.0
3318.221002592033	3319.666354095124	power1	0.0
3319.696665870376	3320.924059858285	power2	0.0
3321.518216180033	3322.918277935333	power1	0.0
3322.252176293013	3323.4705682664126	power2	0.0
3324.645063325118	3326.1954408415345	power2	0.0
3325.0708477220332	3326.3238399556694	power1	0.0
3327.641980093482	3329.0596115077547	power2	0.0
3328.5538198220333	3329.9390647968335	power1	0.0
3330.89444790411	3332.3660632327465	power2	0.0
3332.0135721080333	3333.403898741233	power1	0.0
3334.0075242371395	3335.2603968246394	power2	0.0
3335.868061232033	3337.093491172533	power1	0.0
3336.493338920977	3338.127261616739	power2	0.0
3339.513487602274	3340.500713739274	power2	0.0
3342.672982116399	3344.062218108232	power2	0.0
3344.0878753880334	3345.5421581655787	power1	0.0
3345.1820743579406	3346.4004663313403	power2	0.0
3347.6678890417775	3349.218266558194	power2	0.0
3350.264345912033	3351.4433813172477	power1	0.0
3350.8506611136063	3352.0780551015155	power2	0.0
3353.213262290033	3354.658613793124	power1	0.0
3353.41776281986	3354.7273724338597	power2	0.0
3355.89198622008	3357.3636015487164	power2	0.0
3356.928432530033	3358.2905349121997	power1	0.0
3359.23738168244	3360.49025426994	power2	0.0
3360.5275037000333	3361.9275654553335	power1	0.0
3362.3039941896036	3363.9379168853657	power2	0.0
3364.9624881740333	3366.2154804076695	power1	0.0
3365.300910957968	3366.528304945877	power2	0.0
3368.065508597002	3369.283900570402	power2	0.0
3368.073943250033	3369.4591882248333	power1	0.0
3370.760410497236	3372.3107880136527	power2	0.0
3371.649794606033	3373.040121239233	power1	0.0
3374.152269785463	3375.139495922463	power2	0.0
3375.573943172033	3376.799373112533	power1	0.0
3377.2188822926264	3378.636513706899	power2	0.0
3378.8014973180334	3380.2557800955788	power1	0.0
3379.844088454062	3381.1536980680617	power2	0.0
3382.3995988766983	3383.9647045901984	power2	0.0
3382.4934477440333	3383.8786927188335	power1	0.0
3385.7217624261257	3386.949156414035	power2	0.0
3385.9532000300333	3387.3532617853334	power1	0.0
3388.091417545297	3389.344290132797	power2	0.0
3390.039887294033	3391.2189226992477	power1	0.0
3390.39137692567	3391.8629922543064	power2	0.0
3393.109510738838	3394.096736875838	power2	0.0
3393.3603206960333	3394.8056721991243	power1	0.0
3395.548861596809	3397.182784292571	power2	0.0
3397.493447588033	3398.8555499701997	power1	0.0
3398.383154974642	3399.610548962551	power2	0.0
3401.1245207007423	3402.674898217159	power2	0.0
3401.2086178280333	3402.5989444612333	power1	0.0
3404.237597033772	3405.455989007172	power2	0.0
3405.1327663940333	3406.358196334533	power1	0.0
3407.675920147865	3409.0935515621377	power2	0.0
3408.7318375640334	3410.1861203415788	power1	0.0
3411.044547523158	3412.6096532366582	power2	0.0
3412.168370036033	3413.4213622696693	power1	0.0
3414.1111600303216	3415.4207696443214	power2	0.0
3415.9067600900335	3417.2920050648336	power1	0.0
3416.922221495222	3418.4725990116385	power2	0.0
3419.784469028033	3421.1845307833332	power1	0.0
3421.080733910239	3422.177990382939	power2	0.0
3423.778277036033	3424.9573124412477	power1	0.0
3424.821071892461	3426.454994588223	power2	0.0
3426.796852856033	3428.1858620413664	power1	0.0
3427.725061009093	3428.7122871460933	power2	0.0
3429.8856289118676	3431.357244240504	power2	0.0
3430.1869457000334	3431.5490480822	power1	0.0
3432.5805308121026	3433.8079248000117	power2	0.0
3434.2039735220333	3435.594300155233	power1	0.0
3435.2986646252702	3436.51705659867	power2	0.0
3437.691551657375	3439.256657370875	power2	0.0
3438.2674409720335	3439.4928709125334	power1	0.0
3440.967251380936	3442.2768609949358	power2	0.0
3441.5414347460332	3442.9957175235786	power1	0.0
3443.871240497568	3445.288871911841	power2	0.0
3445.790660708033	3447.175905682833	power1	0.0
3446.705533875401	3448.255911391818	power2	0.0
3449.5290507620334	3450.9291125173336	power1	0.0
3449.818610208431	3451.071482795931	power2	0.0
3452.397352544	3453.8689678726364	power2	0.0
3453.4531993280334	3454.7061915616696	power1	0.0
3455.3245735735654	3456.5519675614746	power2	0.0
3457.4237875220333	3458.8691390251242	power1	0.0
3457.7871563444696	3459.4210790402317	power2	0.0
3460.807305025767	3461.7945311627673	power2	0.0
3461.6265738560332	3462.852003796533	power1	0.0
3463.1585177033116	3464.547753695145	power2	0.0
3465.2256450260334	3466.6799278035787	power1	0.0
3465.7789343934414	3467.0063283813506	power2	0.0
3468.7990830747385	3469.817523393284	power2	0.0
3469.056914336033	3470.442159310833	power1	0.0
3471.4242892361744	3473.0582119319365	power2	0.0
3472.5631062500333	3473.9534328832333	power1	0.0
3474.560597482137	3476.032212810773	power2	0.0
3476.347935932033	3477.5269713372477	power1	0.0
3477.9756886832965	3479.2852982972963	power2	0.0
3479.5754900780335	3481.0208415811244	power1	0.0
3480.9493735387277	3482.176767526637	power2	0.0
3483.342260570833	3484.8926380872495	power2	0.0
3483.453199016033	3484.853260771333	power1	0.0
3486.9199751625238	3488.1728477500237	power2	0.0
3487.098709814033	3488.4608121961996	power1	0.0
3489.6148770627583	3491.032508477031	power2	0.0
3491.8123320560335	3493.266614833579	power1	0.0
3492.704721482855	3493.9231134562547	power2	0.0
3495.236999992558	3496.87092268832	power2	0.0
3495.690040994033	3496.9430332276693	power1	0.0
3498.0945252833244	3499.404134897324	power2	0.0
3500.2643443520333	3501.6495893268334	power1	0.0
3500.557108054228	3502.122213767728	power2	0.0
3503.6469524743247	3504.634178611325	power2	0.0
3504.5832297560332	3505.973556389233	power1	0.0
3506.063071419363	3507.290465407272	power2	0.0
3508.5488861032	3510.0992636196165	power2	0.0
3508.902115160033	3510.0811505652478	power1	0.0
3511.847817739694	3513.066209713094	power2	0.0
3512.477966516033	3513.923318019124	power1	0.0
3514.635647291661	3516.0532787059337	power2	0.0
3516.9593906180335	3518.3594523733336	power1	0.0
3518.9567830972096	3520.2096556847096	power2	0.0
3520.5352419740334	3521.8973443562	power1	0.0
3521.581989258645	3523.0536045872814	power2	0.0
3523.7860159340335	3525.240298711579	power1	0.0
3524.5324422011436	3525.5196683381437	power2	0.0
3526.948561146182	3528.582483841944	power2	0.0
3527.9423626400335	3529.1677925805334	power1	0.0
3529.968709827479	3531.2783194414787	power2	0.0
3531.030597902033	3532.475949405124	power1	0.0
3532.733307466513	3534.2836849829296	power2	0.0
3534.6528888860335	3535.9058811196696	power1	0.0
3536.009007190074	3537.236401177983	power2	0.0
3538.5073780100333	3539.699840322033	power1	0.0
3538.5180537868446	3540.0831595003447	power2	0.0
3541.2129556870786	3542.6305871013515	power2	0.0
3542.176108622033	3543.5761703773333	power1	0.0
3544.0007852390454	3545.219177212445	power2	0.0
3545.7287401640333	3546.907775569248	power1	0.0
3546.556295661682	3548.027910990318	power2	0.0
3549.2117122640334	3550.6570637671243	power1	0.0
3549.4370528653812	3550.689925452881	power2	0.0
3551.8299398974864	3553.4638625932485	power2	0.0
3553.391278784033	3554.616708724533	power1	0.0
3555.1985672727797	3556.425961260689	power2	0.0
3556.6652725580334	3558.1195553355788	power1	0.0
3558.404571257541	3559.3917973945413	power2	0.0
3560.380442798033	3561.765687772833	power1	0.0
3560.634834899115	3562.1852124155316	power2	0.0
3563.8640707968098	3565.0824627702095	power2	0.0
3564.8618669000334	3566.2521935332334	power1	0.0
3566.349885480647	3567.599885480647	power2	0.0
3568.6002569540333	3569.8532491876695	power1	0.0
3569.3700341619447	3570.759270153778	power2	0.0
3571.665272402033	3573.0505173768333	power1	0.0
3572.1113998880455	3573.4210095020453	power2	0.0
3574.5739826589493	3576.124360175366	power2	0.0
3575.9377181780333	3577.116753583248	power1	0.0
3578.15169725064	3579.3790912385493	power2	0.0
3578.770535486033	3580.1595446713663	power1	0.0
3580.544584282745	3582.016199611381	power2	0.0
3582.1606283300334	3583.5227307122	power1	0.0
3583.4538791395503	3584.7026420435504	power2	0.0
3586.097011473746	3587.349884061246	power2	0.0
3586.3169750360335	3587.7073016692334	power1	0.0
3588.9313048515787	3590.496410565079	power2	0.0
3590.2411236020334	3591.4665535425333	power1	0.0
3592.1373088363407	3593.124534973341	power2	0.0
3593.166820166033	3594.6211029435785	power1	0.0
3594.8554426495084	3596.405820165925	power2	0.0
3596.7891111500335	3598.1743561248336	power1	0.0
3597.9917508954713	3599.210142868871	power2	0.0
3600.291710275844	3601.76332560448	power2	0.0
3600.434621948033	3601.834683703333	power1	0.0
3603.195699392476	3604.423093380385	power2	0.0
3604.892826236033	3606.1458184696694	power1	0.0
3605.704745989246	3607.2551235056626	power2	0.0
3608.352578522033	3609.797930025124	power1	0.0
3608.655198931745	3609.9648085457447	power2	0.0
3611.303637006113	3612.721268420386	power2	0.0
3613.878894254033	3615.104324194533	power1	0.0
3614.021770819281	3615.586876532781	power2	0.0
3616.827810632033	3618.2820934095785	power1	0.0
3617.4136301075073	3618.6665026950072	power2	0.0
3620.131763920675	3621.765686616437	power2	0.0
3620.937717710033	3622.3229626848333	power1	0.0
3623.2216083407716	3624.2088344777717	power2	0.0
3624.560008694033	3625.950335327233	power1	0.0
3625.846814502207	3627.3971920186236	power2	0.0
3628.8669631835046	3630.0853551569044	power2	0.0
3629.529048890033	3630.7080842952478	power1	0.0
3631.5386331708064	3633.0102484994427	power2	0.0
3633.0120209900333	3634.4573724931242	power1	0.0
3634.372926548639	3635.4532609341004	power2	
3640.790658680033	3642.1527610621997	power1	0.0
3646.8045905060335	3648.258873283579	power1	0.0
3647.7761928311024	3648.7634189681025	power2	0.0
3650.006456472676	3651.640379168438	power2	0.0
3652.911401588033	3654.0904369932477	power1	0.0
3653.096300892773	3654.323694880682	power2	0.0
3655.651811315409	3657.123426644045	power2	0.0
3655.9067575940335	3657.2920025688336	power1	0.0
3658.579032344974	3659.797424318374	power2	0.0
3659.8309061600335	3661.2212327932334	power1	0.0
3660.995151290012	3662.412782704285	power2	0.0
3663.7597489290456	3665.0693585430454	power2	0.0
3664.173011378033	3665.398441318533	power1	0.0
3666.663738045678	3668.214115562095	power2	0.0
3667.0290485000332	3668.474400003124	power1	0.0
3670.6745592980333	3672.0366616802	power1	0.0
3670.7757866348293	3672.193418049102	power2	0.0
3674.0747182713235	3675.3275908588234	power2	0.0
3674.5987078640333	3675.9987696193334	power1	0.0
3676.746388258625	3678.311493972125	power2	0.0
3679.2891102920335	3680.5421025256696	power1	0.0
3679.7665369399224	3680.7537630769225	power2	0.0
3682.020032494429	3683.653955190191	power2	0.0
3682.377345554033	3683.8316283315785	power1	0.0
3685.3421960438563	3686.560588017256	power2	0.0
3685.8835374680334	3687.2687824428335	power1	0.0
3687.7815469018274	3689.331924418244	power2	0.0
3689.668367150033	3691.058693783233	power1	0.0
3691.289565754719	3692.5169597426284	power2	0.0
3693.682452786824	3694.9920624008237	power2	0.0
3693.9408129260332	3695.119848331248	power1	0.0
3696.4005865999916	3697.872201928628	power2	0.0
3697.6559831660334	3699.1013346691243	power1	0.0
3699.5136629330214	3700.7665355205213	power2	0.0
3701.208614708033	3702.6086764633333	power1	0.0
3702.208564833256	3703.435958821165	power2	0.0
3704.554988039495	3706.120093752995	power2	0.0
3705.3881812280333	3706.7502836102	power1	0.0
3707.4589771561273	3708.4462032931274	power2	0.0
3708.8479335140332	3710.3022162915786	power1	0.0
3709.782168449433	3711.416091145195	power2	0.0
3712.4005650560334	3713.6259949965333	power1	0.0
3712.6164618272655	3713.8348538006653	power2	0.0
3715.125508424036	3716.6758859404526	power2	0.0
3715.6513390160335	3717.0966905191244	power1	0.0
3719.0284697967895	3720.1088041822513	power2	0.0
3719.5754875820335	3720.8284798156697	power1	0.0
3721.212269612497	3722.62990102677	power2	0.0
3723.220998380033	3724.606243354833	power1	0.0
3724.023331077397	3725.588436790897	power2	0.0
3726.6253053258993	3727.878177913399	power2	0.0
3726.7736299220333	3728.163956555233	power1	0.0
3729.2272795744016	3730.777657090818	power2	0.0
3730.628119046033	3731.8071544512477	power1	0.0
3732.3635878203645	3733.5909818082737	power2	0.0
3734.1807505880333	3735.6261020911243	power1	0.0
3734.7100110266033	3736.1816263552396	power2	0.0
3737.381681013905	3738.600072987305	power2	0.0
3738.662174690033	3739.887604630533	power1	0.0
3740.2624382176036	3741.8963609133657	power2	0.0
3741.727190138033	3743.1814729155785	power1	0.0
3743.1664273342362	3744.1536534712363	power2	0.0
3746.0007207120693	3747.551098228486	power2	0.0
3746.3479331240333	3747.7100355062	power1	0.0
3748.8117821769692	3750.121391790969	power2	0.0
3749.575487270033	3750.965813903233	power1	0.0
3752.064249987597	3753.48188140187	power2	0.0
3753.4764160220334	3754.8616609968335	power1	0.0
3754.6662242360994	3756.2313299495995	power2	0.0
3757.244966571669	3758.497839159169	power2	0.0
3757.2844655180334	3758.6845272733335	power1	0.0
3759.6610855167073	3761.1327008453436	power2	0.0
3761.231833898033	3762.4108693032476	power1	0.0
3762.6115384592053	3763.8389324471145	power2	0.0
3764.203970090033	3765.649321593124	power1	0.0
3765.2599765335735	3766.4783685069733	power2	0.0
3767.6993273915446	3769.3332500873066	power2	0.0
3768.4299762380333	3769.6829684716695	power1	0.0
3770.5445918540017	3771.531817991002	power2	0.0
3771.6110907560333	3773.0653735335786	power1	0.0
3772.4618695428217	3774.0122470592382	power2	0.0
3775.365858659454	3776.7834900737266	power2	0.0
3775.6048987640334	3776.9901437388335	power1	0.0
3778.2930796890187	3779.5114716624184	power2	0.0
3779.1343104920334	3780.5343722473335	power1	0.0
3780.639502895258	3781.866896883167	power2	0.0
3783.148549492028	3784.713655205528	power2	0.0
3785.473319714033	3786.698749654533	power1	0.0
3786.6101045190535	3787.690438904515	power2	0.0
3788.840192744033	3790.285544247124	power1	0.0
3790.0495105050945	3791.4130267242945	power2	0.0
3792.2786912747197	3793.5315638622196	power2	0.0
3793.5770348000333	3794.9391371822	power1	0.0
3795.02005700082	3796.4916723294564	power2	0.0
3798.0402056821176	3799.0274318191177	power2	0.0
3798.453195740033	3799.843522373233	power1	0.0
3800.1078459331598	3801.741768628922	power2	0.0
3803.0582988756582	3804.276690849058	power2	0.0
3805.2420986913658	3806.807204404866	power2	0.0
3805.279821056033	3806.4588564612477	power1	0.0
3808.2622473726633	3809.571856986663	power2	0.0
3808.5538148300334	3809.9390598048335	power1	0.0
3811.259164141027	3812.809541657444	power2	0.0
3811.8510284180334	3813.2510901733335	power1	0.0
3814.5813276904546	3815.9989591047274	power2	0.0
3815.125022192033	3816.3780144256693	power1	0.0
3817.7176359364175	3818.9360279098173	power2	0.0
3818.933071688033	3820.3873544655785	power1	0.0
3820.4357697495852	3821.6631637374944	power2	0.0
3822.712497217025	3824.1841125456613	power2	0.0
3822.857220254033	3824.242465228833	power1	0.0
3825.523558681925	3826.776431269425	power2	0.0
3826.8045886340333	3828.030018574533	power1	0.0
3828.427547798557	3830.061470494319	power2	0.0
3830.4036598040334	3831.8490113071243	power1	0.0
3832.214349606645	3833.4417435945543	power2	0.0
3834.583226324033	3835.973552957233	power1	0.0
3834.90925150688	3836.47435722038	power2	0.0
3837.7203129717795	3838.9387049451793	power2	0.0
3838.8092324720333	3839.988267877248	power1	0.0
3840.6707659142785	3842.221143430695	power2	0.0
3841.8510281060335	3843.2362730808336	power1	0.0
3844.0161613766386	3845.0033875136387	power2	0.0
3846.4555122346096	3847.927127563246	power2	0.0
3847.1683655120332	3848.5684272673334	power1	0.0
3849.5918204805726	3850.9014300945723	power2	0.0
3851.487250916033	3852.7402431496694	power1	0.0
3852.031171338543	3853.448802752816	power2	0.0
3854.726073238778	3856.2764507551947	power2	0.0
3854.7612446900334	3856.2065961931244	power1	0.0
3858.048236788205	3859.275630776114	power2	0.0
3860.147828239033	3861.6021110165784	power1	0.0
3860.6037472108414	3862.2376699066035	power2	0.0
3863.623895892139	3864.876768479639	power2	0.0
3865.993551011311	3867.558656724811	power2	0.0
3868.9904677796753	3869.9776939166754	power2	0.0
4105.946882799645	4107.172312740146	power1	1.0
4108.378357221414	4109.83263999896	power1	1.0
4108.790273074694	4110.017667062602	power2	1.0
4111.257615314067	4112.642860288867	power1	1.0
4111.392247323196	4112.863862651832	power2	1.0
4114.296236439828	4115.514628413228	power2	1.0
4114.578050049949	4115.968376683149	power1	1.0
4116.7355872978	4118.369509993561	power2	1.0
4117.875264962503	4119.054300367718	power1	1.0
4119.895127456695	4121.148000044195	power2	1.0
4120.661643761845	4122.106995264936	power1	1.0
4122.3577102275995	4123.9228159410995	power2	1.0
4124.121397437694	4125.483499819861	power1	1.0
4126.702077946081	4127.689304083081	power2	1.0
4127.372172703593	4128.772234458893	power1	1.0
4129.7919223661775	4131.3422998825945	power2	1.0
4131.598180549261	4132.851172782897	power1	1.0
4133.137317828538	4134.355709801937	power2	1.0
4134.291680055291	4135.745962832837	power1	1.0
4135.855451641705	4137.273083055978	power2	1.0
4138.099731081057	4139.3251610215575	power1	1.0
4138.643281193672	4139.952890807672	power2	1.0
4141.048648643695	4142.494000146786	power1	1.0
4141.175559703376	4142.6471750320125	power2	1.0
4144.009853081208	4145.237247069117	power2	1.0
4144.461962672888	4145.862024428188	power1	1.0
4146.658291155578	4147.911163743078	power2	1.0
4147.526979352164	4148.889081734331	power1	1.0
4149.306729229946	4150.871834943446	power2	1.0
4150.452677091472	4151.843003724672	power1	1.0
4153.093531038035	4154.311923011434	power2	1.0
4153.819551474009	4154.998586879224	power1	1.0
4155.393490418407	4157.027413114169	power2	1.0
4156.884568153285	4158.269813128085	power1	1.0
4158.297479535039	4159.607089149039	power2	1.0
4160.576520062413	4161.976581817713	power1	1.0
4161.782266474997	4163.332643991414	power2	1.0
4164.4774503814915	4165.730442615128	power1	1.0
4165.179348652249	4166.166574789249	power2	1.0
4167.590244708263	4168.817638696171	power2	1.0
4168.588473819968	4169.8573180409685	power1	1.0
4170.285146608497	4171.756761937133	power2	1.0
4172.999125542811	4174.224555483312	power1	1.0
4173.584078244991	4174.802470218391	power2	1.0
4175.8375737994975	4177.471496495259	power2	1.0
4176.45887921866	4177.913161996205	power1	1.0
4179.601143694653	4180.854016282153	power2	1.0
4179.988292364493	4181.373537339293	power1	1.0
4182.040494552623	4183.59087206904	power2	1.0
4183.192627983735	4184.582954616935	power1	1.0
4185.571745318449	4186.558971455449	power2	1.0
4187.836592649304	4189.015628054519	power1	1.0
4187.987864263487	4189.405495677759	power2	1.0
4190.878389505253	4192.278451260553	power1	1.0
4192.634246850098	4193.943856464098	power2	1.0
4195.3365955842	4196.5620255247	power1	1.0
4195.770555096061	4197.335660809561	power2	1.0
4198.215853676852	4199.661205179943	power1	1.0
4199.557356904149	4200.784750892058	power2	1.0
4201.884585762652	4203.246688144819	power1	1.0
4202.275490717317	4203.293931035862	power2	1.0
4204.784537314087	4206.2561526427235	power2	1.0
4205.390779085157	4206.845061862703	power1	1.0
4207.781454082451	4209.091063696451	power2	1.0
4209.547127460842	4210.932372435642	power1	1.0
4210.73190702495	4212.282284541367	power2	1.0
4213.053320783347	4214.443647416547	power1	1.0
4214.3096216166405	4215.296847753641	power2	1.0
4216.58634908408	4218.220271779842	power2	1.0
4217.000690749081	4218.253682982717	power1	1.0
4219.536802026579	4220.764196014487	power2	1.0
4220.692642658209	4222.077887633009	power1	1.0
4221.952920971617	4223.34215696345	power2	1.0
4224.973069652914	4226.191461626314	power2	1.0
4225.220508207138	4226.445938147638	power1	1.0
4227.482116249685	4228.899747663957	power2	1.0
4228.819580822954	4230.2738636005	power1	1.0
4230.525496843915	4231.778369431415	power2	1.0
4232.372213792115	4233.5512491973295	power1	1.0
4233.081007266551	4234.552622595187	power2	1.0
4235.692648527997	4237.138000031088	power1	1.0
4236.333475077179	4237.551867050579	power2	1.0
4238.912217412749	4240.462594929166	power2	1.0
4239.22206167383	4240.62212342913	power1	1.0
4242.582859656171	4243.5700857931715	power2	1.0
4243.215871286219	4244.577973668386	power1	1.0
4245.068674340008	4246.633780053508	power2	1.0
4247.465098955215	4248.855425588415	power1	1.0
4249.41304205849	4250.7226516724895	power2	1.0
4251.667886977556	4253.053131952356	power1	1.0
4251.968552481127	4253.386183895399	power2	1.0
4255.430107508152	4256.980485024569	power2	1.0
4255.708136236601	4257.1624190141465	power1	1.0
4258.45025618945	4259.70312877695	power2	1.0
4260.305661255515	4261.558653489151	power1	1.0
4261.145158089684	4262.779080785445	power2	1.0
4263.904733871331	4265.304795626631	power1	1.0
4263.979451467518	4265.206845455426	power2	1.0
4267.968202953703	4269.353447928504	power1	1.0
4268.114731969602	4269.586347298238	power2	1.0
4271.413663606096	4272.6320555794955	power2	1.0
4271.729814332814	4272.955244273315	power1	1.0
4274.092853985938	4275.320247973847	power2	1.0
4275.305667125303	4276.751018628394	power1	1.0
4277.151946100561	4278.717051814061	power2	1.0
4279.136937974397	4280.499040356564	power1	1.0
4280.03270330426	4281.34231291826	power2	1.0
4282.681141378628	4284.231518895045	power2	1.0
4282.805670060197	4284.195996693397	power1	1.0
4285.70694268075	4286.69416881775	power2	1.0
4286.613721085964	4287.792756491179	power1	1.0
4288.2568004825625	4289.728415811199	power2	1.0
4289.818056705207	4291.272339482753	power1	1.0
4291.765374289468	4293.018246876968	power2	1.0
4293.7886464942685	4295.173891469069	power1	1.0
4294.32032975809	4295.954252453852	power2	1.0
4297.270782700589	4298.498176688498	power2	1.0
4297.4109389334135	4298.811000688714	power1	1.0
4299.9192207749575	4301.484326488458	power2	1.0
4302.008463952327	4303.261456185963	power1	1.0
4303.682790670113	4304.670016807113	power2	1.0
4304.957381514963	4306.402733018054	power1	1.0
4306.16860535395	4307.586236768222	power2	1.0
4309.0958263835155	4310.6462038999325	power2	1.0
4309.229829007288	4310.455258947788	power1	1.0
4312.1624388906785	4313.380830864078	power2	1.0
4312.410944803202	4313.865227580748	power1	1.0
4315.67045774357	4317.304380439332	power2	1.0
4318.401659221787	4319.763761603954	power1	1.0
4320.340072243114	4321.649681857114	power2	1.0
4322.34902918752	4323.7393558207195	power1	1.0
4323.313757098546	4324.541151086455	power2	1.0
4325.6369483918525	4327.108563720489	power2	1.0
4326.621476679844	4327.8005120850585	power1	1.0
4328.633865160216	4329.943474774216	power2	1.0
4330.986803465479	4332.372048440279	power1	1.0
4331.746941493246	4333.297319009663	power2	1.0
4334.562656257967	4335.9627180132675	power1	1.0
4335.208496520272	4336.461369107772	power2	1.0
4338.414500505034	4339.979606218534	power2	1.0
4338.649345163669	4339.902337397305	power1	1.0
4342.224534226055	4343.211760363055	power2	1.0
4342.573495306075	4344.018846809166	power1	1.0
4344.942668039223	4346.576590734984	power2	1.0
4348.032512459319	4349.259906447228	power2	1.0
4348.2159123747415	4349.441342315242	power1	1.0
4350.634486707821	4351.852878681221	power2	1.0
4351.9543039305245	4353.40858670807	power1	1.0
4353.422316259789	4354.8399476740615	power2	1.0
4356.32630537642	4357.715541368254	power2	1.0
4356.5053893027825	4357.8674916849495	power1	1.0
4359.8807880551785	4361.190397669178	power2	1.0
4360.684957501796	4362.075284134996	power1	1.0
4363.319111169271	4364.869488685688	power2	1.0
4364.423349057579	4365.602384462793	power1	1.0
4366.7342023704305	4367.721428507431	power2	1.0
4367.488365736855	4368.873610711655	power1	1.0
4369.336176618933	4370.807791947569	power2	1.0
4372.216933822632	4373.435325796032	power2	1.0
4372.2484295190625	4373.693781022153	power1	1.0
4375.2603144168625	4376.894237112624	power2	1.0
4376.219019308124	4377.619081063424	power1	1.0
4378.745101356821	4379.997973944321	power2	1.0
4380.677225387071	4381.9302176207075	power1	1.0
4381.92787342865	4383.155267416559	power2	1.0
4384.183418709576	4385.637701487121	power1	1.0
4384.762166806484	4386.312544322901	power2	1.0
4388.31664948524	4389.53504145864	power2	1.0
4388.641624788523	4389.867054729023	power1	1.0
4390.616608865614	4392.181714579114	power2	1.0
4392.240697404338	4393.625942379138	power1	1.0
4394.333714934904	4395.643324548903	power2	1.0
4395.979088960122	4397.369415593322	power1	1.0
4398.236676307656	4399.6543077219285	power2	1.0
4400.553394155708	4401.732429560922	power1	1.0
4400.931578207892	4402.481955724309	power2	1.0
4403.943488361573	4405.388839864664	power1	1.0
4404.207277931452	4405.460150518952	power2	1.0
4406.902179831687	4408.129573819596	power2	1.0
4407.914078150635	4409.314139905935	power1	1.0
4410.03848807765	4411.510103406286	power2	1.0
4412.418723876237	4413.780826258404	power1	1.0
4413.569738843474	4414.556964980474	power2	1.0
4415.683842920383	4417.317765616144	power2	1.0
4416.15711543202	4417.611398209566	power1	1.0
4419.30802133794	4420.52641331134	power2	1.0
4420.499222394328	4421.678257799543	power1	1.0
4421.933227499375	4423.498333212875	power2	1.0
4425.0927676582705	4426.40237727227	power2	1.0
4427.625046167974	4429.042677582246	power2	1.0
4428.5332812657625	4429.918526240563	power1	1.0
4430.668426762204	4432.218804278621	power2	1.0
4432.712849464776	4433.965841698412	power1	1.0
4434.362300918561	4435.8339162471975	power2	1.0
4436.358361727247	4437.803713230338	power1	1.0
4437.335985773992	4438.588858361492	power2	1.0
4439.957434343063	4441.31953672523	power1	1.0
4440.565221671687	4441.792615659596	power2	1.0
4443.027804442591	4444.417040434425	power2	1.0
4443.858364662142	4445.248691295342	power1	1.0
4446.0014892980225	4447.219881271422	power2	1.0
4447.178799398023	4448.404229338524	power1	1.0
4448.487303981859	4450.121226677621	power2	1.0
4450.801091837168	4452.255374614714	power1	1.0
4451.8326994442195	4452.81992558122	power2	1.0
4454.34174604099	4455.813361369626	power2	1.0
4454.4001644529835	4455.785409427784	power1	1.0
4457.743819012194	4459.143880767494	power1	1.0
4457.826532980949	4459.136142594949	power2	1.0
4460.776985923447	4462.327363439864	power2	1.0
4461.389331274666	4462.7783404599995	power1	1.0
4464.825865127186	4466.051295067687	power1	1.0
4465.609223813523	4466.836617801432	power2	1.0
4467.867661983135	4469.321944760681	power1	1.0
4468.3738214525565	4470.007744148318	power2	1.0
4471.672753089051	4472.925625676551	power2	1.0
4471.838251772197	4473.091244005833	power1	1.0
4474.460582641018	4476.025688354518	power2	1.0
4474.763949511505	4476.154276144705	power1	1.0
4478.293848274972	4479.711479689245	power2	1.0
4478.595220360599	4479.9804653353995	power1	1.0
4481.778635214931	4482.99702718833	power2	1.0
4482.287172269727	4483.466207674942	power1	1.0
4484.891711547961	4486.442089064378	power2	1.0
4485.050331245741	4486.450393001041	power1	1.0
4488.074483619789	4489.061709756789	power2	1.0
4488.695843508213	4490.05794589038	power1	1.0
4490.978472736422	4492.321136549279	power2	1.0
4492.1788170073905	4493.6241685104815	power1	1.0
4495.624855323033	4496.934464937033	power2	1.0
4496.70668255632	4497.93211249682	power1	1.0
4498.366221049134	4499.593615037043	power2	1.0
4499.400182062351	4500.8544648398965	power1	1.0
4501.386369730431	4502.9514754439315	power2	1.0
4503.231452911446	4504.616697886246	power1	1.0
4504.615605628127	4505.868478215627	power2	1.0
4506.830525527261	4508.220852160461	power1	1.0
4507.240811789562	4508.791189305979	power2	1.0
4510.685016199684	4511.93800843332	power1	1.0
4511.050845510583	4512.360455124583	power2	1.0
4514.3073086388285	4515.707370394129	power1	1.0
4515.069966448003	4516.487597862275	power2	1.0
4517.674183021366	4518.8532184265805	power1	1.0
4519.669885208748	4521.141500537385	power2	1.0
4521.691212457084	4523.1365639601745	power1	1.0
4522.829425367644	4524.047817341044	power2	1.0
4525.68695065841	4527.320873354171	power2	1.0
4525.917220302752	4527.279322684919	power1	1.0
4529.098336098667	4530.552618876212	power1	1.0
4529.602804642498	4530.830198630407	power2	1.0
4532.820560817676	4534.385666531176	power2	1.0
4532.976046594416	4534.201476534917	power1	1.0
4536.443326346415	4537.752935960415	power2	1.0
4536.528679563577	4537.913924538377	power1	1.0
4539.649330331177	4541.199707847594	power2	1.0
4540.59214864595	4541.98247527915	power1	1.0
4543.8543065720605	4544.841532709061	power2	1.0
4544.191221261766	4545.444213495402	power1	1.0
4546.386585081764	4547.7292488946205	power2	1.0
4548.231470520811	4549.616715495611	power1	1.0
4549.24411037253	4550.462502345929	power2	1.0
4551.985476098631	4553.403107512903	power2	1.0
4552.411038719824	4553.8111004751245	power1	1.0
4554.889465215262	4556.278701207096	power2	1.0
4556.01011133564	4557.455462838731	power1	1.0
4559.8823931450015	4561.245909364202	power2	1.0
4560.050360594686	4561.275790535186	power1	1.0
4563.3243556839125	4564.778638461458	power1	1.0
4563.415577261694	4564.725186875694	power2	1.0
4565.971087684331	4567.605010380093	power2	1.0
4567.527143706252	4568.889246088419	power1	1.0
4569.177091669093	4570.404485657002	power2	1.0
4571.311974908692	4572.702301541892	power1	1.0
4571.639674439997	4573.1112897686335	power2	1.0
4574.588544474133	4575.841417061633	power2	1.0
4574.841388054524	4576.020423459739	power1	1.0
4577.377956934462	4578.928334450879	power2	1.0
4577.976064203783	4579.365073389116	power1	1.0
4581.34293858632	4582.595930819956	power1	1.0
4581.373845958949	4582.361072095949	power2	1.0
4583.906124468651	4585.471230182151	power2	1.0
4584.616933675547	4586.016995430848	power1	1.0
4586.856577411149	4588.083971399058	power2	1.0
4588.889381167871	4590.114811108371	power1	1.0
4589.737334614849	4591.37125731061	power2	1.0
4592.302695197064	4593.75697797461	power1	1.0
4593.01303433841	4594.031474656956	power2	1.0
4595.359457544649	4596.777088958921	power2	1.0
4595.7160092262575	4597.101254201058	power1	1.0
4598.2866785742135	4599.596288188213	power2	1.0
4599.825917955287	4601.216244588487	power1	1.0
4600.749261345118	4602.220876673754	power2	1.0
4603.444163245353	4604.671557233261	power2	1.0
4604.516322267512	4605.6953576727265	power1	1.0
4606.069369406789	4607.619746923206	power2	1.0
4608.370812939935	4609.816164443026	power1	1.0
4609.554156346747	4610.807028934247	power2	1.0
4612.2722901599145	4613.837395873415	power2	1.0
4612.411062198979	4613.773164581146	power1	1.0
4615.036887798949	4616.024113935949	power2	1.0
4615.917255521485	4617.317317276785	power1	1.0
4618.428747087175	4619.656141075084	power2	1.0
4619.980724603857	4621.233716837493	power1	1.0
4621.170112813275	4622.641728141912	power2	1.0
4623.370818809723	4624.756063784523	power1	1.0
4624.376116798037	4625.594508771437	power2	1.0
4627.04778678534	4628.681709481101	power2	1.0
4627.643266302047	4629.097549079593	power1	1.0
4630.85782050636	4632.16743012036	power2	1.0
4630.940481214601	4632.165911155102	power1	1.0
4633.66888197126	4635.219259487677	power2	1.0
4634.911071003663	4636.300080188997	power1	1.0
4637.223364650018	4638.210590787018	power2	1.0
4638.765561676086	4640.127664058253	power1	1.0
4639.569787856258	4640.959023848091	power2	1.0
4642.434293761886	4643.824620395086	power1	1.0
4642.938415231551	4644.356046645823	power2	1.0
4645.81917243525	4647.03756440865	power2	1.0
4646.544202490913	4647.723237896128	power1	1.0
4649.350423201075	4650.822038529711	power2	1.0
4650.073615636747	4651.46262482208	power1	1.0
4653.838359887746	4654.935616360446	power2	1.0
4654.926558712266	4656.3266204675665	power1	1.0
4656.041214125795	4657.2686081137035	power2	1.0
4659.059687264624	4660.31267949826	power1	1.0
4659.107826632959	4660.1262669515045	power2	1.0
4662.1047434013235	4663.738666097085	power2	1.0
4662.356902177178	4663.811184954724	power1	1.0
4665.380443124884	4666.690052738883	power2	1.0
4666.8383280794515	4668.223573054252	power1	1.0
4668.041736815321	4669.430972807155	power2	1.0
4671.04902988055	4672.03625601755	power2	1.0
4671.180435041759	4672.570761674959	power1	1.0
4673.581308390253	4675.13168590667	power2	1.0
4675.638641120706	4676.864071061206	power1	1.0
4676.810544287948	4678.22817570222	power2	1.0
4678.7965370932925	4680.241888596383	power1	1.0
4679.807461056313	4681.025853029712	power2	1.0
4682.386203391882	4683.8578187205185	power2	1.0
4682.395609709109	4683.795671464409	power1	1.0
4685.266960595581	4686.494354583489	power2	1.0
4687.712949251186	4689.075051633353	power1	1.0
4688.008326321682	4689.261198909182	power2	1.0
4690.842619699514	4692.407725413014	power2	1.0
4691.033383987068	4692.487666764614	power1	1.0
4694.07185559721	4695.29024757061	power2	1.0
4694.67889624954	4695.857931654755	power1	1.0
4697.11523619144	4698.749158887202	power2	1.0
4698.301188688684	4699.686433663484	power1	1.0
4701.575763474588	4702.828636062088	power2	1.0
4702.43431724104	4703.687309474676	power1	1.0
4704.874695111082	4706.346310439718	power2	1.0
4707.705217136462	4709.150568639553	power1	1.0
4707.848379966513	4709.0757739544215	power2	1.0
4710.612977605547	4712.163355121964	power2	1.0
4711.582927632212	4712.808357572712	power1	1.0
4713.997789258308	4715.452072035854	power1	1.0
4714.5159389783	4715.5031651153	power2	1.0
4716.908826010405	4718.326457424678	power2	1.0
4718.363116043943	4719.72521842611	power1	1.0
4721.229961815954	4722.448353789354	power2	1.0
4722.890981592874	4724.281308226074	power1	1.0
4725.672252926896	4727.035769146097	power2	1.0
4727.442066965132	4728.621102370346	power1	1.0
4728.245999521738	4729.498872109238	power2	1.0
4730.662118466776	4732.296041162537	power2	1.0
4730.878600817652	4732.323952320743	power1	1.0
4734.193369232599	4735.420763220508	power2	1.0
4736.544237709648	4737.944299464948	power1	1.0
4738.723592254546	4739.941984227946	power2	1.0
4740.120090502135	4741.373082735771	power1	1.0
4742.515195466154	4744.080301179654	power2	1.0
4743.277986474723	4744.663231449523	power1	1.0
4746.047185643057	4747.356795257057	power2	1.0
4746.598421210604	4748.05270398815	power1	1.0
4750.708329939634	4751.933759880134	power1	1.0
4751.408216715995	4752.958594232412	power2	1.0
4754.353842202106	4755.799193705197	power1	1.0
4756.14752695434	4757.13475309134	power2	1.0
4758.42425442178	4759.895869750416	power2	1.0
4758.812048281052	4760.174150663219	power1	1.0
4762.025200926403	4763.278073513903	power2	1.0
4762.666538953475	4764.056865586675	power1	1.0
4766.671583513014	4768.089214927287	power2	1.0
4766.776447682503	4767.955483087718	power1	1.0
4770.411921495236	4771.630313468636	power2	1.0
4771.23465376145	4772.623662946784	power1	1.0
4773.153287221337	4774.542523213171	power2	1.0
4775.6928598403965	4776.945852074033	power1	1.0
4777.358263462221	4778.5856574501295	power2	1.0
4779.663449629458	4781.063511384758	power1	1.0
4780.77335466338	4782.244969992016	power2	1.0
4783.773358358488	4784.998788298988	power1	1.0
4784.3046054292045	4785.614215043204	power2	1.0
4787.2085945458375	4788.842517241599	power2	1.0
4787.488530090943	4788.877539276276	power1	1.0
4790.786309137528	4792.336686653945	power2	1.0
4790.808964826825	4792.263247604371	power1	1.0
4794.6428066844155	4795.8956792719155	power2	1.0
4794.918873555854	4796.304118530654	power1	1.0
4797.518715325034	4798.936346739306	power2	1.0
4799.516398574767	4800.906725207967	power1	1.0
4801.038136141948	4802.2565281153475	power2	1.0
4803.426314552852	4805.060237248614	power2	1.0
4804.8801777635	4806.133169997136	power1	1.0
4808.316711616021	4809.716773371321	power1	1.0
4808.744577834782	4810.087241647639	power2	1.0
4812.380180698394	4813.742283080561	power1	1.0
4813.019249814463	4814.0064759514635	power2	1.0
4815.909593844227	4817.363876621773	power1	1.0
4816.852515448418	4818.27014686269	power2	1.0
4822.079695858356	4823.298087831756	power2	1.0
4822.480803846007	4823.6598392512215	power1	1.0
4826.331135925106	4827.720371916939	power2	1.0
4827.798143388084	4829.183388362884	power1	1.0
4829.537139909868	4830.846749523867	power2	1.0
4833.370405543823	4834.92078306024	power2	1.0
4836.529945702719	4837.757339690627	power2	1.0
4839.38483522868	4840.61026516918	power1	1.0
4842.171214028021	4843.6165655311115	power1	1.0
4843.406591930902	4844.659464518402	power2	1.0
4845.863165937149	4847.263227692449	power1	1.0
4846.775219306197	4848.002613294106	power2	1.0
4849.880195372866	4851.133187606502	power1	1.0
4850.538789201351	4851.928025193185	power2	1.0
4853.582169795583	4854.569395932583	power2	1.0
4853.990104101896	4855.4443868794415	power1	1.0
4856.114448305286	4857.748371001047	power2	1.0
4859.980818520479	4861.366063495279	power1	1.0
4860.249728807369	4861.6673602216415	power2	1.0
4863.510231666312	4864.900558299512	power1	1.0
4864.292081657722	4865.510473631121	power2	1.0
4866.9172878191575	4868.467665335575	power2	1.0
4871.470742754036	4872.8883741683085	power2	1.0
4871.660389654386	4872.885819594886	power1	1.0
4874.2818042189365	4875.624468031793	power2	1.0
4875.39878121017	4876.8441327132605	power1	1.0
4878.928186805548	4880.2377964195475	power2	1.0
4879.0210736493145	4880.3831760314815	power1	1.0
4881.646320618716	4883.280243314478	power2	1.0
4882.875564321736	4884.265890954936	power1	1.0
4885.5725139044025	4886.669770377102	power2	1.0
4887.913630319624	4889.092665724838	power1	1.0
4888.7785178891645	4890.005911877073	power2	1.0
4892.2603659467895	4893.66042770209	power1	1.0
4892.588551610185	4894.138929126602	power2	1.0
4896.375353418274	4897.792984832547	power2	1.0
4898.69854471158	4899.91693668498	power2	1.0
4901.602533828212	4903.167639541712	power2	1.0
