1804.2753719624534	1805.9283103010534	frye3	
1805.1553033112161	1806.9298007988161	frye1	
1808.9193347298547	1810.594517578188	frye3	
1809.4531840331879	1811.1455702044957	frye1	
1813.9136872689637	1815.640812478297	frye1	
1814.0509135878326	1816.0257879597418	frye3	
1818.8620580461527	1820.4876861867526	frye1	
1819.368250956507	1820.6586822796737	frye3	
1822.4629851375346	1824.2374826251346	frye1	
1824.3140713037892	1825.7432170323727	frye3	
1826.7376340718197	1828.3789657302198	frye1	
1829.0741331403751	1830.730601859529	frye3	
1830.3385611632016	1832.052510642285	frye1	
1834.1824921845166	1835.85767503285	frye3	
1835.240468365018	1836.920173709927	frye1	
1839.1201769086356	1840.8473021179689	frye1	
1839.89456638842	1841.3593284768365	frye3	
1843.8594615966476	1845.5831367910112	frye1	
1846.6050925873144	1848.2580309259145	frye3	
1847.5533158387746	1849.267265317858	frye1	
1851.1561760993675	1852.4466074225343	frye3	
1852.315832314473	1853.941460455073	frye1	
1855.0571048239844	1856.486250552568	frye3	
1855.9632229812273	1857.7377204688273	frye1	
1859.3992100115042	1861.0556787306582	frye3	
1860.9812891214754	1862.6226207798754	frye1	
1864.9023058908747	1866.577488739208	frye3	1.0
1864.9771566035247	1866.704281812858	frye1	1.0
1869.4144280516143	1871.1283775306977	frye1	1.0
1871.1716556268661	1872.8183369501994	frye3	1.0
1874.6415802810393	1876.3652554754028	frye1	1.0
1877.4177855490207	1878.8825476374373	frye3	1.0
1878.7536067015205	1880.4333120464296	frye1	1.0
1881.8527699918886	1883.5057083304887	frye3	1.0
1882.1919112790977	1883.9664087666977	frye1	1.0
1887.163513843973	1888.8604359545732	frye1	1.0
1888.4007574939242	1889.691188817091	frye3	1.0
1891.3684674151996	1893.082416894283	frye1	1.0
1893.39301746888	1894.8221631974634	frye3	1.0
1895.782507075603	1897.408135216203	frye1	1.0
1897.8744415394224	1899.5309102585763	frye3	1.0
1899.47636131773	1901.25085880533	frye1	1.0
1903.472228799779	1905.113560458179	frye1	1.0
1904.701066807502	1906.1658288959186	frye3	1.0
1907.4680962818286	1909.1952214911619	frye1	1.0
1909.646887154784	1911.2935684781173	frye3	1.0
1912.1376856067816	1913.9121830943816	frye1	1.0
1913.4549366240528	1915.1301194723862	frye3	1.0
1916.6678842056167	1918.3475895505258	frye1	1.0
1920.2688112969981	1921.9657334075982	frye1	1.0
1920.6298590996876	1922.2544570897876	frye3	1.0
1924.3343741421068	1926.04832362119	frye1	1.0
1925.6410861995107	1927.0216447190105	frye3	1.0
1928.3156174797364	1929.780379568153	frye3	1.0
1928.8413409532552	1930.5650161476187	frye1	1.0
1931.7218990488254	1933.151044777409	frye3	1.0
1932.7675130722455	1934.4946382815788	frye1	1.0
1936.0478154874593	1937.7042842066132	frye3	1.0
1937.2280163080218	1938.8536444486217	frye1	1.0
1940.554499466824	1942.2011807901572	frye3	1.0
1940.736016248658	1942.510513736258	frye1	1.0
1945.4520691489838	1947.093400807384	frye1	1.0
1947.0772270600366	1948.3676583832034	frye3	1.0
1949.2388505418562	1950.9528000209395	frye1	1.0
1951.584848189395	1953.0139939179785	frye3	1.0
1953.072095510101	1954.7644816814088	frye1	1.0
1956.318712967165	1958.2935873390743	frye3	1.0
1957.2305855059549	1958.9577107152882	frye1	1.0
1962.1557244954574	1963.9302219830574	frye1	1.0
1967.3945641674165	1969.06974701575	frye3	1.0
1970.472704487165	1972.1866539662483	frye1	1.0
1973.1762978128309	1974.829236151431	frye3	1.0
1974.9796712983134	1976.6765934089135	frye1	1.0
1979.324015595658	1981.098513083258	frye1	1.0
1981.5354307941527	1982.964576522736	frye3	1.0
1983.8309824068065	1985.55465760117	frye1	1.0
1986.4812511414352	1987.9460132298518	frye3	1.0
1988.0591677657194	1989.7862929750527	frye1	1.0
1992.1236659038275	1993.770347227161	frye3	1.0
1992.1247306108276	1993.838680089911	frye1	1.0
1996.5122107190211	1998.168679438175	frye3	1.0
1996.538770271231	1998.21847561614	frye1	1.0
2000.0700019995536	2001.7971272088869	frye1	1.0
2002.8976595241977	2004.572842372531	frye3	1.0
2004.3678827215253	2006.1423802091253	frye1	1.0
2008.3637502035745	2009.9893783441744	frye1	1.0
2009.1902290740265	2010.8431674126266	frye3	1.0
2011.6626640550342	2013.3766135341175	frye1	1.0
2015.8078760175727	2017.0983073407394	frye3	1.0
2016.541339469164	2018.233725640472	frye1	1.0
2020.653365889645	2022.3804910989784	frye1	1.0
2022.6809409133264	2024.1100866419097	frye3	1.0
2024.626001584008	2025.8948458050081	frye1	1.0
2027.6693657709177	2029.4438632585177	frye1	1.0
2027.742860329794	2029.2076224182106	frye3	1.0
2032.4783458219888	2034.175267932589	frye1	1.0
2036.4270707048338	2038.0737520281673	frye3	1.0
2037.1247033592554	2038.7660350176554	frye1	1.0
2041.3761205058545	2043.0900699849378	frye1	1.0
2041.65152881816	2043.307997537314	frye3	1.0
2046.7194316737111	2048.4431068680747	frye1	1.0
2046.9688661868342	2048.6440490351674	frye3	1.0
2050.5759084296424	2052.3030336389756	frye1	1.0
2053.3310951781737	2055.305969550083	frye3	1.0
2055.895987809813	2057.521615950413	frye1	1.0
2059.33429238739	2061.10878987499	frye1	1.0
2059.902302494046	2061.1927338172127	frye3	1.0
2064.6776035552466	2066.3745256658467	frye1	1.0
2065.4518380010904	2067.1047763396905	frye3	1.0
2069.1148750033362	2070.756206661736	frye1	1.0
2071.34967071569	2072.8144328041067	frye3	1.0
2073.203669636131	2074.917619115214	frye1	1.0
2076.365150504483	2077.7942962330667	frye3	1.0
2078.012649687202	2079.7397748965354	frye1	1.0
2081.287751037928	2082.944219757082	frye3	1.0
2082.868093313646	2084.3512301518	frye1	1.0
2084.283107022902	2085.663665542402	frye3	1.0
2086.4922521927137	2088.2667496803138	frye1	1.0
2086.9533856141575	2088.628568462491	frye3	1.0
2091.0921461546077	2092.7845323259153	frye1	1.0
2091.550908753885	2093.525783125794	frye3	1.0
2095.1809407874025	2096.8948902664856	frye1	1.0
2096.559497476726	2098.206178800059	frye3	1.0
2099.804066536983	2101.0597482069834	frye1	1.0
2101.8837259113516	2103.174157234518	frye3	1.0
2104.0090201082094	2105.7361453175427	frye1	1.0
2106.295490540383	2107.948428878983	frye3	1.0
2108.097814741004	2109.723442881604	frye1	1.0
2111.1644107156	2112.9389082032	frye1	1.0
2111.7289269782423	2113.193689066659	frye3	1.0
2115.5784503760033	2117.2753724866034	frye1	1.0
2117.8357380173748	2119.2648837459583	frye3	1.0
2119.551086070366	2121.2650355494493	frye1	1.0
2122.363601715591	2124.020070434745	frye3	1.0
2124.1045164568877	2125.7458481152876	frye1	1.0
2127.79703815345	2129.4722210017835	frye3	1.0
2128.6811786310955	2130.4083038404287	frye1	1.0
2133.257840805303	2135.032338292903	frye1	1.0
2133.993516105953	2135.640197429286	frye3	1.0
2137.857734767197	2139.581409961561	frye1	1.0
2139.546263954975	2140.8366952781416	frye3	1.0
2141.5748207970105	2143.2887702760936	frye1	1.0
2144.097347467028	2145.721945457128	frye3	1.0
2147.289840567849	2149.016965777182	frye1	1.0
2148.1889502303065	2149.5695087498066	frye3	1.0
2151.5180259267613	2153.1977312716704	frye1	1.0
2153.38527300183	2154.8500350902464	frye3	1.0
2155.1886483812023	2156.9631458688023	frye1	1.0
2157.9605262837135	2159.389672012297	frye3	1.0
2159.8350059184686	2161.5319280290687	frye1	1.0
2163.0911551856984	2164.381586508865	frye3	1.0
2164.3419727296177	2166.055922208701	frye1	1.0
2168.709548814648	2170.3508804730477	frye1	1.0
2172.6112788588703	2174.2677475780242	frye3	1.0
2173.030661324306	2174.7577865336393	frye1	1.0
2177.444700984709	2179.070329125309	frye1	1.0
2179.7955562314396	2181.224701960023	frye3	1.0
2181.0920916514638	2182.8665891390638	frye1	1.0
2186.667720696184	2188.080221034684	frye1	1.0
2188.766499881467	2190.7413742533763	frye3	1.0
2190.152488849134	2191.866438328217	frye1	1.0
2194.3806742080465	2196.0603795529555	frye1	1.0
2194.9487397700696	2196.239171093236	frye3	1.0
2197.609892696447	2199.33701790578	frye1	1.0
2198.524591100969	2199.9537368295523	frye3	1.0
2201.721919116928	2203.496416604528	frye1	1.0
2204.0973464218496	2205.7502847604496	frye3	1.0
2206.5076673803123	2208.148999038712	frye1	1.0
2209.275364907502	2210.9505477558355	frye3	1.0
2210.8752434653434	2212.5891929444265	frye1	1.0
2215.3821759466346	2217.028857269968	frye3	1.0
2215.4054420641783	2217.031070204778	frye1	1.0
2218.6431895314226	2220.3401116420227	frye1	1.0
2223.4394513480756	2225.0959200672296	frye3	1.0
2223.4668723913355	2225.1082040497354	frye1	1.0
2228.113229928603	2229.827179407686	frye1	1.0
2228.4084915091944	2229.873253597611	frye3	1.0
2233.0383689181053	2234.7180742630144	frye1	1.0
2233.2614326011285	2234.9143709397285	frye3	1.0
2236.4534417079963	2238.1805669173295	frye1	1.0
2239.437903081772	2240.728334404939	frye3	1.0
2241.0068720945173	2242.730547288881	frye1	1.0
2244.8168852750764	2246.5308347541595	frye1	1.0
2245.149977285676	2246.5791230142595	frye3	1.0
2249.254156723166	2251.028654210766	frye1	1.0
2250.1108723098523	2251.7354702999523	frye3	1.0
2253.7146599589423	2255.3402880995422	frye1	1.0
2257.9440947098656	2259.619277558199	frye3	1.0
2257.966077105541	2259.662999216141	frye1	1.0
2262.2407260398263	2263.9546755189094	frye1	1.0
2262.8202556156366	2264.46693693897	frye3	1.0
2266.0478097389805	2267.7042784581345	frye3	1.0
2267.0961696662703	2268.579306504424	frye1	1.0
2270.3021563669845	2272.0292815763178	frye1	1.0
2272.4100387303197	2273.8748008187363	frye3	1.0
2275.227295356487	2276.868627014887	frye1	1.0
2279.153467475477	2280.927964963077	frye1	1.0
2279.3063234399106	2280.9592617785106	frye3	1.0
2283.7413078827785	2285.031739205945	frye3	1.0
2284.2412289787844	2285.933615150092	frye1	1.0
2288.422950762324	2290.1500759716573	frye1	1.0
2290.6608124062063	2292.08995813479	frye3	1.0
2292.8602222104137	2294.574171689497	frye1	1.0
2294.5849609446605	2296.5598353165697	frye3	1.0
2297.0884075693266	2298.7140357099265	frye1	1.0
2298.9038463183433	2300.5790291666767	frye3	1.0
2300.851957174513	2302.626454662113	frye1	1.0
2303.9634188598266	2305.3439773793266	frye3	1.0
2305.2427650472296	2306.9664402415933	frye1	1.0
2309.4688616141802	2311.125330333334	frye3	1.0
2310.2608311874774	2311.6628412380774	frye1	1.0
2314.187003306468	2315.866708651377	frye1	1.0
2316.132948185401	2317.5977102738175	frye3	1.0
2318.2422614235093	2319.9391835341094	frye1	1.0
2321.8914620169785	2323.320607745562	frye3	1.0
2323.1312415657067	2324.7725732241065	frye1	1.0
2326.6515238535644	2328.6263982254736	frye3	1.0
2327.0574136846967	2328.77136316378	frye1	1.0
2329.9255176045826	2331.572198927916	frye3	1.0
2331.332062618982	2333.0591878283153	frye1	1.0
2333.988985026058	2335.2794163492244	frye3	1.0
2336.001651943935	2337.627280084535	frye1	1.0
2338.656167607296	2340.309105945896	frye3	1.0
2339.9045922752393	2341.6790897628393	frye1	1.0
2344.9719569709614	2346.436719059378	frye3	1.0
2345.062049141605	2346.7033808000047	frye1	1.0
2349.1973073497725	2350.8942294603726	frye1	1.0
2352.2165388881076	2354.191413260017	frye3	1.0
2353.6578105855483	2355.3849357948816	frye1	1.0
2357.6072144922255	2359.3211639713086	frye1	1.0
2357.869197679428	2359.249756198928	frye3	1.0
2361.6030819742746	2363.295468145582	frye1	1.0
2362.7118947424337	2364.3683634615877	frye3	1.0
2365.5524858809513	2367.3269833685513	frye1	1.0
2368.679386898544	2370.3545697468776	frye3	1.0
2370.0594526921	2371.739158037009	frye1	1.0
2373.3815983312456	2375.108723540579	frye1	1.0
2375.436352725113	2377.089291063713	frye3	1.0
2378.1905783823167	2379.8319100407166	frye1	1.0
2381.7985817164526	2383.2633438048692	frye3	1.0
2382.697545193465	2384.411494672548	frye1	1.0
2387.5994523952813	2389.291838566589	frye1	1.0
2388.95028437825	2390.5969657015835	frye3	1.0
2391.6417834527037	2393.4162809403037	frye1	1.0
2393.896104725532	2395.552573444686	frye3	1.0
2396.009359537735	2397.6349876783347	frye1	1.0
2399.3063213495543	2400.9815041978877	frye3	1.0
2399.6799819921753	2401.4071072015086	frye1	1.0
2404.3728031048145	2406.0867525838976	frye1	1.0
2406.365144756004	2407.7942904845877	frye3	1.0
2408.5777566760407	2410.2190883344406	frye1	1.0
2411.3574047309603	2412.647836054127	frye3	1.0
2411.853438739814	2413.627936227414	frye1	1.0
2416.3961043335903	2418.0207023236903	frye3	1.0
2416.6159552155123	2418.3128773261124	frye1	1.0
2420.8209087867385	2422.5348582658216	frye1	1.0
2423.245949415507	2424.7107115039234	frye3	1.0
2425.4672663240053	2426.950403162159	frye1	1.0
2429.1205623162696	2430.7770310354235	frye3	1.0
2429.648988107545	2431.376113316878	frye1	1.0
2434.016564192576	2435.7089503638836	frye1	1.0
2434.1592619188996	2435.834444767233	frye3	1.0
2437.8265773731346	2439.5405268522177	frye1	1.0
2439.9148965344975	2441.9025241304976	frye3	1.0
2442.2870806089104	2443.9127087495103	frye1	1.0
2445.9344712756647	2447.7089687632647	frye1	1.0
2446.2567849279794	2447.547216251146	frye3	1.0
2450.83108825387	2452.2602339824534	frye3	1.0
2451.068696354345	2452.7100280127447	frye1	1.0
2455.1964132552266	2456.8528819743806	frye3	1.0
2455.2968817132573	2457.0240069225906	frye1	1.0
2460.0129346135827	2461.692639958492	frye1	1.0
2460.745948762271	2462.4211316106043	frye3	1.0
2463.6835570680237	2465.4580545556237	frye1	1.0
2467.5261344026762	2469.1728157260095	frye3	1.0
2468.1905238791724	2469.8874459897725	frye1	1.0
2471.7985801486852	2473.263342237102	frye3	1.0
2473.4409078962835	2475.0822395546834	frye1	1.0
2477.227689289156	2478.941638768239	frye1	1.0
2478.021490257003	2479.674428595603	frye3	1.0
2482.036669340227	2483.760344534591	frye1	1.0
2483.0834096734698	2484.3738409966363	frye3	1.0
2486.613331514435	2488.340456723768	frye1	1.0
2489.2598801541135	2490.689025882697	frye3	1.0
2491.5384705039373	2493.3129679915373	frye1	1.0
2494.2057005013958	2496.180574873305	frye3	1.0
2496.6262320072447	2498.2518601478446	frye1	1.0
2499.5012828102226	2500.8818413297226	frye3	1.0
2500.8079537907843	2502.5219032698674	frye1	1.0
2504.190220451308	2505.846689170462	frye3	1.0
2505.036139149697	2506.810636637297	frye1	1.0
2509.0896011709165	2510.76478401925	frye3	1.0
2509.7986556253954	2511.4399872837953	frye1	1.0
2513.864218470504	2515.561140581104	frye1	1.0
2515.7769075559736	2517.24166964439	frye3	1.0
2518.464112432398	2520.143817777307	frye1	1.0
2521.280003435344	2522.932941773944	frye3	1.0
2521.6468673454256	2523.373992554759	frye1	1.0
2525.9679798550837	2527.681929334167	frye1	1.0
2527.2707154052914	2528.561146728458	frye3	1.0
2530.289092364742	2532.0127675591057	frye1	1.0
2533.4239660720978	2535.398840444007	frye3	1.0
2534.981913477381	2536.756410964981	frye1	1.0
2538.694863813098	2540.1596259015146	frye3	1.0
2539.6747345900203	2541.31606624842	frye1	1.0
2543.8099927981875	2545.5239422772706	frye1	1.0
2545.7072475918735	2547.136393320457	frye3	1.0
2549.0139132399263	2550.7410384492596	frye1	1.0
2556.968857302821	2558.6440401511545	frye3	1.0
2562.030776719288	2563.6774580426213	frye3	1.0
2562.1166414950185	2563.7422696356184	frye1	1.0
2565.0206149558107	2566.7951124434107	frye1	1.0
2566.8140583697113	2568.4386563598114	frye3	1.0
2569.295263890096	2570.992186000696	frye1	1.0
2572.665451456637	2574.1302135450537	frye3	1.0
2573.63960818744	2575.319313532349	frye1	1.0
2576.9617538265857	2578.688879035919	frye1	1.0
2579.399197469368	2581.052135807968	frye3	1.0
2582.0495153298925	2583.7634648089756	frye1	1.0
2586.835263593278	2588.5589387876416	frye1	1.0
2587.06173603558	2588.3521673587466	frye3	1.0
2590.598813198464	2592.373310686064	frye1	1.0
2593.0060083778535	2594.435154106437	frye3	1.0
2595.2451707357304	2596.9722959450637	frye1	1.0
2597.8821692836245	2599.8570436555337	frye3	1.0
2599.8450646976244	2601.5247700425334	frye1	1.0
2603.3298328505743	2605.1043303381743	frye1	1.0
2603.4549246045062	2605.1301074528396	frye3	1.0
2607.906495024782	2609.620444503865	frye1	1.0
2609.6546148989864	2611.3075532375865	frye3	1.0
2613.0407201034614	2614.764395297825	frye1	1.0
2616.086503331837	2617.5512654202535	frye3	1.0
2617.1527465239424	2618.8798717332756	frye1	1.0
2621.5431595835335	2623.1898409068667	frye3	1.0
2621.6364815474044	2623.2621096880043	frye1	1.0
2625.3767993649044	2627.1512968525044	frye1	1.0
2626.3264412339568	2627.9829099531107	frye3	1.0
2630.2554747790346	2631.8968064374344	frye1	1.0
2634.3140571938866	2635.98924004222	frye3	1.0
2635.2270773439104	2636.9239994545105	frye1	1.0
2639.452518512816	2641.440146108816	frye3	1.0
2639.8269713058044	2641.5409207848875	frye1	1.0
2643.9389977262854	2645.662672920649	frye1	1.0
2646.9688557350546	2648.259287058221	frye3	1.0
2649.235845318769	2650.7189821569227	frye1	1.0
2651.9378958961734	2653.5624938862734	frye3	1.0
2652.4418320194827	2654.168957228816	frye1	1.0
2656.30322089753	2657.7679829859467	frye3	1.0
2658.7841100578526	2660.4097381984525	frye1	1.0
2662.3850371492335	2664.1595346368335	frye1	1.0
2662.6886697027066	2664.3451384218606	frye3	1.0
2667.3798715017956	2669.0212031601955	frye1	1.0
2669.8171525506677	2671.492335399001	frye3	1.0
2671.143421106982	2672.857370586065	frye1	1.0
2675.4413018289533	2677.164977023317	frye1	1.0
2675.7149852652665	2677.14413099385	frye3	1.0
2679.6694871878663	2681.3966123971995	frye1	1.0
2680.8233443094086	2682.113775632575	frye3	1.0
2684.4087718758783	2686.1832693634783	frye1	1.0
2686.5121986994745	2688.1651370380746	frye3	1.0
2689.217751926949	2690.914674037549	frye1	1.0
2692.4796908555854	2693.944452944002	frye3	1.0
2693.957036614961	2695.63674195987	frye1	1.0
2697.465036555597	2699.1921617649305	frye1	1.0
2700.1886690494703	2701.8353503728035	frye3	1.0
2701.94877157906	2703.59010323746	frye1	1.0
2705.111269582916	2706.7864524312495	frye3	1.0
2706.3860430271498	2708.099992506233	frye1	1.0
2710.6230753452246	2712.597949717134	frye3	1.0
2711.1020959274747	2712.8257711218384	frye1	1.0
2715.237354135642	2717.011851623242	frye1	1.0
2715.397647112709	2717.054115831863	frye3	1.0
2720.1857249128316	2721.8826470234317	frye1	1.0
2722.7815479128767	2724.0719792360433	frye3	1.0
2724.9250096008436	2726.6389590799267	frye1	1.0
2729.0138042336384	2730.6551358920383	frye1	1.0
2730.0725694576968	2731.5017151862803	frye3	1.0
2733.427843894042	2735.154969103375	frye1	1.0
2736.156160682992	2737.812629402146	frye3	1.0
2737.8883471298177	2739.5680524747268	frye1	1.0
2741.2104927689634	2742.9849902565634	frye1	1.0
2743.1453246479305	2744.820507496264	frye3	1.0
2746.507340361447	2748.1997265327545	frye1	1.0
2750.018389543684	2751.671327882284	frye3	1.0
2750.5961349942418	2752.323260203575	frye1	1.0
2755.219260743822	2756.933210222905	frye1	1.0
2755.985881699795	2757.4506437882114	frye3	1.0
2759.586836828853	2761.212464969453	frye1	1.0
2763.2574592832934	2765.0319567708934	frye1	1.0
2765.1809279792487	2766.8055259693488	frye3	1.0
2767.7876578821288	2769.484579992729	frye1	1.0
2770.3125068372274	2771.602938160394	frye3	1.0
2773.293591563789	2774.973296908698	frye1	1.0
2775.722723461249	2777.3756617998492	frye3	1.0
2776.8480550797985	2778.575180289132	frye1	1.0
2780.807862691553	2782.4830455398865	frye3	1.0
2781.3085583155753	2782.949889973975	frye1	1.0
2785.350889372997	2787.06483885208	frye1	1.0
2788.470401257766	2790.117082581099	frye3	1.0
2790.624505177794	2792.348180372158	frye1	1.0
2793.5555404880697	2795.2120092072237	frye3	1.0
2794.829458749021	2796.603956236621	frye1	1.0
2799.4990480739734	2801.1246762145734	frye1	1.0
2799.592692085691	2801.0574541741075	frye3	1.0
2803.4716837683363	2805.1988089776696	frye1	1.0
2806.233558843074	2807.6627045716577	frye3	1.0
2807.9554187917993	2809.6693682708824	frye1	1.0
2811.875973605467	2813.500571595567	frye3	1.0
2812.555312753693	2814.278987948057	frye1	1.0
2816.737034537233	2818.511532024833	frye1	1.0
2818.7490385012206	2820.039469824387	frye3	1.0
2821.890864030048	2823.5321956884477	frye1	1.0
2823.694858848503	2825.347797187103	frye3	1.0
2825.983286036394	2827.697235515477	frye1	1.0
2828.408481057415	2829.8732431458316	frye3	1.0
2830.9084250258966	2832.6053471364967	frye1	1.0
2835.299232898614	2836.7823697367676	frye1	1.0
2836.8604932940843	2838.5169620132383	frye3	1.0
2839.1324778668586	2840.859603076192	frye1	1.0
2843.7556036164387	2845.5301011040387	frye1	1.0
2851.419316569887	2853.0659978932204	frye3	1.0
2854.14021271223	2855.854162191313	frye1	1.0
2854.8326292039264	2856.50781205226	frye3	1.0
2858.623947735692	2860.3510729450254	frye1	1.0
2861.1251987537553	2863.1000731256645	frye3	1.0
2863.5258549375085	2865.1671865959083	frye1	1.0
2867.1500138165766	2868.9245113041766	frye1	1.0
2867.2784494205616	2868.568880743728	frye3	1.0
2872.0983845937662	2873.7953067043663	frye1	1.0
2872.619006603073	2874.271944941673	frye3	1.0
2876.675046767973	2878.300674908573	frye1	1.0
2881.32643679195	2883.0016196402835	frye3	1.0
2881.4375632436722	2883.1646884530055	frye1	1.0
2886.037457205566	2887.717162550475	frye1	1.0
2888.8496564751395	2890.314418563556	frye3	1.0
2889.150516755534	2890.9250142431342	frye1	1.0
2894.098887532723	2895.8225627270867	frye1	1.0
2897.046250759602	2898.4753964881857	frye3	1.0
2898.582622556186	2900.296572035269	frye1	1.0
2903.0431257919618	2904.770251001295	frye1	1.0
2904.8481082088365	2906.5045769279905	frye3	1.0
2907.689483329229	2909.315111469829	frye1	1.0
2910.304764460533	2911.9799473088665	frye3	1.0
2911.6156554482195	2913.3296049273026	frye1	1.0
2916.052926896309	2917.776602090673	frye1	1.0
2920.6840212456746	2922.6588956175838	frye3	1.0
2925.972900238373	2927.6142318967727	frye1	1.0
2929.809408083617	2931.0998394067838	frye3	1.0
2930.0384630834815	2931.7524125625646	frye1	1.0
2934.3140519679964	2935.9669903065965	frye3	1.0
2935.102992799102	2936.7999149097022	frye1	1.0
2939.935204637859	2941.709702125459	frye1	1.0
2943.0214821568734	2944.48624424529	frye3	1.0
2945.525361088018	2947.150989228618	frye1	1.0
2949.553164740001	2951.2802899493345	frye1	1.0
2949.7784479834418	2951.4349167025957	frye3	1.0
2954.245985852641	2955.959935331724	frye1	1.0
2957.2576416009406	2958.904322924274	frye3	1.0
2958.6832573007305	2960.375643472038	frye1	1.0
2961.6902124818253	2963.3653953301587	frye3	1.0
2963.492237351801	2965.17194269671	frye1	1.0
2966.86084656632	2968.63534405392	frye1	1.0
2972.1855683361528	2974.160442708062	frye3	1.0
2975.433376222577	2977.14732570166	frye1	1.0
2978.3620388167956	2979.791184545379	frye3	1.0
2980.8231509658062	2982.5200730764063	frye1	1.0
2983.865134696166	2985.1555660193326	frye3	1.0
2985.539203866132	2987.164832006732	frye1	1.0
2989.140130957514	2990.8672561668473	frye1	1.0
2990.4595618258754	2992.1125001644755	frye3	1.0
2993.275389165681	2995.049886653281	frye1	1.0
2995.8233388222234	2997.28810091064	frye3	1.0
2998.0611374290656	2999.7024690874655	frye1	1.0
3002.359018151037	3004.0729676301203	frye1	1.0
3005.38990212307	3007.046370842224	frye3	1.0
3007.1447664144216	3008.6279032525754	frye1	1.0
3010.536607416627	3012.26373262596	frye1	1.0
3011.310954651506	3012.9861374998395	frye3	
3015.1365013785207	3016.9109988661207	frye1	1.0
3019.7363953404147	3021.3777269988145	frye1	1.0
3022.920861570009	3024.8957359419182	frye3	
3024.26659393925	3025.980543418333	frye1	1.0
3029.2846600794983	3031.008335273862	frye1	
3480.6491639519318	3482.3056326710857	frye3	
3484.398544396262	3485.811044734762	frye1	
3489.436678782704	3491.116384127613	frye1	
3491.130319165932	3492.8055020142656	frye3	0.0
3494.5244402860108	3496.251565495344	frye1	0.0
3499.681172244932	3501.656046616841	frye3	0.0
3500.0071421799857	3501.6327703205857	frye1	0.0
3503.631301059054	3505.328223169654	frye1	0.0
3507.905949993339	3509.6198994724223	frye1	0.0
3509.952569219932	3511.2430005430983	frye3	0.0
3511.971512838448	3513.6128444968476	frye1	0.0
3515.6421352928883	3517.4166327804883	frye1	0.0
3521.307058265932	3522.7718203543486	frye3	0.0
3525.70149936107	3527.381204705979	frye1	0.0
3529.209499301707	3530.983996789307	frye1	0.0
3533.762572035932	3535.419040755086	frye3	0.0
3533.9952475650916	3535.7189227594554	frye1	0.0
3537.8749561087097	3539.588905587793	frye1	0.0
3543.264730851939	3544.890358992539	frye1	0.0
3545.362785569932	3547.0379684182653	frye3	0.0
3546.772730792575	3548.4998560019085	frye1	0.0
3553.4402538585528	3555.2147513461528	frye1	0.0
3563.868977327932	3565.1594086510986	frye3	0.0
3566.1248099352906	3567.8217320458907	frye1	0.0
3570.8176310479303	3572.4973363928393	frye1	0.0
3574.004979476932	3575.661448196086	frye3	0.0
3574.2094720501345	3575.936597259468	frye1	0.0
3579.529551430305	3581.170883088705	frye1	0.0
3579.738294860932	3581.2030569493486	frye3	0.0
3583.084014946314	3584.858512433914	frye1	0.0
3588.1485446619345	3589.872219856298	frye1	0.0
3588.830277377932	3590.5054602262653	frye3	0.0
3592.6322796853974	3594.3462291644805	frye1	0.0
3597.1392464965465	3598.7648746371465	frye1	0.0
3604.062475361932	3605.5272374503484	frye3	0.0
3605.7117761528034	3607.4862736404034	frye1	0.0
3610.241974751638	3611.8833064100377	frye1	0.0
3756.338015573932	3758.0131984222653	frye3	0.0
3756.7726221871417	3758.4139538455415	frye1	0.0
3760.737495383706	3762.4646205930394	frye1	0.0
3770.837208487932	3772.493677207086	frye3	0.0
3773.282660734326	3774.962366079235	frye1	0.0
3776.585693381932	3778.0504554703484	frye3	0.0
3778.0916407853974	3779.7885628959975	frye1	0.0
3783.504647316313	3785.279144803913	frye1	0.0
3788.288479637932	3789.5789109610987	frye3	0.0
3788.360090942757	3789.985719083357	frye1	0.0
3792.2862630617474	3794.0002125408305	frye1	0.0
3793.187860391932	3794.8407987305322	frye3	0.0
3797.2578656266223	3798.981540820986	frye1	0.0
3799.457210171932	3801.132393020265	frye3	0.0
3803.2516668496964	3804.9313721946055	frye1	0.0
3806.632132697932	3808.607007069841	frye3	0.0
3807.177838968687	3808.9049641780202	frye1	0.0
3812.0797461705033	3813.8542436581033	frye1	0.0
3812.971141919932	3814.2615732430986	frye3	0.0
3817.893742487932	3819.546680826532	frye3	0.0
3818.003852030518	3819.6451836889178	frye1	0.0
3821.744169848018	3823.458119327101	frye1	0.0
3822.955661939932	3824.4204240283484	frye3	0.0
3826.344063809912	3828.040985920512	frye1	0.0
3829.202520265932	3830.858988985086	frye3	0.0
3831.199507436355	3832.974004923955	frye1	0.0
3835.938792124367	3837.564420264967	frye1	0.0
3835.981977593932	3837.657160442265	frye3	0.0
3839.9811231817894	3841.7082483911227	frye1	0.0
3842.297767001932	3844.272641373841	frye3	0.0
3844.8830303836057	3846.596979862689	frye1	0.0
3849.552619708559	3851.276294902923	frye1	0.0
3849.728107481932	3851.0185388050986	frye3	0.0
3853.757573279785	3855.532070767385	frye1	0.0
3854.6971476779318	3856.1262934065153	frye3	0.0
3858.380699029366	3860.022030687766	frye1	0.0
3859.735847315932	3861.2006094043486	frye3	0.0
3862.6785797513367	3864.3925292304198	frye1	0.0
3866.214175421932	3867.870644141086	frye3	0.0
3867.6501823162125	3869.3298876611216	frye1	0.0
3871.436963709085	3873.164088918418	frye1	0.0
3871.763710967932	3873.4388938162656	frye3	0.0
3876.780274876941	3878.554772364541	frye1	0.0
3881.272988027932	3882.925926366532	frye3	0.0
3881.658950291072	3883.300281949472	frye1	0.0
3885.515427047003	3887.212349157603	frye1	0.0
3886.694051369932	3887.9844826930985	frye3	0.0
3890.487029611879	3892.200979090962	frye1	0.0
3891.430893425932	3893.055491416032	frye3	0.0
3895.342473238322	3896.968101378922	frye1	0.0
3896.1212958539318	3897.5860579423484	frye3	0.0
3899.338340720371	3901.0654659297043	frye1	0.0
3902.3209861919318	3903.967667515265	frye3	0.0
3903.9846982576373	3905.708373452001	frye1	0.0
3908.218818947932	3909.8940017962655	frye3	0.0
3909.560327302358	3911.274276781441	frye1	0.0
3914.183453051938	3915.863158396847	frye1	0.0
3917.2281067799317	3918.881045118532	frye3	0.0
3917.7146847802605	3919.441809989594	frye1	0.0
3921.757015837683	3923.531513325283	frye1	0.0
3921.988168649932	3923.4529307383486	frye3	0.0
3927.3094130947165	3929.0330882890803	frye1	0.0
3929.325629873932	3930.982098593086	frye3	0.0
3932.1880885088467	3933.90203798793	frye1	0.0
3937.089995710663	3938.731327369063	frye1	0.0
3937.560530616932	3939.2357134652652	frye3	0.0
3941.3646446449484	3943.1391421325484	frye1	0.0
3944.178635611932	3946.153509983841	frye3	0.0
3946.917041901982	3948.613964012582	frye1	0.0
3949.9448247059318	3951.3739704345153	frye3	0.0
3951.7027901653664	3953.3284183059664	frye1	0.0
3954.240490295932	3955.5309216190985	frye3	0.0
3955.8380483735345	3957.565173582868	frye1	0.0
3959.534607887932	3961.187546226532	frye3	0.0
3960.0662337324466	3961.7801832115297	frye1	0.0
3964.433988641932	3965.8987507303486	frye3	0.0
3964.5267369682233	3966.250412162587	frye1	0.0
3968.987240203999	3970.761737691599	frye1	0.0
3970.1460628859318	3971.8025316050857	frye3	0.0
3973.842683830442	3975.484015488842	frye1	0.0
3977.413864667932	3979.0890475162655	frye3	0.0
3977.838551312492	3979.5525007915753	frye1	0.0
3982.4616770620723	3984.1585991726724	frye1	0.0
3983.2884776099318	3985.263351981841	frye3	0.0
3987.154498174712	3988.928995662312	frye1	0.0
3989.650706645932	3991.2973879692654	frye3	0.0
3991.986710013469	3993.666415358378	frye1	0.0
3994.387548701932	3995.6779800250983	frye3	0.0
3995.7967231940274	3997.5238484033607	frye1	0.0
3999.356588897932	4001.009527236532	frye3	0.0
4000.954180060394	4002.668129539477	frye1	0.0
4004.952564071932	4006.6277469202655	frye3	0.0
4006.343954803623	4008.0363409749307	frye1	0.0
4011.3852527315576	4013.1597502191576	frye1	0.0
4013.752873577932	4015.727747949841	frye3	0.0
4017.1235042900817	4018.7491324306816	frye1	0.0
4019.116650611932	4020.5814127003487	frye3	0.0
4022.5597426086842	4024.2868678180175	frye1	0.0
4025.7342976019318	4027.1634433305153	frye3	0.0
4026.7879279675963	4028.5624254551963	frye1	0.0
4029.820984865932	4031.477453585086	frye3	0.0
4032.0847755600807	4033.7261072184806	frye1	
4035.516174696932	4037.1913575452654	frye3	0.0
4041.969861908354	4043.238706129354	frye1	
4049.046990857932	4050.3374221810986	frye3	
4053.849483236336	4055.5731584306996	frye1	0.0
4060.308600647932	4062.2834750198413	frye3	0.0
4062.5288677071294	4064.2428171862125	frye1	0.0
4065.347300285932	4067.0224831342653	frye3	0.0
4066.616564631142	4068.242192771742	frye1	0.0
4070.4998669790657	4072.226992188399	frye1	0.0
4075.2616298793455	4077.0361273669455	frye1	0.0
4077.351944123932	4079.008412843086	frye3	0.0
4080.10146640737	4081.74279806577	frye1	0.0
4083.937964906128	4085.651914385211	frye1	0.0
4084.712625161932	4086.1773872503486	frye3	0.0
4088.5578574465344	4090.2547795571345	frye1	0.0
4093.7651627079063	4095.4448680528153	frye1	0.0
4096.501255621932	4098.154193960531	frye3	0.0
4098.408159096551	4100.135284305884	frye1	0.0
4103.311220720708	4105.085718208308	frye1	0.0
4103.938631153932	4105.2290624770985	frye3	0.0
4110.279631132301	4112.003306326665	frye1	0.0
4121.283832211932	4122.959015060265	frye3	0.0
4123.487826852352	4125.184748962952	frye1	0.0
4128.284309855798	4129.925641514198	frye1	0.0
4142.692500719932	4143.982932043098	frye3	0.0
4146.219293048752	4147.898998393661	frye1	0.0
4150.308599711932	4151.961538050532	frye3	0.0
4150.4010248813065	4152.175522368907	frye1	0.0
4157.112005213932	4158.576767302349	frye3	0.0
4157.30088240502	4158.99780451562	frye1	0.0
4162.179569543	4163.893519022084	frye1	0.0
4178.938630373932	4180.613813222265	frye3	0.0
4181.578158877348	4183.203787017948	frye1	1.0
4185.113878940183	4186.827828419267	frye1	1.0
4190.780735513932	4192.755609885841	frye3	0.0
4195.30009480753	4197.027220016863	frye1	0.0
4199.999001671932	4201.289432995099	frye3	0.0
4200.27979290627	4202.05429039387	frye1	0.0
4205.019088983165	4206.660420641565	frye1	0.0
4205.455657961932	4206.884803690516	frye3	0.0
4209.107893441662	4210.821842920745	frye1	0.0
4210.726555739932	4212.383024459086	frye3	0.0
4214.358290075868	4216.037995420777	frye1	0.0
4218.145080568682	4219.842002679282	frye1	0.0
4221.639868319932	4223.315051168265	frye3	0.0
4222.512667149349	4224.2871646369495	frye1	0.0
4226.415616859733	4228.041245000333	frye1	0.0
4228.532929654932	4230.185867993531	frye3	0.0
4229.853929699833	4231.581054909167	frye1	0.0
4233.853490483932	4235.318252572349	frye3	0.0
4234.3609073415855	4236.074856820669	frye1	0.0
4238.496175487111	4240.219850681475	frye1	0.0
4241.353490405932	4243.0099591250855	frye3	0.0
4243.003153128864	4244.682858473773	frye1	0.0
4246.000060942194	4247.7745584297945	frye1	0.0
4246.758890414932	4248.049321738098	frye3	0.0
4251.506007855058	4253.147339513458	frye1	0.0
4251.546988751932	4253.171586742033	frye3	0.0
4256.431158680066	4258.1451081591495	frye1	0.0
4257.700239461932	4259.165001550349	frye3	0.0
4261.077527382903	4262.7031555235035	frye1	0.0
4265.035804375911	4266.762929585244	frye1	0.0
4268.334914273932	4269.625345597098	frye3	0.0
4270.347032945065	4271.988364603465	frye1	0.0
4272.816338375932	4274.469276714532	frye3	0.0
4274.6745424887295	4276.388491967813	frye1	0.0
4279.012510575858	4280.736185770222	frye1	0.0
4283.659991513932	4285.335174362265	frye3	0.0
4287.585060832594	4289.359558320194	frye1	0.0
4289.872192699932	4291.847067071842	frye3	0.0
4292.719298249229	4294.416220359829	frye1	0.0
4295.803954235932	4297.268716324349	frye3	0.0
4297.458594326124	4299.084222466724	frye1	0.0
4301.98880381139	4303.715929020724	frye1	0.0
4303.791570251932	4305.220715980516	frye3	0.0
4307.076577540998	4308.851075028599	frye1	0.0
4309.526864309932	4311.183333029086	frye3	0.0
4312.049312537224	4313.690644195624	frye1	0.0
4315.401477251932	4317.076660100265	frye3	0.0
4316.5087060077585	4318.222655486842	frye1	1.0
4322.270203199278	4323.682703537777	frye1	0.0
4322.862043281932	4324.849670877932	frye3	1.0
4326.080225535605	4327.854723023205	frye1	1.0
4329.797761931932	4331.088193255098	frye3	1.0
4330.615042863826	4332.0981797019795	frye1	1.0
4335.09418081911	4336.79110292971	frye1	1.0
4335.2311984079315	4336.660344136515	frye3	1.0
4339.271446043932	4340.927914763086	frye3	1.0
4339.438535556264	4341.152485035347	frye1	1.0
4343.945513198017	4345.67263840735	frye1	1.0
4344.844201403932	4346.308963492349	frye3	1.0
4349.1029824581665	4350.728610598767	frye1	1.0
4352.088783371932	4353.713381362032	frye3	1.0
4353.44733719532	4355.22183468292	frye1	1.0
4358.079495383932	4359.369926707099	frye3	1.0
4358.581574611955	4360.295524091039	frye1	1.0
4363.15824778425	4364.881922978614	frye1	1.0
4363.234294091932	4364.887232430531	frye3	1.0
4368.19955782683	4369.926683036163	frye1	1.0
4370.502095873932	4372.177278722265	frye3	1.0
4373.2176360258945	4374.931585504978	frye1	1.0
4378.375105286044	4380.016436944445	frye1	1.0
4378.629030773932	4380.275712097266	frye3	1.0
4382.715718037932	4384.372186757086	frye3	1.0
4383.486110859166	4385.260608346766	frye1	1.0
4387.876929283348	4389.556634628257	frye1	1.0
4389.1708263299315	4390.635588418349	frye3	1.0
4391.756647150218	4393.453569260818	frye1	1.0
4395.915147139258	4397.6290966183415	frye1	1.0
4396.030323434932	4397.459469163516	frye3	1.0
4400.571755003932	4402.546629375841	frye3	1.0
4401.281702991036	4402.907331131636	frye1	1.0
4405.06669455836	4406.793819767693	frye1	1.0
4405.958751851932	4407.249183175099	frye3	0.0
4410.01687615237	4411.7913736399705	frye1	1.0
4412.065562933932	4413.718501272531	frye3	0.0
4415.458970907405	4416.942107745559	frye1	0.0
4418.172374015932	4419.847556864265	frye3	0.0
4419.681323054273	4421.404998248637	frye1	0.0
4424.072141478455	4425.786090957538	frye1	0.0
4425.649154123932	4427.113916212349	frye3	0.0
4429.066987834006	4430.794113043339	frye1	0.0
4431.639866135932	4433.296334855086	frye3	0.0
4433.8062839109	4435.5807813985	frye1	0.0
4437.212621495932	4438.887804344265	frye3	0.0
4438.731434735908	4440.357062876508	frye1	0.0
4442.902734030465	4444.599656141065	frye1	0.0
4443.725550744932	4445.713178340932	frye3	0.0
4447.4433760537295	4449.157325532813	frye1	0.0
4449.797760683932	4451.088192007099	frye3	0.0
4452.740236374964	4454.381568033365	frye1	0.0
4454.882899949932	4456.3120456785155	frye3	0.0
4456.945200051033	4458.719697538633	frye1	0.0
4460.385995867932	4462.042464587086	frye3	0.0
4461.893582719555	4463.573288064464	frye1	0.0
4465.5874458383105	4467.314571047644	frye1	0.0
4470.184757375932	4471.649519464349	frye3	0.0
4471.093392751173	4472.785778922481	frye1	0.0
4474.880183243987	4476.59413272307	frye1	0.0
4477.313240273932	4478.9378382640325	frye3	0.0
4479.4800882597965	4481.105716400397	frye1	0.0
4482.2590606559315	4483.549491979098	frye3	0.0
4483.731515622892	4485.4284377334925	frye1	0.0
4486.717264943932	4488.363946267265	frye3	0.0
4488.145565890589	4489.920063378189	frye1	0.0
4492.057822163932	4493.714290883086	frye3	0.0
4492.999344366793	4494.482481204946	frye1	0.0
4496.323174807583	4498.0503000169165	frye1	0.0
4498.907667293932	4500.582850142265	frye3	0.0
4501.062470884478	4502.703802542878	frye1	0.0
4505.220970873518	4506.934920352602	frye1	0.0
4505.534225833932	4507.521853429933	frye3	0.0
4510.146121698525	4511.869796892889	frye1	0.0
4514.095535095938	4515.870032583539	frye1	0.0
4515.881351327932	4517.3104970565155	frye3	0.0
4519.364323427932	4520.829085516349	frye3	0.0
4519.717641226372	4521.343269366972	frye1	0.0
4523.225649597014	4524.952774806347	frye1	0.0
4524.449462693932	4526.105931413086	frye3	0.0
4527.523540647139	4529.237490126223	frye1	0.0
4529.952558611932	4531.627741460265	frye3	0.0
4532.019600623694	4533.660932282094	frye1	0.0
4536.064257285932	4538.039131657842	frye3	0.0
4536.11932274739	4537.89382023499	frye1	0.0
4541.183864633483	4542.880786744083	frye1	0.0
4541.469586355932	4542.760017679098	frye3	0.0
4545.737305962263	4547.451255441347	frye1	0.0
4546.584349746932	4548.013495475516	frye3	0.0
4550.88367141283	4552.366808250984	frye1	0.0
4551.152248793932	4552.617010882349	frye3	0.0
4554.667197467307	4556.069207517908	frye1	0.0
4557.468038201932	4559.120976540532	frye3	0.0
4559.095615982923	4560.870113470523	frye1	0.0
4562.808595421932	4564.483778270265	frye3	0.0
4563.579361781161	4565.220693439562	frye1	0.0
4567.34292043046	4569.056869909544	frye1	0.0
4568.961846131932	4570.608527455266	frye3	0.0
4572.198375724925	4573.922050919289	frye1	0.0
4573.141412651932	4574.797881371086	frye3	0.0
4577.123526549934	4578.898024037534	frye1	0.0
4579.433982245932	4580.724413569099	frye3	0.0
4582.606241619282	4584.231869759882	frye1	0.0
4586.276872894524	4588.003998103857	frye1	0.0
4588.071753053932	4589.696351044032	frye3	0.0
4591.016168971419	4592.730118450502	frye1	0.0
4595.432434091932	4596.897196180349	frye3	0.0
4598.171576773789	4599.8952519681525	frye1	0.0
4601.423146103932	4603.079614823086	frye3	0.0
4605.536071167787	4607.310568655387	frye1	0.0
4606.694043881932	4608.369226730265	frye3	0.0
4610.298599088195	4611.978304433104	frye1	0.0
4612.730014036932	4614.717641632932	frye3	0.0
4615.990400749172	4617.687322859772	frye1	0.0
4619.023765115932	4620.314196439099	frye3	0.0
4620.03274152064	4621.746690999724	frye1	0.0
4623.714167543932	4625.143313272515	frye3	0.0
4624.864964971593	4626.592090180926	frye1	0.0
4629.279015239288	4630.920346897688	frye1	0.0
4630.122836207932	4631.779304927086	frye3	0.0
4633.228428636701	4635.002926124302	frye1	1.0
4635.556272683932	4637.231455532265	frye3	0.0
4638.664680019021	4640.290308159621	frye1	0.0
4642.290018743932	4643.942957082531	frye3	1.0
4642.567629729405	4644.264551840005	frye1	1.0
4647.433849533763	4649.147799012847	frye1	0.0
4651.438625459932	4652.903387548349	frye3	0.0
4651.883598978595	4653.607274172959	frye1	0.0
4657.127479889932	4658.752077880033	frye3	0.0
4657.853434393234	4659.255444443835	frye1	0.0
4662.082378281323	4663.762083626232	frye1	0.0
4663.838006135932	4665.128437459099	frye3	0.0
4666.17118273982	4667.945680227421	frye1	0.0
4670.177015357932	4671.606161086515	frye3	0.0
4670.49230563346	4672.13363729186	frye1	0.0
4674.186168752216	4675.9001182312995	frye1	0.0
4674.937077227932	4676.612260076265	frye3	0.0
4679.204246951281	4680.896633122588	frye1	0.0
4683.80415196709	4685.531277176423	frye1	0.0
4683.969584873932	4685.626053593086	frye3	0.0
4688.822230166155	4690.596727653756	frye1	0.0
4689.101163767932	4690.565925856349	frye3	0.0
4693.3989033384505	4695.024531479051	frye1	0.0
4694.975776709932	4696.628715048531	frye3	1.0
4697.766489919119	4699.480439398202	frye1	1.0
4699.921597091932	4701.596779940265	frye3	1.0
4702.9936547098105	4704.690576820411	frye1	1.0
4706.591135265932	4708.5660096378415	frye3	1.0
4707.616791569134	4709.343916778467	frye1	1.0
4712.851383663706	4714.625881151306	frye1	1.0
4712.9246929319315	4714.215124255098	frye3	1.0
4718.3499032726895	4719.99123493109	frye1	1.0
4719.960296573932	4721.584894564033	frye3	0.0
4722.438707731187	4724.15265721027	frye1	0.0
4724.743578257932	4726.208340346349	frye3	0.0
4730.012288716813	4731.691994061722	frye1	0.0
4732.522215947932	4734.178684667086	frye3	1.0
4733.961702114225	4735.736199601825	frye1	1.0
4738.141410935932	4739.816593784265	frye3	1.0
4738.398984225435	4740.095906336035	frye1	1.0
4742.789802649617	4744.415430790217	frye1	1.0
4747.622026100568	4749.349151309902	frye1	1.0
4749.890636819932	4751.537318143266	frye3	1.0
4752.988581952346	4754.70253143143	frye1	1.0
4754.464940177932	4755.755371501098	frye3	1.0
4758.0995875254675	4759.823262719831	frye1	1.0
4760.409212561932	4762.062150900531	frye3	1.0
4762.931810976419	4764.7063084640195	frye1	1.0
4767.259057691932	4768.723819780349	frye3	1.0
4767.345861244115	4769.0255665890245	frye1	1.0
4771.155883580442	4772.852805691042	frye1	1.0
4774.991255753932	4776.647724473086	frye3	1.0
4775.6163975351665	4777.257729193567	frye1	1.0
4780.255153160931	4782.029650648531	frye1	1.0
4781.121286649932	4782.796469498265	frye3	0.0
4785.071757845441	4786.785707324525	frye1	0.0
4789.341100805932	4791.315975177841	frye3	0.0
4791.483746655357	4793.2108718646905	frye1	0.0
4797.222012003362	4798.847640143962	frye1	0.0
4797.746673473932	4799.037104797098	frye3	0.0
4801.450114635847	4803.2246121234475	frye1	0.0
4803.528407159932	4804.957552888515	frye3	0.0
4806.050112538755	4807.773787733118	frye1	0.0
4809.101162519932	4810.757631239086	frye3	0.0
4812.631803154744	4813.9006473757445	frye1	0.0
4814.975775461932	4816.650958310265	frye3	0.0
4816.969078990423	4818.683028469507	frye1	0.0
4821.081115292434	4822.722446950835	frye1	0.0
4821.918499847932	4823.571438186532	frye3	1.0
4824.896093874119	4826.67059136172	frye1	1.0
4827.978871301932	4829.443633390349	frye3	1.0
4831.070808003536	4832.767730114136	frye1	1.0
4835.060914571932	4836.685512562032	frye3	1.0
4835.066685087976	4836.793810297309	frye1	1.0
4839.9686040694705	4841.682553548554	frye1	1.0
4840.796208629932	4842.086639953099	frye3	1.0
4845.102841486107	4846.782546831016	frye1	1.0
4847.599614131932	4849.256082851086	frye3	1.0
4850.585556555455	4852.360054043055	frye1	1.0
4854.356580005932	4856.031762854265	frye3	1.0
4858.019746479995	4859.645374620595	frye1	1.0
4862.131782782007	4863.828704892607	frye1	0.0
4866.384443657932	4867.849205746349	frye3	1.0
4871.772997840396	4873.414329498796	frye1	0.0
4872.630573623932	4874.2835119625315	frye3	1.0
4875.699179394293	4877.426304603627	frye1	1.0
4878.481966751932	4879.772398075099	frye3	1.0
4880.952948342694	4882.676623537058	frye1	1.0
4885.238932625932	4886.668078354515	frye3	1.0
4885.651937398499	4887.365886877583	frye1	1.0
4890.091873751932	4891.748342471086	frye3	1.0
4890.468577191188	4891.951714029342	frye1	1.0
4894.609900014843	4896.337025224177	frye1	1.0
4896.361223531932	4898.036406380265	frye3	1.0
4899.6744419009365	4901.315773559337	frye1	
4902.214256587932	4904.189130959841	frye3	1.0
4905.714721214626	4907.340349355226	frye1	
4909.989380421237	4911.7638779088375	frye1	1.0
4910.293111931932	4911.583543255098	frye3	1.0
4914.8912994027305	4916.588221513331	frye1	1.0
4917.677012783932	4919.329951122531	frye3	1.0
4920.350782628565	4922.0647321076485	frye1	1.0
4923.574845539932	4925.250028388265	frye3	1.0
4926.460757472796	4928.140462817705	frye1	1.0
4931.316212767261	4933.043337976595	frye1	0.0
4932.073297463932	4933.729766183086	frye3	0.0
4936.171668061728	4937.946165549329	frye1	0.0
4939.782275711932	4941.247037800349	frye3	0.0
4942.8714246966365	4944.551130041546	frye1	
4945.9819660499315	4947.606564040031	frye3	0.0
4949.460282551844	4951.101614210244	frye1	
4955.037693509932	4956.328124833099	frye3	0.0
4955.128852369306	4956.852527563669	frye1	0.0
4959.519670793488	4961.233620272572	frye1	1.0
4960.238931845932	4961.891870184531	frye3	1.0
4964.816531114723	4966.4421592553235	frye1	1.0
4967.228095859932	4968.692857948349	frye3	1.0
4970.024136443471	4971.553659056472	frye1	1.0
4972.522213451932	4974.1688947752655	frye3	1.0
4974.480978016625	4976.208103225958	frye1	1.0
4977.839550857932	4979.514733706265	frye3	0.0
4980.532498236888	4982.306995724489	frye1	0.0
4986.213058991291	4987.854390649692	frye1	0.0
4987.011377387932	4988.667846107086	frye3	0.0
4990.9291232246715	4992.643072703755	frye1	0.0
4994.488157495932	4995.778588819098	frye3	0.0
4996.063360641308	4997.787035835671	frye1	0.0
5000.152165099805	5001.926662587405	frye1	0.0
5000.432429879932	5002.407304251841	frye3	1.0
5005.239938829412	5006.919644174321	frye1	0.0
5008.025309057932	5009.700491906265	frye3	1.0
5008.756246539476	5010.483371748809	frye1	1.0
5014.579139922116	5016.2204715805165	frye1	1.0
5017.336454471932	5018.989392810531	frye3	1.0
5019.364899686039	5021.078849165123	frye1	1.0
5024.522368946189	5026.1479970867895	frye1	1.0
5024.650695881932	5026.115457970349	frye3	1.0
5028.805327492221	5030.532452701555	frye1	1.0
5031.314782499932	5032.971251219086	frye3	0.0
5034.047424787007	5035.8219222746075	frye1	0.0
5039.367516951756	5041.09119214612	frye1	1.0
5043.087228197932	5044.516373926515	frye3	0.0
5043.59960758624	5045.001617636841	frye1	0.0
5047.731190997932	5049.021622321098	frye3	0.0
5049.14812307123	5050.827828416139	frye1	0.0
5053.074304625127	5054.771226735727	frye1	0.0
5056.508280689932	5058.132878680032	frye3	0.0
5057.139877240112	5058.853826719195	frye1	0.0
5062.959401895414	5064.585030036014	frye1	0.0
5063.242026749932	5064.706788838349	frye3	0.0
5067.059874420669	5068.8343719082695	frye1	0.0
5069.302398203932	5070.958866923086	frye3	0.0
5071.659779436479	5073.301111094879	frye1	1.0
5074.991252633932	5076.666435482265	frye3	0.0
5076.353544972531	5078.067494451615	frye1	1.0
5081.43500215041	5083.158677344773	frye1	1.0
5084.836453769932	5086.483135093265	frye3	1.0
5087.168202028501	5088.570212079101	frye1	0.0
5089.224998615932	5090.515429939099	frye3	1.0
5092.150265415994	5093.829970760903	frye1	1.0
5095.378249325932	5097.031187664532	frye3	1.0
5096.215838030977	5097.990335518577	frye1	1.0
5101.280379917071	5102.977302027671	frye1	1.0
5102.019116129932	5103.694298978265	frye3	0.0
5106.693399455877	5108.40734893496	frye1	1.0
5110.0763915879315	5111.7328603070855	frye3	1.0
5112.176114525225	5113.801742665825	frye1	1.0
5115.486608249932	5116.951370338349	frye3	0.0
5116.009368705066	5117.736493914399	frye1	0.0
5121.352692713331	5123.127190200931	frye1	0.0
5125.146050873932	5126.5751966025155	frye3	0.0
5125.859670355083	5127.501002013483	frye1	0.0
5130.204025092236	5131.91797457132	frye1	0.0
5130.843254479932	5132.467852470031	frye3	0.0
5135.524117256985	5137.2165034282925	frye1	0.0
5139.495895925932	5140.786327249099	frye3	0.0
5139.846583556244	5141.573708765577	frye1	0.0
5145.560273655115	5147.334771142716	frye1	0.0
5147.460292127932	5149.113230466532	frye3	1.0
5150.500694844161	5151.983831682315	frye1	1.0
5154.597460782135	5156.2943828927355	frye1	0.0
5157.282273449932	5158.747035538349	frye3	0.0
5159.964016633912	5161.677966112996	frye1	1.0
5164.0160195099315	5165.6724882290855	frye3	1.0
5166.445700974371	5168.071329114971	frye1	1.0
5169.907245657985	5171.681743145586	frye1	1.0
5173.559363063932	5175.234545912265	frye3	0.0
5175.36672888382	5177.00806054222	frye1	0.0
5180.0363294301715	5181.750278909255	frye1	0.0
5182.893728291932	5184.540409615266	frye3	0.0
5184.798857350581	5186.525982559914	frye1	0.0
5189.581034723932	5191.237503443086	frye3	0.0
5190.072485828302	5191.76487199961	frye1	0.0
5194.532999783026	5196.246949262109	frye1	0.0
5197.707969623932	5198.998400947098	frye3	0.0
5199.946019321832	5201.625724666741	frye1	0.0
5203.918664562758	5205.615586673358	frye1	0.0
5206.460445686932	5208.435320058841	frye3	0.0
5209.145829353451	5210.920326841051	frye1	0.0
5213.920485307789	5215.546113448389	frye1	0.0
5215.842644357932	5217.517827206265	frye3	0.0
5219.112290221038	5220.826239700122	frye1	0.0
5224.873787412557	5226.597462606921	frye1	0.0
5227.104254147932	5228.7571924865315	frye3	1.0
5230.008024829192	5231.410034879793	frye1	0.0
5235.072566715286	5236.847064202886	frye1	1.0
5236.206421235932	5237.496852559098	frye3	0.0
5240.044181227323	5241.669809367923	frye1	0.0
5243.706421157932	5245.362889877086	frye3	0.0
5245.945069479926	5247.719566967527	frye1	0.0
5252.939319890544	5254.636242001144	frye1	0.0
5253.946359131932	5255.411121220349	frye3	0.0
5257.816541515677	5259.530490994761	frye1	0.0
5262.72811747258	5264.407822817489	frye1	0.0
5263.791560267932	5265.466743116265	frye3	0.0
5266.574946520526	5268.30207172986	frye1	1.0
5272.275349223147	5273.916680881547	frye1	1.0
5274.374590008932	5276.349464380841	frye3	0.0
5276.541407388114	5278.315904875714	frye1	0.0
5281.861499552863	5283.585174747227	frye1	0.0
5288.752860317932	5290.409329037086	frye3	0.0
5291.804728576936	5293.430356717537	frye1	0.0
5296.032924096518	5297.760049305852	frye1	0.0
5310.068649569932	5311.533411658349	frye3	0.0
5312.73661958322	5314.43354169382	frye1	0.0
5316.059361581932	5317.488507310515	frye3	0.0
5317.442123284327	5319.1560727634105	frye1	0.0
5320.819423451932	5322.109854775099	frye3	0.0
5322.796007824864	5324.475713169773	frye1	1.0
5326.322519369932	5327.975457708531	frye3	0.0
5326.513102787135	5328.287600274735	frye1	0.0
5332.197132311932	5333.872315160265	frye3	0.0
5332.37718432812	5334.100859522484	frye1	0.0
5337.501764769347	5339.22888997868	frye1	0.0
5338.768339673932	5340.148898193432	frye3	0.0
5342.40368375084	5344.029311891441	frye1	0.0
5346.771270331508	5348.545767819109	frye1	0.0
5350.006729649932	5351.663198369086	frye3	0.0
5354.275155786591	5355.916487444992	frye1	0.0
5357.852859687776	5359.5668091668595	frye1	0.0
5361.105800741932	5362.780983590265	frye3	0.0
5367.983753277932	5369.958627649841	frye3	0.0
5369.073840105129	5370.766226276437	frye1	0.0
5372.90709428497	5374.681591772571	frye1	0.0
5376.268339283932	5377.915020607265	frye3	0.0
5377.274680865638	5378.9716029762385	frye1	0.0
5380.958741711932	5382.2491730350985	frye3	0.0
5382.943250683101	5384.670375892434	frye1	1.0
5387.274531119932	5388.927469458532	frye3	1.0
5388.144942554844	5389.770570695445	frye1	
5393.311682759932	5394.7764448483495	frye3	0.0
5402.383979588438	5404.025311246838	frye1	
5404.039236827932	5405.695705547086	frye3	
5409.61340703739	5411.02590737589	frye1	0.0
5414.790010709932	5416.465193558265	frye3	0.0
5422.776665301699	5424.259802139853	frye1	0.0
5423.334902261932	5424.959500252032	frye3	0.0
5427.316071795201	5429.090569282802	frye1	0.0
5432.434719362369	5434.076051020769	frye1	0.0
5448.574840079932	5449.865271403099	frye3	0.0
5454.892270046545	5456.666767534145	frye1	0.0
5458.907657309932	5460.532255300032	frye3	0.0
5459.1175532191055	5460.743181359706	frye1	1.0
5463.604211364366	5465.31816084345	frye1	1.0
5463.992796575932	5465.457558664349	frye3	0.0
5468.413202971802	5470.110125082402	frye1	0.0
5473.2454264227545	5474.728563260908	frye1	0.0
5473.582579757932	5475.239048477086	frye3	0.0
5476.544348201769	5478.3188456893695	frye1	0.0
5481.121021374064	5482.7623530324645	frye1	0.0
5483.706418661932	5485.381601510265	frye3	0.0
5486.185563260157	5487.899512739241	frye1	0.0
5490.855163806509	5492.578839000873	frye1	0.0
5491.593128564932	5493.580756160933	frye3	1.0
5494.920736421492	5496.647861630825	frye1	1.0
5500.471124369932	5501.761555693099	frye3	1.0
5500.961015735181	5502.735513222781	frye1	1.0
5505.266656959368	5506.892285099969	frye1	1.0
5508.110443175932	5509.735041166033	frye3	1.0
5512.436218015334	5514.210715502934	frye1	1.0
5514.077935373932	5515.542697462349	frye3	1.0
5517.060683290515	5518.740388635424	frye1	1.0
5520.940401157384	5522.637323267984	frye1	0.0
5521.020659759932	5522.677128479086	frye3	0.0
5525.795856451849	5527.509805930933	frye1	1.0
5537.622826769932	5539.298009618265	frye3	1.0
5538.039037983828	5539.766163193161	frye1	1.0
5542.197537972867	5543.972035460468	frye1	0.0
5542.315269292932	5543.961950616265	frye3	0.0
5547.657021198702	5549.298352857102	frye1	0.0
5550.324065027932	5551.980533747086	frye3	0.0
5552.930649676423	5554.6445991555065	frye1	0.0
5557.158845196005	5558.882520390369	frye1	0.0
5557.498987553932	5558.963749642349	frye3	0.0
5562.990037918066	5564.764535405667	frye1	0.0
5564.836448777932	5566.489387116531	frye3	0.0
5568.602947040264	5570.086083878417	frye1	0.0
5570.084126741932	5571.374558065098	frye3	0.0
5572.724180350512	5574.421102461112	frye1	0.0
5576.0192068799315	5577.448352608515	frye3	0.0
5576.952375870094	5578.593707528495	frye1	0.0
5580.602702483932	5582.259171203086	frye3	0.0
5580.7623982064215	5582.476347685505	frye1	0.0
5586.082578587932	5587.757761436265	frye3	1.0
5586.105722214686	5587.829397409049	frye1	1.0
5590.868250135094	5592.595375344427	frye1	1.0
5595.793400960101	5597.419029100702	frye1	1.0
5597.297748749932	5598.762510838349	frye3	0.0
5600.068060166713	5601.842557654313	frye1	0.0
5603.706417413932	5605.331015404033	frye3	0.0
5607.391934246397	5609.071639591306	frye1	0.0
5611.405199801637	5613.13232501097	frye1	0.0
5611.740473057932	5613.0309043810985	frye3	0.0
5616.516205374758	5618.230154853842	frye1	0.0
5617.057810463932	5618.710748802531	frye3	0.0
5620.824838150979	5622.46616980938	frye1	0.0
5623.907655593932	5625.372417682349	frye3	0.0
5624.62411876121	5626.398616248811	frye1	0.0
5629.8977472389315	5631.594669349532	frye1	0.0
5632.406107517932	5634.0625762370855	frye3	0.0
5637.889501407813	5639.603450886897	frye1	0.0
5640.695581115932	5642.370763964265	frye3	0.0
5643.813621503931	5645.439249644532	frye1	0.0
5647.368093561602	5649.095218770935	frye1	0.0
5648.961834899932	5650.608516223266	frye3	0.0
5652.037694107954	5653.812191595554	frye1	0.0
5652.542009882932	5654.516884254841	frye3	0.0
5656.498208062678	5658.139539721078	frye1	0.0
5658.807036035932	5660.097467359098	frye3	0.0
5661.585981792286	5663.299931271369	frye1	0.0
5665.122825443932	5666.551971172516	frye3	0.0
5666.534364460808	5668.258039655172	frye1	0.0
5670.927778943932	5672.584247663086	frye3	0.0
5671.064573946074	5672.839071433675	frye1	0.0
5676.570520858938	5678.267442969538	frye1	0.0
5677.313227793932	5678.988410642265	frye3	0.0
5681.356280622861	5683.03598596777	frye1	0.0
5685.073375585131	5686.800500794464	frye1	1.0
5687.669264837932	5689.322203176532	frye3	1.0
5690.021758253653	5691.735707732737	frye1	1.0
5692.870503173932	5694.335265262349	frye3	0.0
5695.1559956702895	5696.879670864653	frye1	0.0
5699.407423033385	5701.181920520986	frye1	0.0
5700.022205885932	5701.451351614515	frye3	0.0
5705.122456537876	5706.7480846784765	frye1	0.0
5707.290007667932	5708.946476387086	frye3	0.0
5710.279925798026	5712.007051007359	frye1	0.0
5714.693976065722	5716.468473553323	frye1	0.0
5716.810131407932	5718.485314256265	frye3	0.0
5719.350353105905	5720.991684764305	frye1	0.0
5725.05537827305	5726.75230038365	frye1	0.0
5725.587221099932	5726.967779619432	frye3	0.0
5730.2593112202285	5731.973260699312	frye1	1.0
5730.370502783932	5731.995100774032	frye3	0.0
5735.300621262808	5737.075118750408	frye1	1.0
5735.594960933932	5737.059723022349	frye3	1.0
5741.875232977323	5743.598908171687	frye1	1.0
5751.686292035932	5753.339230374531	frye3	0.0
5755.326470372039	5756.728480422639	frye1	0.0
5759.604248609932	5761.279431458265	frye3	0.0
5760.739719893931	5762.41942523884	frye1	0.0
5764.201034594459	5765.9755320820595	frye1	0.0
5768.149140161932	5769.795821485266	frye3	0.0
5768.91709882784	5770.5584304862405	frye1	0.0
5773.052366973366	5774.766316452449	frye1	0.0
5773.303938869932	5774.960407589086	frye3	0.0
5780.084124557932	5781.759307406265	frye3	0.0
5780.625947958991	5782.353073168324	frye1	1.0
5785.3884758794	5787.014104020001	frye1	1.0
5791.043876765932	5793.018751137841	frye3	0.0
5795.097145392896	5796.82082058726	frye1	0.0
5800.349783102538	5802.0637325816215	frye1	0.0
5801.190935483932	5802.481366807098	frye3	0.0
5806.111280294057	5807.808202404657	frye1	0.0
5810.339542199932	5811.768687928516	frye3	0.0
5811.931247099306	5813.65837230864	frye1	0.0
5815.192483325932	5816.657245414349	frye3	0.0
5817.889824955751	5819.515453096351	frye1	0.0
5821.397833326393	5823.1723308139935	frye1	0.0
5824.921585391932	5826.578054111086	frye3	0.0
5828.576472972278	5830.217804630678	frye1	0.0
5830.958737031932	5832.633919880265	frye3	0.0
5833.919796980541	5835.6337464596245	frye1	0.0
5848.814773997932	5850.467712336532	frye3	1.0
5849.799945406249	5851.42557354685	frye1	1.0
5853.92061532077	5855.32262537137	frye1	0.0
5854.108891589932	5855.573653678349	frye3	0.0
5860.241475682118	5862.015973169719	frye1	0.0
5863.002080351932	5864.6266783420315	frye3	0.0
5865.6045549297	5867.087691767853	frye1	0.0
5868.342637571932	5869.633068895098	frye3	0.0
5870.238918567281	5871.935840677881	frye1	0.0
5875.016928157142	5876.730877636225	frye1	0.0
5875.331801585932	5876.984739924532	frye3	0.0
5880.213006640257	5881.936681834621	frye1	0.0
5882.599603367932	5884.274786216265	frye3	0.0
5886.005590139354	5887.732715348688	frye1	0.0
5891.604464426273	5893.378961913873	frye1	0.0
5901.384432893932	5903.040901613086	frye3	0.0
5902.871908530655	5904.585858009738	frye1	0.0
5909.243948297844	5910.940870408444	frye1	0.0
5911.229634029932	5912.694396118349	frye3	0.0
5913.930266043409	5915.555894184009	frye1	0.0
5917.879679440822	5919.654176928422	frye1	0.0
5922.041439071932	5923.470584800515	frye3	0.0
5922.433120769602	5924.160245978936	frye1	0.0
5927.099808968933	5928.582945807087	frye1	0.0
5931.516771583651	5933.291269071251	frye1	1.0
5931.895268489932	5933.570451338265	frye3	0.0
5936.209603973516	5937.901990144824	frye1	0.0
5940.228712901471	5941.942662380555	frye1	0.0
5940.698559773932	5942.673434145841	frye3	0.0
5945.897282718934	5947.624407928267	frye1	0.0
5948.679516664932	5950.326197988265	frye3	0.0
5950.9850564485405	5952.626388106941	frye1	0.0
5953.605794579932	5954.896225903099	frye3	0.0
5955.515265933807	5957.229215412891	frye1	0.0
5960.5798078199	5962.303483014264	frye1	0.0
5963.799292925932	5965.452231264531	frye3	1.0
5965.667581549508	5967.442079037109	frye1	1.0
5969.673905867932	5971.138667956349	frye3	0.0
5973.032075943506	5974.657704084107	frye1	0.0
5979.046882338245	5980.743804448845	frye1	0.0
5982.341390215932	5983.721948735431	frye3	0.0
5984.6247658570865	5986.33871533617	frye1	0.0
5986.485051203932	5988.141519923086	frye3	0.0
5989.271134559924	5990.950839904833	frye1	0.0
5992.5686424719315	5994.2438253202645	frye3	0.0
5993.011461365709	5994.738586575042	frye1	1.0
5997.425511633405	5999.200009121006	frye1	0.0
5999.858270252932	6001.833144624841	frye3	1.0
6003.721341225751	6005.362672884151	frye1	1.0
6008.692955737787	6010.406905216871	frye1	1.0
6009.217249109932	6010.507680433098	frye3	1.0
6012.781760196284	6014.505435390648	frye1	1.0
6014.743564841932	6016.396503180532	frye3	0.0
6017.102883089923	6018.830008299256	frye1	0.0
6020.455639085932	6021.920401174349	frye3	0.0
6023.289068108998	6024.914696249599	frye1	0.0
6026.697634461283	6028.4721319488835	frye1	0.0
6026.817868121932	6028.474336841086	frye3	0.0
6031.646017129805	6033.342939240405	frye1	0.0
6037.104245723932	6038.779428572265	frye3	0.0
6037.268123260239	6038.982072739323	frye1	0.0
6045.324059879932	6046.753205608516	frye3	0.0
6049.87310224496	6051.51443390336	frye1	0.0
6050.146105969932	6052.1209803418415	frye3	0.0
6054.23860993217	6055.65820792217	frye1	0.0
6055.335734245932	6056.716292765432	frye3	0.0
6060.2776200959315	6061.568051419098	frye3	0.0
6060.337343869829	6062.034265980429	frye1	0.0
6064.692591111152	6066.372296456061	frye1	0.0
6066.895267085932	6068.548205424531	frye3	0.0
6069.235139935764	6071.009637423364	frye1	0.0
6072.816319655932	6074.281081744349	frye3	0.0
6074.113827073744	6075.755158732144	frye1	0.0
6078.272327062784	6079.9862765418675	frye1	0.0
6081.686288603932	6083.342757323086	frye3	0.0
6083.685346601589	6085.3109747421895	frye1	0.0
6086.817867497932	6088.493050346265	frye3	0.0
6087.960005808201	6089.687131017534	frye1	0.0
6092.536678980496	6094.311176468096	frye1	0.0
