1797.232393761127	1798.873725419527	frye1	
1801.3908837569807	1803.104833236064	frye1	
1803.9045333085214	1805.5574716471215	frye3	
1805.526141965148	1807.300639452748	frye1	
1808.5484960759227	1810.223678924256	frye3	
1809.8240226871199	1811.5164088584277	frye1	
1813.6800749339006	1815.6549493058099	frye3	
1814.2845259228957	1816.011651132229	frye1	
1818.997412302575	1820.2878436257417	frye3	
1819.2328967000847	1820.8585248406846	frye1	
1822.8338237914666	1824.6083212790666	frye1	
1823.9432326498572	1825.3723783784408	frye3	
1827.1084727257517	1828.7498043841517	frye1	
1828.7032944864432	1830.3597632055971	frye3	
1830.7093998171335	1832.4233492962169	frye1	
1833.8116535305846	1835.486836378918	frye3	
1835.61130701895	1837.291012363859	frye1	
1839.4910155625676	1841.2181407719008	frye1	
1839.523727734488	1840.9884898229045	frye3	
1844.2303002505796	1845.9539754449431	frye1	
1846.2342539333824	1847.8871922719825	frye3	
1847.9241544927065	1849.6381039717899	frye1	
1850.7853374454355	1852.0757687686023	frye3	
1852.686670968405	1854.312299109005	frye1	
1854.6862661700525	1856.115411898636	frye3	
1856.3340616351593	1858.1085591227593	frye1	
1859.0283713575723	1860.6848400767262	frye3	
1861.3521277754073	1862.9934594338074	frye1	
1864.5314672369427	1866.2066500852761	frye3	1.0
1865.3479952574567	1867.07512046679	frye1	1.0
1869.7852667055463	1871.4992161846296	frye1	1.0
1870.8008169729342	1872.4474982962674	frye3	1.0
1875.0124189349713	1876.7360941293348	frye1	1.0
1877.0469468950887	1878.5117089835053	frye3	1.0
1879.1244453554525	1880.8041507003616	frye1	1.0
1881.4819313379567	1883.1348696765567	frye3	1.0
1882.5627499330296	1884.3372474206296	frye1	1.0
1887.534352497905	1889.2312746085051	frye1	1.0
1888.0299188399922	1889.320350163159	frye3	1.0
1891.7393060691315	1893.4532555482149	frye1	1.0
1893.0221788149481	1894.4513245435314	frye3	1.0
1896.153345729535	1897.778973870135	frye1	1.0
1897.5036028854904	1899.1600716046444	frye3	1.0
1899.847199971662	1901.621697459262	frye1	1.0
1903.843067453711	1905.484399112111	frye1	1.0
1904.33022815357	1905.7949902419866	frye3	1.0
1907.8389349357606	1909.5660601450938	frye1	1.0
1909.276048500852	1910.9227298241854	frye3	1.0
1912.5085242607136	1914.2830217483136	frye1	1.0
1913.0840979701209	1914.7592808184543	frye3	1.0
1917.0387228595487	1918.7184282044577	frye1	1.0
1920.2590204457556	1921.8836184358556	frye3	1.0
1920.63964995093	1922.3365720615302	frye1	1.0
1924.7052127960387	1926.419162275122	frye1	1.0
1925.2702475455787	1926.6508060650785	frye3	1.0
1927.9447788258044	1929.409540914221	frye3	1.0
1929.2121796071872	1930.9358548015507	frye1	1.0
1931.3510603948935	1932.780206123477	frye3	1.0
1933.1383517261775	1934.8654769355107	frye1	1.0
1935.6769768335273	1937.3334455526813	frye3	1.0
1937.5988549619537	1939.2244831025537	frye1	1.0
1940.183660812892	1941.8303421362252	frye3	1.0
1941.10685490259	1942.88135239019	frye1	1.0
1945.8229078029158	1947.4642394613159	frye1	1.0
1946.7063884061047	1947.9968197292715	frye3	1.0
1949.6096891957882	1951.3236386748715	frye1	1.0
1951.214009535463	1952.6431552640465	frye3	1.0
1953.442934164033	1955.1353203353408	frye1	1.0
1955.9478743132331	1957.9227486851423	frye3	1.0
1957.6014241598868	1959.3285493692201	frye1	1.0
1962.5265631493894	1964.3010606369894	frye1	1.0
1967.0237255134846	1968.698908361818	frye3	1.0
1967.0567617482245	1968.6980934066246	frye1	1.0
1970.843543141097	1972.5574926201803	frye1	1.0
1972.8054591588989	1974.458397497499	frye3	1.0
1975.3505099522454	1977.0474320628455	frye1	1.0
1979.69485424959	1981.46935173719	frye1	1.0
1981.1645921402207	1982.593737868804	frye3	1.0
1984.2018210607384	1985.925496255102	frye1	1.0
1986.1104124875033	1987.5751745759198	frye3	1.0
1988.4300064196514	1990.1571316289846	frye1	1.0
1991.7528272498955	1993.399508573229	frye3	1.0
1992.4955692647595	1994.2095187438429	frye1	1.0
1996.1413720650892	1997.7978407842431	frye3	1.0
1996.909608925163	1998.589314270072	frye1	1.0
2000.4408406534856	2002.1679658628188	frye1	1.0
2002.5268208702657	2004.2020037185991	frye3	1.0
2004.7387213754573	2006.5132188630573	frye1	1.0
2008.7345888575064	2010.3602169981064	frye1	1.0
2008.8193904200946	2010.4723287586946	frye3	1.0
2012.0335027089661	2013.7474521880495	frye1	1.0
2015.4370373636407	2016.7274686868075	frye3	1.0
2016.912178123096	2018.6045642944039	frye1	1.0
2021.024204543577	2022.7513297529104	frye1	1.0
2022.3101022593944	2023.7392479879777	frye3	1.0
2024.99684023794	2026.26568445894	frye1	1.0
2027.372021675862	2028.8367837642786	frye3	1.0
2028.0402044248497	2029.8147019124497	frye1	1.0
2032.8491844759208	2034.5461065865209	frye1	1.0
2036.0562320509018	2037.7029133742353	frye3	1.0
2037.4955420131873	2039.1368736715874	frye1	1.0
2041.280690164228	2042.937158883382	frye3	1.0
2041.7469591597865	2043.4609086388698	frye1	1.0
2046.5980275329023	2048.2732103812355	frye3	1.0
2047.090270327643	2048.8139455220066	frye1	1.0
2050.9467470835743	2052.6738722929076	frye1	1.0
2052.9602565242417	2054.935130896151	frye3	1.0
2056.266826463745	2057.892454604345	frye1	1.0
2059.531463840114	2060.8218951632807	frye3	1.0
2059.705131041322	2061.479628528922	frye1	1.0
2065.0484422091786	2066.7453643197787	frye1	1.0
2065.0809993471585	2066.7339376857585	frye3	1.0
2069.485713657268	2071.127045315668	frye1	1.0
2070.978832061758	2072.4435941501747	frye3	1.0
2073.574508290063	2075.288457769146	frye1	1.0
2075.994311850551	2077.4234575791347	frye3	1.0
2078.383488341134	2080.1106135504674	frye1	1.0
2080.916912383996	2082.57338110315	frye3	1.0
2083.238931967578	2084.722068805732	frye1	1.0
2083.91226836897	2085.2928268884702	frye3	1.0
2086.5825469602255	2088.257729808559	frye3	1.0
2086.8630908466457	2088.6375883342457	frye1	1.0
2091.180070099953	2093.154944471862	frye3	1.0
2091.4629848085397	2093.1553709798472	frye1	1.0
2095.5517794413345	2097.2657289204176	frye1	1.0
2096.188658822794	2097.8353401461272	frye3	1.0
2100.174905190915	2101.4305868609154	frye1	1.0
2101.5128872574196	2102.803318580586	frye3	1.0
2104.3798587621413	2106.1069839714746	frye1	1.0
2105.924651886451	2107.577590225051	frye3	1.0
2108.468653394936	2110.094281535536	frye1	1.0
2111.3580883243103	2112.822850412727	frye3	1.0
2111.535249369532	2113.309746857132	frye1	1.0
2115.9492890299352	2117.6462111405353	frye1	1.0
2117.464899363443	2118.8940450920263	frye3	1.0
2119.921924724298	2121.6358742033813	frye1	1.0
2121.992763061659	2123.649231780813	frye3	1.0
2124.4753551108197	2126.1166867692195	frye1	1.0
2127.426199499518	2129.1013823478515	frye3	1.0
2129.0520172850274	2130.7791424943607	frye1	1.0
2133.622677452021	2135.2693587753542	frye3	1.0
2133.628679459235	2135.403176946835	frye1	1.0
2138.228573421129	2139.952248615493	frye1	1.0
2139.175425301043	2140.4658566242097	frye3	1.0
2141.9456594509425	2143.6596089300256	frye1	1.0
2143.726508813096	2145.351106803196	frye3	1.0
2147.660679221781	2149.387804431114	frye1	1.0
2147.8181115763746	2149.1986700958746	frye3	1.0
2151.8888645806933	2153.5685699256023	frye1	1.0
2153.014434347898	2154.4791964363144	frye3	1.0
2155.559487035134	2157.333984522734	frye1	1.0
2157.5896876297816	2159.018833358365	frye3	1.0
2160.2058445724006	2161.9027666830007	frye1	1.0
2162.7203165317665	2164.010747854933	frye3	1.0
2164.7128113835497	2166.426760862633	frye1	1.0
2169.08038746858	2170.7217191269797	frye1	1.0
2172.2404402049383	2173.8969089240923	frye3	1.0
2173.401499978238	2175.1286251875713	frye1	1.0
2177.815539638641	2179.441167779241	frye1	1.0
2179.4247175775076	2180.853863306091	frye3	1.0
2181.4629303053957	2183.2374277929957	frye1	1.0
2187.038559350116	2188.451059688616	frye1	1.0
2188.395661227535	2190.3705355994443	frye3	1.0
2190.523327503066	2192.237276982149	frye1	1.0
2194.5779011161376	2195.868332439304	frye3	1.0
2194.7515128619784	2196.4312182068875	frye1	1.0
2197.980731350379	2199.707856559712	frye1	1.0
2198.153752447037	2199.5828981756204	frye3	1.0
2202.09275777086	2203.86725525846	frye1	1.0
2203.7265077679176	2205.3794461065177	frye3	1.0
2206.8785060342443	2208.519837692644	frye1	1.0
2208.90452625357	2210.5797091019035	frye3	1.0
2211.2460821192753	2212.9600315983585	frye1	1.0
2215.0113372927026	2216.658018616036	frye3	1.0
2215.7762807181102	2217.40190885871	frye1	1.0
2219.0140281853546	2220.7109502959547	frye1	1.0
2223.0686126941437	2224.7250814132976	frye3	1.0
2223.8377110452675	2225.4790427036673	frye1	1.0
2228.0376528552624	2229.502414943679	frye3	1.0
2228.4840685825347	2230.198018061618	frye1	1.0
2232.8905939471965	2234.5435322857966	frye3	1.0
2233.4092075720373	2235.0889129169464	frye1	1.0
2236.8242803619282	2238.5514055712615	frye1	1.0
2239.0670644278403	2240.357495751007	frye3	1.0
2241.3777107484493	2243.101385942813	frye1	1.0
2244.779138631744	2246.2082843603275	frye3	1.0
2245.1877239290084	2246.9016734080915	frye1	1.0
2249.624995377098	2251.399492864698	frye1	1.0
2249.7400336559203	2251.3646316460204	frye3	1.0
2254.0854986128743	2255.711126753474	frye1	1.0
2257.5732560559336	2259.248438904267	frye3	1.0
2258.336915759473	2260.033837870073	frye1	1.0
2262.4494169617046	2264.096098285038	frye3	1.0
2262.6115646937583	2264.3255141728414	frye1	1.0
2265.6769710850485	2267.3334398042025	frye3	1.0
2267.4670083202022	2268.950145158356	frye1	1.0
2270.6729950209165	2272.4001202302497	frye1	1.0
2272.0392000763877	2273.5039621648043	frye3	1.0
2275.598134010419	2277.239465668819	frye1	1.0
2278.9354847859786	2280.5884231245786	frye3	1.0
2279.524306129409	2281.298803617009	frye1	1.0
2283.3704692288466	2284.660900552013	frye3	1.0
2284.6120676327164	2286.304453804024	frye1	1.0
2288.793789416256	2290.5209146255893	frye1	1.0
2290.2899737522744	2291.719119480858	frye3	1.0
2293.2310608643456	2294.9450103434287	frye1	1.0
2294.2141222907285	2296.1889966626377	frye3	1.0
2297.4592462232586	2299.0848743638585	frye1	1.0
2298.5330076644113	2300.2081905127447	frye3	1.0
2301.2227958284448	2302.9972933160448	frye1	1.0
2303.5925802058946	2304.9731387253946	frye3	1.0
2305.6136037011615	2307.3372788955253	frye1	1.0
2309.0980229602483	2310.7544916794022	frye3	1.0
2310.6316698414093	2312.0336798920093	frye1	1.0
2314.5578419604	2316.237547305309	frye1	1.0
2315.762109531469	2317.2268716198855	frye3	1.0
2318.6131000774412	2320.3100221880413	frye1	1.0
2321.5206233630465	2322.94976909163	frye3	1.0
2323.5020802196386	2325.1434118780385	frye1	1.0
2326.2806851996324	2328.2555595715417	frye3	1.0
2327.4282523386287	2329.142201817712	frye1	1.0
2329.5546789506507	2331.201360273984	frye3	1.0
2331.702901272914	2333.4300264822473	frye1	1.0
2333.618146372126	2334.9085776952925	frye3	1.0
2336.372490597867	2337.998118738467	frye1	1.0
2338.285328953364	2339.938267291964	frye3	1.0
2340.2754309291713	2342.0499284167713	frye1	1.0
2344.6011183170294	2346.065880405446	frye3	1.0
2345.4328877955368	2347.0742194539366	frye1	1.0
2349.5681460037044	2351.2650681143045	frye1	1.0
2351.8457002341756	2353.820574606085	frye3	1.0
2354.0286492394803	2355.7557744488136	frye1	1.0
2357.498359025496	2358.878917544996	frye3	1.0
2357.9780531461574	2359.6920026252405	frye1	1.0
2361.9739206282065	2363.666306799514	frye1	1.0
2362.341056088502	2363.9975248076557	frye3	1.0
2365.9233245348832	2367.6978220224833	frye1	1.0
2368.308548244612	2369.9837310929456	frye3	1.0
2370.430291346032	2372.109996690941	frye1	1.0
2373.7524369851776	2375.479562194511	frye1	1.0
2375.065514071181	2376.718452409781	frye3	1.0
2378.5614170362487	2380.2027486946486	frye1	1.0
2381.4277430625207	2382.8925051509373	frye3	1.0
2383.068383847397	2384.78233332648	frye1	1.0
2387.9702910492133	2389.662677220521	frye1	1.0
2388.5794457243182	2390.2261270476515	frye3	1.0
2392.0126221066357	2393.7871195942357	frye1	1.0
2393.5252660716	2395.181734790754	frye3	1.0
2396.3801981916668	2398.0058263322667	frye1	1.0
2398.9354826956223	2400.6106655439557	frye3	1.0
2400.0508206461072	2401.7779458554405	frye1	1.0
2404.7436417587464	2406.4575912378295	frye1	1.0
2405.994306102072	2407.4234518306557	frye3	1.0
2408.9485953299727	2410.5899269883726	frye1	1.0
2410.9865660770283	2412.276997400195	frye3	1.0
2412.224277393746	2413.998774881346	frye1	1.0
2416.0252656796583	2417.6498636697584	frye3	1.0
2416.986793869444	2418.6837159800443	frye1	1.0
2421.1917474406705	2422.9056969197536	frye1	1.0
2422.875110761575	2424.3398728499915	frye3	1.0
2425.8381049779373	2427.321241816091	frye1	1.0
2428.7497236623376	2430.4061923814916	frye3	1.0
2430.019826761477	2431.74695197081	frye1	1.0
2433.7884232649676	2435.463606113301	frye3	1.0
2434.387402846508	2436.0797890178155	frye1	1.0
2438.1974160270665	2439.9113655061497	frye1	1.0
2439.5440578805656	2441.5316854765656	frye3	1.0
2442.6579192628424	2444.2835474034423	frye1	1.0
2445.8859462740475	2447.176377597214	frye3	1.0
2446.3053099295967	2448.0798074171967	frye1	1.0
2450.460249599938	2451.8893953285215	frye3	1.0
2451.439535008277	2453.0808666666767	frye1	1.0
2454.8255746012946	2456.4820433204486	frye3	1.0
2455.6677203671893	2457.3948455765226	frye1	1.0
2460.375110108339	2462.0502929566724	frye3	1.0
2460.3837732675147	2462.0634786124238	frye1	1.0
2464.0543957219556	2465.8288932095556	frye1	1.0
2467.1552957487443	2468.8019770720775	frye3	1.0
2468.5613625331043	2470.2582846437044	frye1	1.0
2471.4277414947533	2472.89250358317	frye3	1.0
2473.8117465502155	2475.4530782086154	frye1	1.0
2477.598527943088	2479.312477422171	frye1	1.0
2477.650651603071	2479.303589941671	frye3	1.0
2482.407507994159	2484.1311831885228	frye1	1.0
2482.712571019538	2484.0030023427043	frye3	1.0
2486.9841701683667	2488.7112953777	frye1	1.0
2488.8890415001815	2490.318187228765	frye3	1.0
2491.9093091578693	2493.6838066454693	frye1	1.0
2493.834861847464	2495.809736219373	frye3	1.0
2496.9970706611766	2498.6226988017766	frye1	1.0
2499.1304441562907	2500.5110026757907	frye3	1.0
2501.1787924447162	2502.8927419237993	frye1	1.0
2503.819381797376	2505.47585051653	frye3	1.0
2505.406977803629	2507.181475291229	frye1	1.0
2508.7187625169845	2510.393945365318	frye3	1.0
2510.1694942793274	2511.8108259377273	frye1	1.0
2514.235057124436	2515.931979235036	frye1	1.0
2515.4060689020416	2516.870830990458	frye3	1.0
2518.83495108633	2520.514656431239	frye1	1.0
2520.909164781412	2522.562103120012	frye3	1.0
2522.0177059993575	2523.744831208691	frye1	1.0
2526.3388185090157	2528.052767988099	frye1	1.0
2526.8998767513594	2528.190308074526	frye3	1.0
2530.659931018674	2532.3836062130376	frye1	1.0
2533.053127418166	2535.028001790075	frye3	1.0
2535.352752131313	2537.127249618913	frye1	1.0
2538.324025159166	2539.7887872475826	frye3	1.0
2540.0455732439523	2541.686904902352	frye1	1.0
2544.1808314521195	2545.8947809312026	frye1	1.0
2545.3364089379415	2546.765554666525	frye3	1.0
2549.3847518938583	2551.1118771031915	frye1	1.0
2550.816285003475	2552.472753722629	frye3	1.0
2556.598018648889	2558.2732014972225	frye3	1.0
2562.4874801489505	2564.1131082895504	frye1	1.0
2565.3914536097427	2567.1659510973427	frye1	1.0
2566.4432197157794	2568.0678177058794	frye3	1.0
2569.666102544028	2571.363024654628	frye1	1.0
2572.294612802705	2573.7593748911218	frye3	1.0
2574.010446841372	2575.690152186281	frye1	1.0
2577.3325924805176	2579.059717689851	frye1	1.0
2579.028358815436	2580.681297154036	frye3	1.0
2582.4203539838245	2584.1343034629076	frye1	1.0
2586.690897381648	2587.9813287048146	frye3	1.0
2587.20610224721	2588.9297774415736	frye1	1.0
2590.969651852396	2592.744149339996	frye1	1.0
2592.6351697239215	2594.064315452505	frye3	1.0
2595.6160093896624	2597.3431345989957	frye1	1.0
2597.5113306296926	2599.486205001602	frye3	1.0
2600.2159033515563	2601.8956086964654	frye1	1.0
2603.0840859505743	2604.7592687989077	frye3	1.0
2603.7006715045063	2605.4751689921063	frye1	1.0
2608.277333678714	2609.991283157797	frye1	1.0
2609.2837762450545	2610.9367145836545	frye3	1.0
2613.4115587573933	2615.135233951757	frye1	1.0
2615.715664677905	2617.1804267663215	frye3	1.0
2617.5235851778743	2619.2507103872076	frye1	1.0
2621.1723209296015	2622.8190022529348	frye3	1.0
2622.0073202013364	2623.6329483419363	frye1	1.0
2625.7476380188364	2627.5221355064364	frye1	1.0
2625.955602580025	2627.6120712991788	frye3	1.0
2630.6263134329665	2632.2676450913664	frye1	1.0
2633.9432185399546	2635.618401388288	frye3	1.0
2635.5979159978424	2637.2948381084425	frye1	1.0
2639.081679858884	2641.069307454884	frye3	1.0
2640.1978099597363	2641.9117594388194	frye1	1.0
2644.3098363802173	2646.033511574581	frye1	1.0
2646.5980170811226	2647.888448404289	frye3	1.0
2649.606683972701	2651.0898208108547	frye1	1.0
2651.5670572422414	2653.1916552323414	frye3	1.0
2652.8126706734147	2654.539795882748	frye1	1.0
2655.932382243598	2657.3971443320147	frye3	1.0
2659.1549487117845	2660.7805768523845	frye1	1.0
2662.3178310487747	2663.9742997679286	frye3	1.0
2662.7558758031655	2664.5303732907655	frye1	1.0
2667.7507101557276	2669.3920418141274	frye1	1.0
2669.446313896736	2671.121496745069	frye3	1.0
2671.514259760914	2673.228209239997	frye1	1.0
2675.3441466113345	2676.773292339918	frye3	1.0
2675.8121404828853	2677.535815677249	frye1	1.0
2680.040325841798	2681.7674510511315	frye1	1.0
2680.4525056554767	2681.7429369786432	frye3	1.0
2684.7796105298103	2686.5541080174103	frye1	1.0
2686.1413600455426	2687.7942983841426	frye3	1.0
2689.588590580881	2691.285512691481	frye1	1.0
2692.1088522016535	2693.57361429007	frye3	1.0
2694.327875268893	2696.007580613802	frye1	1.0
2697.835875209529	2699.5630004188624	frye1	1.0
2699.8178303955383	2701.4645117188716	frye3	1.0
2702.319610232992	2703.960941891392	frye1	1.0
2704.740430928984	2706.4156137773175	frye3	1.0
2706.7568816810817	2708.470831160165	frye1	1.0
2710.2522366912926	2712.227111063202	frye3	1.0
2711.4729345814067	2713.1966097757704	frye1	1.0
2715.026808458777	2716.683277177931	frye3	1.0
2715.608192789574	2717.382690277174	frye1	1.0
2720.5565635667635	2722.2534856773636	frye1	1.0
2722.4107092589447	2723.7011405821113	frye3	1.0
2725.2958482547756	2727.0097977338587	frye1	1.0
2729.3846428875704	2731.0259745459703	frye1	1.0
2729.701730803765	2731.1308765323483	frye3	1.0
2733.798682547974	2735.525807757307	frye1	1.0
2735.78532202906	2737.441790748214	frye3	1.0
2738.2591857837497	2739.9388911286587	frye1	1.0
2741.5813314228953	2743.3558289104953	frye1	1.0
2742.7744859939985	2744.449668842332	frye3	1.0
2746.878179015379	2748.5705651866865	frye1	1.0
2749.647550889752	2751.300489228352	frye3	1.0
2750.9669736481737	2752.694098857507	frye1	1.0
2755.590099397754	2757.304048876837	frye1	1.0
2755.615043045863	2757.0798051342795	frye3	1.0
2759.957675482785	2761.583303623385	frye1	1.0
2763.6282979372254	2765.4027954248254	frye1	1.0
2764.8100893253168	2766.434687315417	frye3	1.0
2768.1584965360607	2769.855418646661	frye1	1.0
2769.9416681832954	2771.232099506462	frye3	1.0
2773.664430217721	2775.34413556263	frye1	1.0
2775.351884807317	2777.0048231459173	frye3	1.0
2777.2188937337305	2778.946018943064	frye1	1.0
2780.437024037621	2782.1122068859545	frye3	1.0
2781.6793969695073	2783.320728627907	frye1	1.0
2785.7217280269288	2787.435677506012	frye1	1.0
2788.099562603834	2789.746243927167	frye3	1.0
2790.995343831726	2792.71901902609	frye1	1.0
2793.1847018341377	2794.8411705532917	frye3	1.0
2795.200297402953	2796.974794890553	frye1	1.0
2799.221853431759	2800.6866155201756	frye3	1.0
2799.8698867279054	2801.4955148685053	frye1	1.0
2803.8425224222683	2805.5696476316016	frye1	1.0
2805.8627201891422	2807.2918659177258	frye3	1.0
2808.3262574457312	2810.0402069248144	frye1	1.0
2811.505134951535	2813.129732941635	frye3	1.0
2812.926151407625	2814.649826601989	frye1	1.0
2817.107873191165	2818.882370678765	frye1	1.0
2818.3781998472887	2819.6686311704552	frye3	1.0
2822.26170268398	2823.9030343423797	frye1	1.0
2823.324020194571	2824.976958533171	frye3	1.0
2826.354124690326	2828.068074169409	frye1	1.0
2828.037642403483	2829.5024044918996	frye3	1.0
2831.2792636798285	2832.9761857904286	frye1	1.0
2835.670071552546	2837.1532083906995	frye1	1.0
2836.4896546401524	2838.1461233593063	frye3	1.0
2844.1264422703707	2845.9009397579707	frye1	1.0
2850.4919520964268	2852.2156272907905	frye1	1.0
2851.048477915955	2852.6951592392884	frye3	1.0
2854.4617905499945	2856.136973398328	frye3	1.0
2854.511051366162	2856.225000845245	frye1	1.0
2858.994786389624	2860.7219115989574	frye1	1.0
2860.7543600998233	2862.7292344717325	frye3	1.0
2863.8966935914405	2865.5380252498403	frye1	1.0
2866.9076107666297	2868.198042089796	frye3	1.0
2867.5208524705085	2869.2953499581085	frye1	1.0
2872.248167949141	2873.901106287741	frye3	1.0
2872.469223247698	2874.1661453582983	frye1	1.0
2877.045885421905	2878.671513562505	frye1	1.0
2880.955598138018	2882.6307809863515	frye3	1.0
2881.808401897604	2883.5355271069375	frye1	1.0
2886.408295859498	2888.088001204407	frye1	1.0
2888.4788178212075	2889.943579909624	frye3	1.0
2889.521355409466	2891.295852897066	frye1	1.0
2894.469726186655	2896.1934013810187	frye1	1.0
2896.67541210567	2898.1045578342537	frye3	1.0
2898.953461210118	2900.667410689201	frye1	1.0
2903.4139644458937	2905.141089655227	frye1	1.0
2904.4772695549045	2906.1337382740585	frye3	1.0
2908.060321983161	2909.685950123761	frye1	1.0
2909.933925806601	2911.6091086549345	frye3	1.0
2911.9864941021515	2913.7004435812346	frye1	1.0
2916.423765550241	2918.147440744605	frye1	1.0
2920.3131825917426	2922.288056963652	frye3	1.0
2921.000427724448	2922.774925212048	frye1	1.0
2926.343738892305	2927.9850705507047	frye1	1.0
2929.4385694296852	2930.729000752852	frye3	1.0
2930.4093017374134	2932.1232512164966	frye1	1.0
2933.9432133140645	2935.5961516526645	frye3	1.0
2935.473831453034	2937.170753563634	frye1	1.0
2940.306043291791	2942.080540779391	frye1	1.0
2942.6506435029414	2944.115405591358	frye3	1.0
2945.89619974195	2947.52182788255	frye1	1.0
2949.40760932951	2951.0640780486638	frye3	1.0
2949.924003393933	2951.6511286032664	frye1	1.0
2954.616824506573	2956.330773985656	frye1	1.0
2956.8868029470086	2958.533484270342	frye3	1.0
2959.0540959546624	2960.74648212597	frye1	1.0
2961.3193738278933	2962.9945566762267	frye3	1.0
2963.863076005733	2965.542781350642	frye1	1.0
2967.231685220252	2969.006182707852	frye1	1.0
2971.814729682221	2973.78960405413	frye3	1.0
2972.2291768453742	2973.870508503774	frye1	1.0
2975.804214876509	2977.518164355592	frye1	1.0
2977.9912001628636	2979.420345891447	frye3	1.0
2981.193989619738	2982.8909117303383	frye1	1.0
2983.494296042234	2984.7847273654006	frye3	1.0
2985.910042520064	2987.535670660664	frye1	1.0
2989.510969611446	2991.238094820779	frye1	1.0
2990.0887231719435	2991.7416615105435	frye3	1.0
2993.646227819613	2995.420725307213	frye1	1.0
2995.4525001682914	2996.917262256708	frye3	1.0
2998.4319760829976	3000.0733077413975	frye1	1.0
3002.729856804969	3004.4438062840522	frye1	1.0
3005.019063469138	3006.675532188292	frye3	1.0
3007.5156050683536	3008.9987419065073	frye1	1.0
3010.9074460705588	3012.634571279892	frye1	1.0
3010.940115997574	3012.6152988459075	frye3	
3015.5073400324527	3017.2818375200527	frye1	1.0
3020.1072339943466	3021.7485656527465	frye1	1.0
3022.550022916077	3024.5248972879863	frye3	
3472.8250806379265	3474.4664122963263	frye1	
3476.3098487908765	3478.0843462784765	frye1	
3480.278325298	3481.9347940171538	frye3	
3484.769383050194	3486.181883388694	frye1	
3489.807517436636	3491.487222781545	frye1	
3490.759480512	3492.4346633603336	frye3	0.0
3494.8952789399427	3496.622404149276	frye1	0.0
3499.310333591	3501.285207962909	frye3	0.0
3500.3779808339177	3502.0036089745176	frye1	0.0
3504.002139712986	3505.699061823586	frye1	0.0
3508.276788647271	3509.9907381263542	frye1	0.0
3509.581730566	3510.8721618891664	frye3	0.0
3512.3423514923797	3513.9836831507796	frye1	0.0
3516.0129739468202	3517.7874714344202	frye1	0.0
3520.821953997892	3522.549079207225	frye1	0.0
3520.936219612	3522.4009817004167	frye3	0.0
3526.072338015002	3527.752043359911	frye1	0.0
3529.580337955639	3531.354835443239	frye1	0.0
3533.391733382	3535.048202101154	frye3	0.0
3538.2457947626417	3539.959744241725	frye1	0.0
3543.635569505871	3545.261197646471	frye1	0.0
3544.991946916	3546.6671297643334	frye3	0.0
3553.8110925124847	3555.5855900000847	frye1	0.0
3558.4109864743787	3560.0523181327785	frye1	0.0
3561.965449990388	3563.6793994694713	frye1	0.0
3563.498138674	3564.7885699971666	frye3	0.0
3566.4956485892226	3568.1925706998227	frye1	0.0
3571.1884697018622	3572.8681750467713	frye1	0.0
3573.634140823	3575.290609542154	frye3	0.0
3574.5803107040665	3576.3074359134	frye1	0.0
3579.367456207	3580.8322182954166	frye3	0.0
3579.900390084237	3581.541721742637	frye1	0.0
3583.4548536002458	3585.2293510878458	frye1	0.0
3588.459438724	3590.1346215723333	frye3	0.0
3597.5100851504785	3599.1357132910784	frye1	0.0
3601.436257269468	3603.133179380068	frye1	0.0
3603.691636708	3605.1563987964164	frye3	0.0
3747.912678631801	3749.609600742401	frye1	
3752.628731532126	3754.403229019726	frye1	
3755.96717692	3757.6423597683333	frye3	0.0
3761.108334037638	3762.8354592469714	frye1	0.0
3768.2404928573424	3769.9544423364255	frye1	0.0
3770.466369834	3772.122838553154	frye3	0.0
3773.653499388258	3775.333204733167	frye1	0.0
3776.214854728	3777.6796168164165	frye3	0.0
3778.4624794393294	3780.1594015499295	frye1	0.0
3783.875485970245	3785.649983457845	frye1	0.0
3787.917640984	3789.2080723071667	frye3	0.0
3788.730929596689	3790.3565577372888	frye1	0.0
3792.6571017156793	3794.3710511947625	frye1	0.0
3792.817021738	3794.4699600766003	frye3	0.0
3797.6287042805543	3799.352379474918	frye1	0.0
3799.086371518	3800.7615543663333	frye3	0.0
3803.6225055036284	3805.3022108485375	frye1	0.0
3806.261294044	3808.236168415909	frye3	0.0
3807.548677622619	3809.275802831952	frye1	0.0
3812.4505848244353	3814.2250823120353	frye1	0.0
3812.600303266	3813.8907345891666	frye3	0.0
3817.522903834	3819.1758421726	frye3	0.0
3818.37469068445	3820.0160223428497	frye1	0.0
3822.11500850195	3823.828957981033	frye1	0.0
3822.584823286	3824.0495853744164	frye3	0.0
3826.714902463844	3828.411824574444	frye1	0.0
3828.831681612	3830.488150331154	frye3	0.0
3831.570346090287	3833.344843577887	frye1	0.0
3835.61113894	3837.286321788333	frye3	0.0
3836.309630778299	3837.935258918899	frye1	0.0
3840.3519618357213	3842.0790870450546	frye1	0.0
3841.926928348	3843.901802719909	frye3	0.0
3845.2538690375377	3846.967818516621	frye1	0.0
3849.357268828	3850.6477001511666	frye3	0.0
3849.923458362491	3851.647133556855	frye1	0.0
3854.128411933717	3855.902909421317	frye1	0.0
3854.326309024	3855.7554547525833	frye3	0.0
3858.751537683298	3860.392869341698	frye1	0.0
3859.365008662	3860.8297707504166	frye3	0.0
3863.0494184052686	3864.7633678843517	frye1	0.0
3865.843336768	3867.499805487154	frye3	0.0
3868.0210209701445	3869.7007263150535	frye1	0.0
3871.392872314	3873.0680551623336	frye3	0.0
3871.807802363017	3873.53492757235	frye1	0.0
3877.151113530873	3878.925611018473	frye1	0.0
3880.902149374	3882.5550877126	frye3	0.0
3882.029788945004	3883.671120603404	frye1	0.0
3885.886265700935	3887.583187811535	frye1	0.0
3886.323212716	3887.6136440391665	frye3	0.0
3890.857868265811	3892.571817744894	frye1	0.0
3891.060054772	3892.6846527621	frye3	0.0
3895.713311892254	3897.3389400328538	frye1	0.0
3895.7504572	3897.2152192884164	frye3	0.0
3899.709179374303	3901.4363045836362	frye1	0.0
3901.950147538	3903.596828861333	frye3	0.0
3904.3555369115693	3906.079212105933	frye1	0.0
3907.847980294	3909.5231631423335	frye3	0.0
3909.93116595629	3911.645115435373	frye1	0.0
3914.55429170587	3916.233997050779	frye1	0.0
3916.857268126	3918.5102064646	frye3	0.0
3918.0855234341925	3919.812648643526	frye1	0.0
3921.617329996	3923.0820920844167	frye3	0.0
3922.127854491615	3923.902351979215	frye1	0.0
3927.6802517486485	3929.4039269430123	frye1	0.0
3928.95479122	3930.611259939154	frye3	0.0
3932.5589271627787	3934.272876641862	frye1	0.0
3937.189691963	3938.8648748113333	frye3	0.0
3937.460834364595	3939.102166022995	frye1	0.0
3941.7354832988804	3943.5099807864804	frye1	0.0
3943.807796958	3945.782671329909	frye3	0.0
3947.287880555914	3948.984802666514	frye1	0.0
3949.573986052	3951.0031317805833	frye3	0.0
3952.0736288192984	3953.6992569598983	frye1	0.0
3953.869651642	3955.1600829651666	frye3	0.0
3956.2088870274665	3957.9360122368	frye1	0.0
3959.163769234	3960.8167075726	frye3	0.0
3960.4370723863785	3962.1510218654616	frye1	0.0
3964.063149988	3965.5279120764167	frye3	0.0
3964.8975756221553	3966.621250816519	frye1	0.0
3969.358078857931	3971.132576345531	frye1	0.0
3969.775224232	3971.4316929511538	frye3	0.0
3974.213522484374	3975.854854142774	frye1	0.0
3977.043026014	3978.7182088623335	frye3	0.0
3978.209389966424	3979.9233394455073	frye1	0.0
3982.8325157160043	3984.5294378266044	frye1	0.0
3982.917638956	3984.892513327909	frye3	0.0
3987.525336828644	3989.299834316244	frye1	0.0
3989.279867992	3990.9265493153334	frye3	0.0
3992.357548667401	3994.03725401231	frye1	0.0
3994.016710048	3995.3071413711664	frye3	0.0
3996.1675618479594	3997.8946870572927	frye1	0.0
3998.985750244	4000.6386885826	frye3	0.0
4001.325018714326	4003.038968193409	frye1	0.0
4004.581725418	4006.2569082663335	frye3	0.0
4006.714793457555	4008.4071796288627	frye1	0.0
4011.7560913854895	4013.5305888730895	frye1	0.0
4013.382034924	4015.356909295909	frye3	0.0
4017.4943429440136	4019.1199710846136	frye1	0.0
4018.745811958	4020.2105740464167	frye3	0.0
4022.930581262616	4024.6577064719495	frye1	0.0
4025.363458948	4026.7926046765833	frye3	0.0
4027.1587666215282	4028.9332641091282	frye1	0.0
4029.450146212	4031.106614931154	frye3	0.0
4032.4556142140127	4034.0969458724126	frye1	
4035.145336043	4036.8205188913334	frye3	0.0
4042.3407005622857	4043.609544783286	frye1	
4048.676152204	4049.9665835271667	frye3	
4054.2203218902678	4055.9439970846315	frye1	0.0
4059.937761994	4061.9126363659093	frye3	0.0
4062.8997063610614	4064.6136558401445	frye1	0.0
4064.976461632	4066.6516444803333	frye3	0.0
4066.987403285074	4068.613031425674	frye1	0.0
4070.8707056329977	4072.597830842331	frye1	0.0
4075.6324685332775	4077.4069660208775	frye1	0.0
4076.98110547	4078.637574189154	frye3	0.0
4080.472305061302	4082.113636719702	frye1	0.0
4084.30880356006	4086.022753039143	frye1	0.0
4084.341786508	4085.8065485964166	frye3	0.0
4088.9286961004664	4090.6256182110665	frye1	0.0
4094.136001361838	4095.8157067067473	frye1	0.0
4096.130416968	4097.783355306599	frye3	0.0
4098.778997750483	4100.506122959816	frye1	0.0
4103.5677925	4104.858223823167	frye3	0.0
4114.513342459614	4116.227291938698	frye1	0.0
4118.549296581058	4120.1749247216585	frye1	0.0
4120.912993558	4122.588176406333	frye3	0.0
4132.674257437685	4134.3882069167685	frye1	0.0
4137.343857984037	4139.0675331784005	frye1	0.0
4141.990226686875	4143.717351896208	frye1	
4142.321662066	4143.612093389166	frye3	0.0
4146.590131702684	4148.269837047593	frye1	0.0
4149.937761058	4151.5906993966	frye3	0.0
4150.7718635352385	4152.546361022839	frye1	0.0
4156.74116656	4158.205928648417	frye3	0.0
4172.586564595062	4174.361062082662	frye1	0.0
4177.279396984928	4179.006522194261	frye1	
4178.56779172	4180.242974568333	frye3	0.0
4181.94899753128	4183.57462567188	frye1	1.0
4185.484717594115	4187.1986670731985	frye1	1.0
4190.40989686	4192.384771231909	frye3	0.0
4190.916489127757	4192.640164322121	frye1	0.0
4195.670933461462	4197.398058670795	frye1	0.0
4199.628163018	4200.918594341167	frye3	0.0
4200.650631560202	4202.425129047802	frye1	0.0
4205.084819308	4206.513965036584	frye3	0.0
4205.389927637097	4207.031259295497	frye1	0.0
4209.478732095594	4211.192681574677	frye1	0.0
4210.355717086	4212.012185805154	frye3	0.0
4214.7291287298	4216.408834074709	frye1	0.0
4218.515919222614	4220.212841333214	frye1	0.0
4221.269029666	4222.944212514333	frye3	0.0
4222.883505803281	4224.658003290881	frye1	0.0
4226.786455513665	4228.412083654265	frye1	0.0
4228.162091001	4229.815029339599	frye3	0.0
4230.224768353765	4231.951893563099	frye1	0.0
4233.48265183	4234.947413918417	frye3	0.0
4234.7317459955175	4236.445695474601	frye1	0.0
4238.867014141043	4240.590689335407	frye1	0.0
4240.982651752	4242.639120471154	frye3	0.0
4243.373991782796	4245.053697127705	frye1	0.0
4246.370899596126	4248.1453970837265	frye1	0.0
4246.388051761	4247.678483084166	frye3	0.0
4251.176150098	4252.800748088101	frye3	0.0
4251.87684650899	4253.51817816739	frye1	0.0
4256.801997333998	4258.515946813081	frye1	0.0
4257.329400808	4258.794162896417	frye3	0.0
4261.448366036835	4263.073994177435	frye1	0.0
4265.406643029843	4267.133768239176	frye1	0.0
4267.96407562	4269.254506943166	frye3	0.0
4270.717871598997	4272.359203257397	frye1	0.0
4272.445499722	4274.0984380606	frye3	0.0
4275.045381142661	4276.759330621745	frye1	0.0
4279.38334922979	4281.107024424154	frye1	0.0
4283.28915286	4284.964335708333	frye3	0.0
4283.913558715057	4285.593264059966	frye1	0.0
4287.955899486526	4289.730396974126	frye1	0.0
4289.501354046	4291.47622841791	frye3	0.0
4293.090136903161	4294.787059013761	frye1	0.0
4295.433115582	4296.897877670417	frye3	0.0
4297.829432980056	4299.455061120656	frye1	0.0
4302.359642465322	4304.086767674656	frye1	0.0
4303.420731598	4304.849877326584	frye3	0.0
4307.44741619493	4309.221913682531	frye1	0.0
4309.156025656	4310.812494375154	frye3	0.0
4312.420151191156	4314.061482849556	frye1	0.0
4315.030638598	4316.705821446333	frye3	0.0
4316.8795446616905	4318.593494140774	frye1	1.0
4322.491204628	4324.478832224	frye3	1.0
4322.64104185321	4324.053542191709	frye1	0.0
4326.451064189537	4328.225561677137	frye1	1.0
4329.426923278	4330.717354601166	frye3	1.0
4330.985881517758	4332.469018355911	frye1	1.0
4334.860359754	4336.289505482583	frye3	1.0
4335.465019473042	4337.161941583642	frye1	1.0
4338.90060739	4340.557076109154	frye3	1.0
4339.8093742101955	4341.523323689279	frye1	1.0
4344.316351851949	4346.043477061282	frye1	1.0
4344.47336275	4345.938124838417	frye3	1.0
4349.473821112098	4351.099449252699	frye1	1.0
4351.717944718	4353.3425427081	frye3	1.0
4353.818175849252	4355.592673336852	frye1	1.0
4357.70865673	4358.999088053167	frye3	1.0
4358.952413265887	4360.666362744971	frye1	1.0
4362.863455438	4364.516393776599	frye3	1.0
4363.529086438182	4365.252761632546	frye1	1.0
4368.570396480762	4370.297521690095	frye1	1.0
4370.13125722	4371.806440068333	frye3	1.0
4373.5884746798265	4375.30242415891	frye1	1.0
4378.25819212	4379.904873443334	frye3	1.0
4378.745943939976	4380.387275598377	frye1	1.0
4382.344879384	4384.001348103154	frye3	1.0
4383.856949513098	4385.631447000698	frye1	1.0
4388.24776793728	4389.927473282189	frye1	1.0
4388.799987676	4390.264749764417	frye3	1.0
4392.12748580415	4393.82440791475	frye1	1.0
4395.659484781	4397.088630509584	frye3	1.0
4396.28598579319	4397.999935272273	frye1	1.0
4400.20091635	4402.175790721909	frye3	1.0
4401.652541644968	4403.278169785568	frye1	1.0
4405.437533212292	4407.164658421625	frye1	1.0
4405.587913198	4406.878344521167	frye3	0.0
4410.387714806302	4412.1622122939025	frye1	1.0
4411.69472428	4413.347662618599	frye3	0.0
4415.829809561337	4417.312946399491	frye1	0.0
4417.801535362	4419.476718210333	frye3	0.0
4420.052161708205	4421.775836902569	frye1	0.0
4424.442980132387	4426.15692961147	frye1	0.0
4425.27831547	4426.743077558417	frye3	0.0
4429.437826487938	4431.164951697271	frye1	0.0
4431.269027482	4432.925496201154	frye3	0.0
4434.177122564832	4435.951620052432	frye1	0.0
4436.841782842	4438.516965690333	frye3	0.0
4439.10227338984	4440.72790153044	frye1	0.0
4443.273572684397	4444.970494794997	frye1	0.0
4443.354712091	4445.342339687	frye3	0.0
4447.814214707661	4449.528164186745	frye1	0.0
4449.42692203	4450.717353353167	frye3	0.0
4453.111075028896	4454.752406687297	frye1	0.0
4454.512061296	4455.9412070245835	frye3	0.0
4457.316038704965	4459.090536192565	frye1	0.0
4460.015157214	4461.671625933154	frye3	0.0
4462.264421373487	4463.944126718396	frye1	0.0
4465.9582844922425	4467.685409701576	frye1	0.0
4469.813918722	4471.278680810417	frye3	0.0
4471.464231405105	4473.156617576413	frye1	0.0
4475.251021897919	4476.964971377002	frye1	0.0
4476.94240162	4478.5669996101005	frye3	0.0
4479.8509269137285	4481.476555054329	frye1	0.0
4481.888222002	4483.178653325166	frye3	0.0
4484.102354276824	4485.7992763874245	frye1	0.0
4486.34642629	4487.993107613333	frye3	0.0
4488.516404544521	4490.290902032121	frye1	0.0
4491.68698351	4493.343452229154	frye3	0.0
4493.370183020725	4494.853319858878	frye1	0.0
4496.694013461515	4498.421138670848	frye1	0.0
4498.53682864	4500.212011488333	frye3	0.0
4501.43330953841	4503.07464119681	frye1	0.0
4505.16338718	4507.151014776001	frye3	0.0
4505.59180952745	4507.305759006534	frye1	0.0
4510.516960352457	4512.240635546821	frye1	0.0
4514.46637374987	4516.240871237471	frye1	0.0
4515.510512674	4516.9396584025835	frye3	0.0
4518.993484774	4520.458246862417	frye3	0.0
4520.088479880304	4521.714108020904	frye1	0.0
4523.596488250946	4525.323613460279	frye1	0.0
4524.07862404	4525.735092759154	frye3	0.0
4527.894379301071	4529.608328780155	frye1	0.0
4529.581719958	4531.256902806333	frye3	0.0
4532.390439277626	4534.031770936026	frye1	0.0
4535.693418632	4537.66829300391	frye3	0.0
4536.4901614013215	4538.264658888922	frye1	0.0
4541.098747702	4542.389179025166	frye3	0.0
4541.554703287415	4543.251625398015	frye1	0.0
4546.108144616195	4547.822094095279	frye1	0.0
4546.213511093	4547.642656821584	frye3	0.0
4550.78141014	4552.246172228417	frye3	0.0
4551.254510066762	4552.737646904916	frye1	0.0
4555.038036121239	4556.44004617184	frye1	0.0
4557.097199548	4558.7501378866	frye3	0.0
4559.466454636855	4561.240952124455	frye1	0.0
4562.437756768	4564.112939616333	frye3	0.0
4563.950200435093	4565.591532093494	frye1	0.0
4567.713759084392	4569.427708563476	frye1	0.0
4568.591007478	4570.237688801334	frye3	0.0
4572.569214378857	4574.292889573221	frye1	0.0
4572.770573998	4574.427042717154	frye3	0.0
4577.4943652038655	4579.268862691466	frye1	0.0
4579.063143592	4580.353574915167	frye3	0.0
4582.977080273214	4584.602708413814	frye1	0.0
4586.647711548456	4588.374836757789	frye1	0.0
4587.7009144	4589.3255123901	frye3	0.0
4591.387007625351	4593.100957104434	frye1	0.0
4595.061595438	4596.526357526417	frye3	0.0
4598.542415427721	4600.266090622084	frye1	0.0
4601.05230745	4602.708776169154	frye3	0.0
4605.906909821719	4607.681407309319	frye1	0.0
4606.323205228	4607.998388076333	frye3	0.0
4610.669437742127	4612.349143087036	frye1	0.0
4612.359175383	4614.346802979	frye3	0.0
4616.361239403104	4618.058161513704	frye1	0.0
4618.652926462	4619.943357785167	frye3	0.0
4620.403580174572	4622.117529653656	frye1	0.0
4623.34332889	4624.772474618583	frye3	0.0
4625.235803625525	4626.962928834858	frye1	0.0
4629.64985389322	4631.29118555162	frye1	0.0
4629.751997554	4631.408466273154	frye3	0.0
4633.599267290633	4635.373764778234	frye1	1.0
4635.18543403	4636.860616878333	frye3	0.0
4639.035518672953	4640.661146813553	frye1	0.0
4641.91918009	4643.572118428599	frye3	1.0
4642.938468383337	4644.635390493937	frye1	1.0
4647.804688187695	4649.518637666779	frye1	0.0
4651.067786806	4652.532548894417	frye3	0.0
4652.254437632527	4653.9781128268905	frye1	0.0
4656.756641236	4658.381239226101	frye3	0.0
4658.224273047166	4659.626283097767	frye1	0.0
4662.453216935255	4664.132922280164	frye1	0.0
4663.467167482	4664.757598805167	frye3	0.0
4666.542021393752	4668.316518881353	frye1	0.0
4669.806176704	4671.235322432583	frye3	0.0
4670.863144287392	4672.504475945792	frye1	0.0
4674.557007406148	4676.2709568852315	frye1	0.0
4674.566238574	4676.241421422333	frye3	0.0
4679.575085605213	4681.26747177652	frye1	0.0
4683.59874622	4685.255214939154	frye3	0.0
4684.174990621022	4685.902115830355	frye1	0.0
4688.730325114	4690.195087202417	frye3	0.0
4689.193068820087	4690.967566307688	frye1	0.0
4693.7697419923825	4695.395370132983	frye1	0.0
4694.604938056	4696.257876394599	frye3	1.0
4698.137328573051	4699.851278052134	frye1	1.0
4699.550758438	4701.225941286333	frye3	1.0
4703.364493363742	4705.0614154743425	frye1	1.0
4706.220296612	4708.1951709839095	frye3	1.0
4707.987630223066	4709.714755432399	frye1	1.0
4712.553854278	4713.844285601166	frye3	1.0
4713.222222317638	4714.996719805238	frye1	1.0
4718.7207419266215	4720.362073585022	frye1	1.0
4719.58945792	4721.214055910101	frye3	0.0
4722.809546385119	4724.523495864202	frye1	0.0
4724.372739604	4725.837501692417	frye3	0.0
4730.383127370745	4732.062832715654	frye1	0.0
4732.151377294	4733.807846013154	frye3	1.0
4734.332540768157	4736.107038255757	frye1	1.0
4737.770572282	4739.445755130333	frye3	1.0
4743.160641303549	4744.786269444149	frye1	1.0
4747.9928647545	4749.7199899638335	frye1	1.0
4749.519798166	4751.166479489334	frye3	1.0
4753.359420606278	4755.073370085362	frye1	1.0
4754.094101524	4755.384532847166	frye3	1.0
4758.4704261793995	4760.194101373763	frye1	1.0
4760.038373908	4761.691312246599	frye3	1.0
4763.302649630351	4765.077147117951	frye1	1.0
4766.888219038	4768.352981126417	frye3	1.0
4767.716699898047	4769.3964052429565	frye1	1.0
4771.526722234374	4773.223644344974	frye1	1.0
4774.6204171	4776.276885819154	frye3	1.0
4775.987236189098	4777.628567847499	frye1	1.0
4780.625991814863	4782.400489302463	frye1	1.0
4780.750447996	4782.425630844333	frye3	0.0
4785.442596499373	4787.156545978457	frye1	0.0
4788.970262152	4790.945136523909	frye3	0.0
4791.854585309289	4793.5817105186225	frye1	0.0
4797.37583482	4798.6662661431665	frye3	0.0
4797.592850657294	4799.218478797894	frye1	0.0
4801.820953289779	4803.5954507773795	frye1	0.0
4803.157568506	4804.586714234583	frye3	0.0
4806.4209511926865	4808.14462638705	frye1	0.0
4808.730323866	4810.386792585154	frye3	0.0
4813.002641808676	4814.271486029676	frye1	0.0
4814.604936808	4816.280119656333	frye3	0.0
4817.339917644355	4819.053867123439	frye1	0.0
4821.451953946366	4823.093285604767	frye1	0.0
4821.547661194	4823.2005995326	frye3	1.0
4825.266932528051	4827.041430015652	frye1	1.0
4827.608032648	4829.072794736417	frye3	1.0
4831.441646657468	4833.138568768068	frye1	1.0
4834.690075918	4836.3146739081	frye3	1.0
4835.437523741908	4837.164648951241	frye1	1.0
4840.3394427234025	4842.053392202486	frye1	1.0
4840.425369976	4841.715801299167	frye3	1.0
4845.473680140039	4847.153385484948	frye1	1.0
4847.228775478	4848.885244197154	frye3	1.0
4850.956395209387	4852.730892696987	frye1	1.0
4853.985741352	4855.660924200333	frye3	1.0
4858.390585133927	4860.016213274527	frye1	1.0
4862.502621435939	4864.199543546539	frye1	0.0
4866.013605004	4867.478367092417	frye3	1.0
4866.707585112007	4868.421534591091	frye1	1.0
4872.143836494328	4873.785168152728	frye1	0.0
4872.25973497	4873.9126733086	frye3	1.0
4876.070018048225	4877.797143257559	frye1	1.0
4878.111128098	4879.401559421167	frye3	1.0
4881.323786996626	4883.04746219099	frye1	1.0
4884.868093972	4886.297239700583	frye3	1.0
4886.022776052431	4887.736725531515	frye1	1.0
4889.721035098	4891.377503817154	frye3	1.0
4890.83941584512	4892.322552683274	frye1	1.0
4894.980738668775	4896.707863878109	frye1	1.0
4895.990384878	4897.665567726333	frye3	1.0
4900.045280554868	4901.686612213269	frye1	
4901.843417934	4903.818292305909	frye3	1.0
4906.0855598685575	4907.711188009158	frye1	
4909.922273278	4911.2127046011665	frye3	1.0
4910.360219075169	4912.134716562769	frye1	1.0
4915.2621380566625	4916.959060167263	frye1	1.0
4917.30617413	4918.959112468599	frye3	1.0
4920.721621282497	4922.4355707615805	frye1	1.0
4923.204006886	4924.879189734333	frye3	1.0
4926.831596126728	4928.511301471637	frye1	1.0
4931.687051421193	4933.4141766305265	frye1	0.0
4931.70245881	4933.358927529154	frye3	0.0
4936.54250671566	4938.317004203261	frye1	0.0
4939.411437058	4940.876199146417	frye3	0.0
4943.2422633505685	4944.9219686954775	frye1	
4945.611127396	4947.235725386099	frye3	0.0
4949.831121205776	4951.472452864176	frye1	
4954.666854856	4955.957286179167	frye3	0.0
4955.499691023238	4957.223366217601	frye1	0.0
4959.868093192	4961.521031530599	frye3	1.0
4959.89050944742	4961.604458926504	frye1	1.0
4965.187369768655	4966.8129979092555	frye1	1.0
4966.857257206	4968.322019294417	frye3	1.0
4970.394975097403	4971.924497710404	frye1	1.0
4972.151374798	4973.7980561213335	frye3	1.0
4974.851816670557	4976.57894187989	frye1	1.0
4977.468712204	4979.143895052333	frye3	0.0
4980.90333689082	4982.677834378421	frye1	0.0
4986.583897645223	4988.225229303624	frye1	0.0
4986.640538734	4988.297007453154	frye3	0.0
4991.299961878603	4993.013911357687	frye1	0.0
4994.117318842	4995.407750165166	frye3	0.0
4996.4341992952395	4998.157874489603	frye1	0.0
5000.061591226	5002.036465597909	frye3	1.0
5000.523003753737	5002.297501241337	frye1	0.0
5005.610777483344	5007.290482828253	frye1	0.0
5007.654470404	5009.329653252333	frye3	1.0
5009.127085193408	5010.854210402741	frye1	1.0
5014.949978576048	5016.591310234448	frye1	1.0
5016.965615818	5018.618554156599	frye3	1.0
5019.735738339971	5021.449687819055	frye1	1.0
5024.279857228	5025.744619316417	frye3	1.0
5024.893207600121	5026.518835740721	frye1	1.0
5029.176166146153	5030.9032913554865	frye1	1.0
5030.943943846	5032.600412565154	frye3	0.0
5034.418263440939	5036.192760928539	frye1	0.0
5039.738355605688	5041.462030800052	frye1	1.0
5042.716389544	5044.145535272583	frye3	0.0
5043.970446240172	5045.372456290773	frye1	0.0
5047.360352344	5048.650783667166	frye3	0.0
5049.518961725162	5051.198667070071	frye1	0.0
5053.445143279059	5055.142065389659	frye1	0.0
5056.137442036	5057.7620400261	frye3	0.0
5057.510715894044	5059.224665373127	frye1	0.0
5062.871188096	5064.335950184417	frye3	0.0
5063.330240549346	5064.955868689946	frye1	0.0
5067.430713074601	5069.2052105622015	frye1	0.0
5068.93155955	5070.588028269154	frye3	0.0
5072.030618090411	5073.671949748811	frye1	1.0
5074.62041398	5076.295596828333	frye3	0.0
5076.724383626463	5078.438333105547	frye1	1.0
5081.805840804342	5083.529515998705	frye1	1.0
5084.465615116	5086.1122964393335	frye3	1.0
5087.539040682433	5088.941050733033	frye1	0.0
5088.854159962	5090.144591285167	frye3	1.0
5092.521104069926	5094.200809414835	frye1	1.0
5095.007410672	5096.6603490106	frye3	1.0
5096.5866766849085	5098.361174172509	frye1	1.0
5101.648277476	5103.323460324333	frye3	0.0
5101.651218571003	5103.348140681603	frye1	1.0
5107.064238109809	5108.778187588892	frye1	1.0
5109.705552934	5111.3620216531535	frye3	1.0
5112.546953179157	5114.172581319757	frye1	1.0
5115.115769596	5116.580531684417	frye3	0.0
5116.380207358998	5118.107332568331	frye1	0.0
5121.723531367263	5123.498028854863	frye1	0.0
5124.77521222	5126.2043579485835	frye3	0.0
5126.230509009015	5127.871840667415	frye1	0.0
5130.472415826	5132.097013816099	frye3	0.0
5130.574863746168	5132.288813225252	frye1	0.0
5135.894955910917	5137.5873420822245	frye1	0.0
5139.125057272	5140.415488595167	frye3	0.0
5140.217422210176	5141.944547419509	frye1	0.0
5145.931112309047	5147.705609796648	frye1	0.0
5147.089453474	5148.7423918126	frye3	1.0
5150.871533498093	5152.354670336247	frye1	1.0
5154.968299436067	5156.665221546667	frye1	0.0
5156.911434796	5158.376196884417	frye3	0.0
5160.334855287844	5162.048804766928	frye1	1.0
5163.645180856	5165.3016495751535	frye3	1.0
5166.816539628303	5168.442167768903	frye1	1.0
5170.278084311917	5172.052581799518	frye1	1.0
5173.18852441	5174.863707258333	frye3	0.0
5175.737567537752	5177.378899196152	frye1	0.0
5180.407168084103	5182.121117563187	frye1	0.0
5182.522889638	5184.169570961334	frye3	0.0
5185.169696004513	5186.896821213846	frye1	0.0
5189.21019607	5190.866664789154	frye3	0.0
5190.443324482234	5192.1357106535415	frye1	0.0
5194.903838436958	5196.617787916041	frye1	0.0
5197.33713097	5198.627562293166	frye3	0.0
5200.316857975764	5201.996563320673	frye1	0.0
5204.28950321669	5205.98642532729	frye1	0.0
5206.089607033	5208.064481404909	frye3	0.0
5209.516668007383	5211.291165494983	frye1	0.0
5214.291323961721	5215.916952102321	frye1	0.0
5215.471805704	5217.146988552333	frye3	0.0
5219.48312887497	5221.197078354054	frye1	0.0
5225.244626066489	5226.968301260853	frye1	0.0
5226.733415494	5228.3863538325995	frye3	1.0
5230.378863483124	5231.780873533725	frye1	0.0
5235.4434053692175	5237.217902856818	frye1	1.0
5235.835582582	5237.1260139051665	frye3	0.0
5240.415019881255	5242.040648021855	frye1	0.0
5243.335582504	5244.992051223154	frye3	0.0
5246.315908133858	5248.090405621459	frye1	0.0
5253.310158544476	5255.007080655076	frye1	0.0
5253.575520478	5255.040282566417	frye3	0.0
5258.187380169609	5259.901329648693	frye1	0.0
5263.098956126512	5264.778661471421	frye1	0.0
5263.420721614	5265.095904462333	frye3	0.0
5266.945785174458	5268.6729103837915	frye1	1.0
5272.646187877079	5274.287519535479	frye1	1.0
5274.003751355	5275.978625726909	frye3	0.0
5282.232338206795	5283.956013401159	frye1	0.0
5286.181751604207	5287.895701083291	frye1	0.0
5288.382021664	5290.038490383154	frye3	0.0
5301.026899609774	5302.801397097374	frye1	0.0
5308.484321377829	5310.125653036229	frye1	0.0
5309.697810916	5311.162573004417	frye3	0.0
5313.107458237152	5314.804380347752	frye1	0.0
5315.688522928	5317.117668656583	frye3	0.0
5317.812961938259	5319.5269114173425	frye1	0.0
5320.448584798	5321.739016121167	frye3	0.0
5323.166846478796	5324.846551823705	frye1	1.0
5325.951680716	5327.604619054599	frye3	0.0
5326.883941441067	5328.658438928667	frye1	0.0
5331.826293658	5333.501476506333	frye3	0.0
5332.748022982052	5334.471698176416	frye1	0.0
5337.872603423279	5339.599728632612	frye1	0.0
5338.39750102	5339.7780595395	frye3	0.0
5342.774522404772	5344.4001505453725	frye1	0.0
5347.14210898544	5348.916606473041	frye1	0.0
5349.635890996	5351.292359715154	frye3	0.0
5354.645994440523	5356.287326098924	frye1	0.0
5358.223698341708	5359.937647820791	frye1	0.0
5360.734962088	5362.410144936333	frye3	0.0
5367.612914624	5369.587788995909	frye3	0.0
5369.444678759061	5371.137064930369	frye1	0.0
5373.277932938902	5375.052430426503	frye1	0.0
5375.89750063	5377.5441819533335	frye3	0.0
5377.64551951957	5379.3424416301705	frye1	0.0
5380.587903058	5381.8783343811665	frye3	0.0
5383.314089337033	5385.041214546366	frye1	1.0
5386.903692466	5388.5566308046	frye3	1.0
5388.515781208776	5390.141409349377	frye1	
5392.940844106	5394.4056061944175	frye3	0.0
5402.75481824237	5404.39614990077	frye1	
5403.668398174	5405.324866893154	frye3	
5409.984245691322	5411.396746029822	frye1	0.0
5414.419172056	5416.094354904333	frye3	0.0
5439.465455110828	5441.179404589911	frye1	0.0
5444.692619901521	5446.416295095884	frye1	
5448.204001426	5449.494432749167	frye3	0.0
5448.758192516503	5450.4853177258365	frye1	0.0
5455.263108700477	5457.037606188077	frye1	0.0
5458.536818656	5460.1614166461	frye3	0.0
5459.4883918730375	5461.114020013638	frye1	1.0
5463.621957922	5465.086720010417	frye3	0.0
5463.975050018298	5465.688999497382	frye1	1.0
5468.784041625734	5470.480963736334	frye1	0.0
5473.211741104	5474.868209823154	frye3	0.0
5473.616265076686	5475.09940191484	frye1	0.0
5476.915186855701	5478.689684343301	frye1	0.0
5481.491860027996	5483.1331916863965	frye1	0.0
5483.335580008	5485.010762856333	frye3	0.0
5486.556401914089	5488.270351393173	frye1	0.0
5491.222289911	5493.209917507001	frye3	1.0
5491.226002460441	5492.949677654805	frye1	0.0
5495.291575075424	5497.018700284757	frye1	1.0
5500.100285716	5501.390717039167	frye3	1.0
5501.331854389113	5503.106351876713	frye1	1.0
5505.6374956133	5507.263123753901	frye1	1.0
5507.739604522	5509.364202512101	frye3	1.0
5512.807056669266	5514.581554156866	frye1	1.0
5513.70709672	5515.171858808417	frye3	1.0
5517.431521944447	5519.111227289356	frye1	1.0
5520.649821106	5522.306289825154	frye3	0.0
5533.763507934921	5535.3891360755215	frye1	1.0
5537.251988116	5538.927170964333	frye3	1.0
5538.40987663776	5540.137001847093	frye1	1.0
5541.944430639	5543.591111962333	frye3	0.0
5542.568376626799	5544.3428741144	frye1	0.0
5548.027859852634	5549.669191511034	frye1	0.0
5549.953226374	5551.609695093154	frye3	0.0
5553.301488330355	5555.0154378094385	frye1	0.0
5557.1281489	5558.592910988417	frye3	0.0
5557.529683849937	5559.253359044301	frye1	0.0
5563.360876571998	5565.135374059599	frye1	0.0
5564.465610124	5566.118548462599	frye3	0.0
5568.973785694196	5570.456922532349	frye1	0.0
5569.713288088	5571.0037194111665	frye3	0.0
5573.095019004444	5574.791941115044	frye1	0.0
5575.648368226	5577.077513954583	frye3	0.0
5577.323214524026	5578.964546182427	frye1	0.0
5580.23186383	5581.888332549154	frye3	0.0
5581.1332368603535	5582.847186339437	frye1	0.0
5585.711739934	5587.386922782333	frye3	1.0
5591.239088789026	5592.966213998359	frye1	1.0
5596.164239614033	5597.789867754634	frye1	1.0
5596.926910096	5598.391672184417	frye3	0.0
5600.438898820645	5602.213396308245	frye1	0.0
5603.33557876	5604.960176750101	frye3	0.0
5607.762772900329	5609.442478245238	frye1	0.0
5611.369634404	5612.6600657271665	frye3	0.0
5611.776038455569	5613.503163664902	frye1	0.0
5616.68697181	5618.339910148599	frye3	0.0
5616.88704402869	5618.600993507774	frye1	0.0
5621.195676804911	5622.837008463312	frye1	0.0
5623.53681694	5625.001579028417	frye3	0.0
5624.994957415142	5626.769454902743	frye1	0.0
5630.2685858928635	5631.965508003464	frye1	0.0
5632.035268864	5633.691737583154	frye3	0.0
5638.260340061745	5639.974289540829	frye1	0.0
5640.324742462	5641.999925310333	frye3	0.0
5644.184460157863	5645.810088298464	frye1	0.0
5647.738932215534	5649.466057424867	frye1	0.0
5648.590996246	5650.237677569334	frye3	0.0
5652.171171229	5654.146045600909	frye3	0.0
5652.408532761886	5654.183030249486	frye1	0.0
5656.86904671661	5658.51037837501	frye1	0.0
5658.436197382	5659.726628705166	frye3	0.0
5661.9568204462175	5663.670769925301	frye1	0.0
5664.75198679	5666.181132518584	frye3	0.0
5666.90520311474	5668.628878309104	frye1	0.0
5670.55694029	5672.213409009154	frye3	0.0
5671.435412600006	5673.209910087607	frye1	0.0
5676.94135951287	5678.63828162347	frye1	0.0
5676.94238914	5678.617571988333	frye3	0.0
5681.727119276793	5683.406824621702	frye1	0.0
5685.444214239063	5687.171339448396	frye1	1.0
5687.298426184	5688.9513645226	frye3	1.0
5690.392596907585	5692.106546386669	frye1	1.0
5692.49966452	5693.964426608417	frye3	0.0
5695.526834324221	5697.250509518585	frye1	0.0
5699.651367232	5701.080512960583	frye3	0.0
5699.778261687317	5701.552759174918	frye1	0.0
5705.493295191808	5707.1189233324085	frye1	0.0
5706.919169014	5708.575637733154	frye3	0.0
5710.650764451958	5712.377889661291	frye1	0.0
5715.064814719654	5716.839312207255	frye1	0.0
5716.439292754	5718.114475602333	frye3	0.0
5719.721191759837	5721.362523418237	frye1	0.0
5725.216382446	5726.5969409655	frye3	0.0
5725.426216926982	5727.123139037582	frye1	0.0
5729.99966413	5731.6242621201	frye3	0.0
5730.63014987416	5732.344099353244	frye1	1.0
5735.22412228	5736.688884368417	frye3	1.0
5735.67145991674	5737.44595740434	frye1	1.0
5742.246071631255	5743.969746825619	frye1	1.0
5744.372728996	5745.663160319166	frye3	1.0
5751.315453382	5752.968391720599	frye3	0.0
5755.697309025971	5757.099319076571	frye1	0.0
5759.233409956	5760.908592804333	frye3	0.0
5761.110558547863	5762.790263892772	frye1	0.0
5764.571873248391	5766.3463707359915	frye1	0.0
5767.778301508	5769.424982831334	frye3	0.0
5769.287937481772	5770.929269140172	frye1	0.0
5772.933100216	5774.589568935154	frye3	0.0
5773.423205627298	5775.137155106381	frye1	0.0
5779.713285904	5781.388468752333	frye3	0.0
5780.996786612923	5782.723911822256	frye1	1.0
5785.759314533332	5787.3849426739325	frye1	1.0
5790.673038112	5792.647912483909	frye3	0.0
5790.847088262939	5792.621585750539	frye1	1.0
5795.467984046828	5797.191659241192	frye1	0.0
5800.72062175647	5802.434571235553	frye1	0.0
5800.82009683	5802.110528153166	frye3	0.0
5806.482118947989	5808.179041058589	frye1	0.0
5809.968703546	5811.397849274584	frye3	0.0
5812.302085753238	5814.029210962572	frye1	0.0
5814.821644672	5816.286406760417	frye3	0.0
5818.2606636096825	5819.886291750283	frye1	0.0
5821.768671980325	5823.5431694679255	frye1	0.0
5824.550746738	5826.207215457154	frye3	0.0
5828.94731162621	5830.58864328461	frye1	0.0
5830.587898378	5832.263081226333	frye3	0.0
5850.170784060181	5851.796412200782	frye1	1.0
5853.738052936	5855.202815024417	frye3	0.0
5854.291453974702	5855.693464025302	frye1	0.0
5860.61231433605	5862.3868118236505	frye1	0.0
5862.631241698	5864.2558396880995	frye3	0.0
5865.975393583632	5867.458530421785	frye1	0.0
5867.971798918	5869.262230241166	frye3	0.0
5870.609757221213	5872.306679331813	frye1	0.0
5874.960962932	5876.6139012706	frye3	0.0
5875.387766811074	5877.101716290157	frye1	0.0
5880.583845294189	5882.307520488553	frye1	0.0
5882.228764714	5883.903947562333	frye3	0.0
5891.975303080205	5893.749800567805	frye1	0.0
5899.130710882576	5900.772042540976	frye1	0.0
5901.01359424	5902.670062959154	frye3	0.0
5903.242747184587	5904.95669666367	frye1	0.0
5909.614786951776	5911.311709062376	frye1	0.0
5910.858795376	5912.323557464417	frye3	0.0
5914.301104697341	5915.926732837941	frye1	0.0
5918.250518094754	5920.025015582354	frye1	0.0
5921.670600418	5923.099746146583	frye3	0.0
5922.803959423534	5924.5310846328675	frye1	0.0
5927.470647622865	5928.953784461019	frye1	0.0
5931.524429836	5933.199612684333	frye3	0.0
5931.8876102375825	5933.662107725183	frye1	1.0
5936.580442627448	5938.272828798756	frye1	0.0
5940.32772112	5942.302595491909	frye3	0.0
5940.599551555403	5942.313501034487	frye1	0.0
5946.268121372866	5947.995246582199	frye1	0.0
5948.308678011	5949.9553593343335	frye3	0.0
5951.3558951024725	5952.997226760873	frye1	0.0
5953.234955926	5954.525387249167	frye3	0.0
5955.886104587739	5957.600054066823	frye1	0.0
5960.950646473832	5962.674321668196	frye1	0.0
5963.428454272	5965.081392610599	frye3	1.0
5966.03842020344	5967.812917691041	frye1	1.0
5969.303067214	5970.767829302417	frye3	0.0
5973.402914597438	5975.028542738039	frye1	0.0
5979.417720992177	5981.114643102777	frye1	0.0
5981.970551562	5983.351110081499	frye3	0.0
5984.995604511018	5986.709553990102	frye1	0.0
5986.11421255	5987.770681269154	frye3	0.0
5989.641973213856	5991.321678558765	frye1	0.0
5992.197803818	5993.8729866663325	frye3	0.0
5993.382300019641	5995.109425228974	frye1	1.0
5997.796350287337	5999.570847774938	frye1	0.0
5999.487431599	6001.462305970909	frye3	1.0
6004.092179879683	6005.733511538083	frye1	1.0
6008.846410456	6010.136841779166	frye3	1.0
6009.063794391719	6010.777743870803	frye1	1.0
6013.152598850216	6014.87627404458	frye1	1.0
6014.372726188	6016.0256645266	frye3	0.0
6017.473721743855	6019.200846953188	frye1	0.0
6020.084800432	6021.549562520417	frye3	0.0
6023.65990676293	6025.285534903531	frye1	0.0
6026.447029468	6028.103498187154	frye3	0.0
6027.068473115215	6028.8429706028155	frye1	0.0
6032.016855783737	6033.713777894337	frye1	0.0
6036.73340707	6038.408589918333	frye3	0.0
6037.638961914171	6039.3529113932545	frye1	0.0
6044.953221226	6046.382366954584	frye3	0.0
6050.243940898892	6051.885272557292	frye1	0.0
6054.609448586102	6056.029046576102	frye1	0.0
6054.964895592	6056.3454541115	frye3	0.0
6059.906781442	6061.197212765166	frye3	0.0
6060.708182523761	6062.405104634361	frye1	0.0
6065.063429765084	6066.743135109993	frye1	0.0
6066.524428432	6068.177366770599	frye3	0.0
6069.605978589696	6071.380476077296	frye1	0.0
6072.445481002	6073.910243090417	frye3	0.0
6074.484665727676	6076.125997386076	frye1	0.0
6078.643165716716	6080.357115195799	frye1	0.0
6081.31544995	6082.971918669154	frye3	0.0
6084.056185255521	6085.6818133961215	frye1	0.0
6086.447028844	6088.122211692333	frye3	0.0
