Selection	View	Channel	Begin Time (s)	End Time (s)	Low Freq (Hz)	High Freq (Hz)	ID	POST
1	Spectrogram 1	1	2254.593936191	2254.914287950	1418.100	1739.500	Av	
8	Spectrogram 1	1	2294.502758150	2295.106819220	1399.200	1777.300	A	
14	Spectrogram 1	1	2319.500225615	2319.979921170	1474.800	1758.400	Av	
22	Spectrogram 1	1	2350.449470356	2351.035764924	1418.100	1758.400	Av	
29	Spectrogram 1	1	2378.147446131	2378.627141686	1418.100	1701.700	A	
35	Spectrogram 1	1	2403.020548081	2403.375878121	1550.400	1739.500	A	
41	Spectrogram 1	1	2426.898725916	2427.449487480	1550.400	1720.600	A	
47	Spectrogram 1	1	2460.601779380	2461.028175429	1531.500	1720.600	A	
51	Spectrogram 1	1	2474.051017153	2474.637311720	1418.100	1796.200	A	
59	Spectrogram 1	1	2504.058638192	2504.591633253	1399.200	1739.500	A	
67	Spectrogram 1	1	2537.139863178	2537.619558734	1418.100	1720.600	A	
71	Spectrogram 1	1	2554.089105219	2554.568800774	1399.200	1758.400	A	
78	Spectrogram 1	1	2581.875913503	2582.408908564	1474.800	1701.700	A	
86	Spectrogram 1	1	2614.477443840	2615.081504910	1437.000	1758.400	A	
92	Spectrogram 1	1	2639.670342827	2640.292170398	1418.100	1777.300	A	
97	Spectrogram 1	1	2659.728719358	2660.332780428	1455.900	1720.600	A	
106	Spectrogram 1	1	2695.741417181	2696.434310761	1418.100	1720.600	A	
113	Spectrogram 1	1	2722.924164396	2723.474925960	1474.800	1815.100	A	
130	Spectrogram 1	1	2747.849845052	2748.376948764	1448.600	1745.800	A	
138	Spectrogram 1	1	2778.221361764	2778.748465476	1448.600	1745.800	A	
143	Spectrogram 1	1	2798.422599944	2798.949703656	1448.600	1745.800	A	
151	Spectrogram 1	1	2830.465943264	2830.993046976	1448.600	1745.800	Av	
158	Spectrogram 1	1	2858.747676716	2859.274780428	1448.600	1745.800	A	
165	Spectrogram 1	1	2887.726004588	2888.253108300	1448.600	1745.800	A	
170	Spectrogram 1	1	2907.346747418	2907.873851130	1448.600	1745.800	A	
177	Spectrogram 1	1	2935.582041242	2936.109144954	1448.600	1745.800	A	
185	Spectrogram 1	1	2967.346746794	2967.873850506	1448.600	1745.800	Av	
190	Spectrogram 1	1	2987.339006648	2987.866110360	1448.600	1745.800	Av	
198	Spectrogram 1	1	3017.826622430	3018.353726142	1448.600	1745.800	Av	
205	Spectrogram 1	1	3044.738386856	3045.265490568	1448.600	1745.800	A	
211	Spectrogram 1	1	3067.981420670	3068.508524382	1448.600	1745.800	Av	
219	Spectrogram 1	1	3100.303401758	3100.830505470	1448.600	1745.800	A	
226	Spectrogram 1	1	3128.283277628	3128.810381340	1448.600	1745.800	A	
233	Spectrogram 1	1	3156.263153498	3156.790257210	1448.600	1745.800	A	
238	Spectrogram 1	1	3175.582038746	3176.109142458	1448.600	1745.800	A	
245	Spectrogram 1	1	3201.239933216	3201.767036928	1448.600	1745.800	A	
251	Spectrogram 1	1	3224.784824612	3225.311928324	1448.600	1745.800	A	
258	Spectrogram 1	1	3251.208972944	3251.736076656	1448.600	1745.800	A	
263	Spectrogram 1	1	3271.433430938	3271.960534650	1448.600	1745.800	A	
271	Spectrogram 1	1	3302.013925976	3302.541029688	1448.600	1745.800	A	
278	Spectrogram 1	1	3327.950458214	3328.477561926	1448.600	1745.800	A	
283	Spectrogram 1	1	3346.990705694	3347.517809406	1448.600	1745.800	A	
292	Spectrogram 1	1	3380.705875622	3381.232979334	1448.600	1745.800	A	
299	Spectrogram 1	1	3405.202779392	3405.729883104	1448.600	1745.800	A	
304	Spectrogram 1	1	3425.404017572	3425.931121284	1448.600	1745.800	A	
311	Spectrogram 1	1	3451.433429066	3451.960532778	1448.600	1745.800	A	
325	Spectrogram 1	1	3503.678010566	3504.205114278	1448.600	1745.800	Av	
333	Spectrogram 1	1	3532.308041228	3532.835144940	1448.600	1745.800	Av	
340	Spectrogram 1	1	3558.662530118	3559.189633830	1448.600	1745.800	A	
346	Spectrogram 1	1	3580.651693976	3581.178797688	1448.600	1745.800	Av	
354	Spectrogram 1	1	3611.464387154	3611.991490866	1448.600	1745.800	A	
358	Spectrogram 1	1	3632.455099010	3632.982202722	1448.600	1745.800	Av	
366	Spectrogram 1	1	3667.749216290	3668.276320002	1448.600	1745.800	A	
380	Spectrogram 1	1	3719.390082626	3719.917186338	1448.600	1745.800	A	
386	Spectrogram 1	1	3749.065004918	3749.592108630	1448.600	1745.800	A	
391	Spectrogram 1	1	3774.119184224	3774.646287936	1448.600	1745.800	A	
408	Spectrogram 1	1	3847.122279440	3847.649383152	1448.600	1745.800	A	
413	Spectrogram 1	1	3869.645499020	3870.172602732	1448.600	1745.800	A	
418	Spectrogram 1	1	3887.013919892	3887.541023604	1448.600	1745.800	A	
423	Spectrogram 1	1	3904.916396486	3905.443500198	1448.600	1745.800	A	
430	Spectrogram 1	1	3931.595962772	3932.123066484	1448.600	1745.800	A	
436	Spectrogram 1	1	3956.626922264	3957.154025976	1448.600	1745.800	A	
443	Spectrogram 1	1	3980.775528824	3981.302632536	1448.600	1745.800	A	
451	Spectrogram 1	1	4010.891627582	4011.418731294	1448.600	1745.800	A	
457	Spectrogram 1	1	4030.837447808	4031.364551520	1448.600	1745.800	A	
464	Spectrogram 1	1	4058.004630188	4058.531733900	1448.600	1745.800	A	
471	Spectrogram 1	1	4086.797199548	4087.324303260	1448.600	1745.800	A	
477	Spectrogram 1	1	4110.597508898	4111.124612610	1448.600	1745.800	A	
488	Spectrogram 1	1	4161.518561000	4162.045664712	1448.600	1745.800	A	
493	Spectrogram 1	1	4182.904009694	4183.431113406	1448.600	1745.800	A	
501	Spectrogram 1	1	4219.986052652	4220.513156364	1448.600	1745.800	A	
507	Spectrogram 1	1	4246.967476520	4247.494580232	1448.600	1745.800	A	
528	Spectrogram 1	1	4335.992243396	4336.519347108	1448.600	1745.800	A	
534	Spectrogram 1	1	4371.890075840	4372.417179552	1448.600	1745.800	A	
538	Spectrogram 1	1	4390.883883692	4391.410987404	1448.600	1745.800	A	
558	Spectrogram 1	1	3480.779239369	3481.294467928	1531.500	1739.500	A	
563	Spectrogram 1	1	3689.144766233	3689.517862776	1871.800	2060.900	Av2	
571	Spectrogram 1	1	3799.048344229	3799.616872294	1493.700	1777.300	A	
573	Spectrogram 1	1	3824.667638358	3825.129567411	1474.800	1682.800	A	
586	Spectrogram 1	1	4130.926588745	4131.388517798	1493.700	1739.500	A	
595	Spectrogram 1	1	4269.238798324	4269.718493880	1418.100	1739.500	A	
597	Spectrogram 1	1	4294.094133772	4294.396164307	1512.600	1834.000	A	
609	Spectrogram 1	1	4443.314978064	4443.759140615	1815.100	2193.300	A	
3	Spectrogram 1	1	2275.563670293	2276.096665354	1607.100	1871.800	B	
12	Spectrogram 1	1	2311.398700685	2311.860629738	1569.300	1909.700	B	
19	Spectrogram 1	1	2338.972310945	2339.487539504	1512.600	1909.700	B	
24	Spectrogram 1	1	2358.533228785	2359.066223846	1588.200	1871.800	B	
31	Spectrogram 1	1	2386.089072543	2386.675367110	1569.300	1890.800	B	
37	Spectrogram 1	1	2411.139839513	2411.797200088	1569.300	1909.700	B	
43	Spectrogram 1	1	2435.906342451	2436.332738500	1588.200	1871.800	B	
49	Spectrogram 1	1	2467.281979875	2467.992639957	1588.200	1815.100	B	
56	Spectrogram 1	1	2492.510411866	2492.972340919	1550.400	1890.800	B	
61	Spectrogram 1	1	2512.799756290	2513.243918841	1626.100	1871.800	B	
69	Spectrogram 1	1	2545.383520125	2545.792149672	1550.400	1852.900	B	
76	Spectrogram 1	1	2573.561191454	2574.023120507	1569.300	1852.900	B	
82	Spectrogram 1	1	2598.114495462	2598.594191017	1588.200	1909.700	B	
88	Spectrogram 1	1	2622.507901857	2622.934297906	1569.300	1928.600	B	
93	Spectrogram 1	1	2644.982522665	2645.604350237	1607.100	1852.900	B	
102	Spectrogram 1	1	2680.302327815	2680.906388884	1607.100	1909.700	B	
108	Spectrogram 1	1	2703.398779561	2703.967307626	1588.200	1890.800	B	
134	Spectrogram 1	1	2762.942724152	2763.466313418	1579.300	1883.000	B	
141	Spectrogram 1	1	2790.620742440	2791.144331706	1579.300	1883.000	B	
146	Spectrogram 1	1	2812.470587414	2812.994176680	1579.300	1883.000	B	
156	Spectrogram 1	1	2850.295664420	2850.819253686	1579.300	1883.000	B	
168	Spectrogram 1	1	2899.243032332	2899.766621598	1579.300	1883.000	B	
175	Spectrogram 1	1	2927.756963924	2928.280553190	1579.300	1883.000	B	
182	Spectrogram 1	1	2954.924146304	2955.447735570	1579.300	1883.000	B	
187	Spectrogram 1	1	2976.448913882	2976.972503148	1579.300	1883.000	B	
193	Spectrogram 1	1	2998.275539042	2998.799128308	1579.300	1883.000	B	
200	Spectrogram 1	1	3025.582040306	3026.105629572	1579.300	1883.000	B	
207	Spectrogram 1	1	3052.261606592	3052.785195858	1579.300	1883.000	B	
216	Spectrogram 1	1	3088.252318292	3088.775907558	1579.300	1883.000	B	
221	Spectrogram 1	1	3108.360677216	3108.884266482	1579.300	1883.000	B	
229	Spectrogram 1	1	3140.055723326	3140.579312592	1579.300	1883.000	B	
235	Spectrogram 1	1	3164.575846910	3165.099436176	1579.300	1883.000	B	
240	Spectrogram 1	1	3183.291016994	3183.814606260	1579.300	1883.000	B	
247	Spectrogram 1	1	3209.575846442	3210.099435708	1579.300	1883.000	B	
254	Spectrogram 1	1	3236.487610868	3237.011200134	1579.300	1883.000	B	
260	Spectrogram 1	1	3259.359127658	3259.882716924	1579.300	1883.000	B	
266	Spectrogram 1	1	3283.112997380	3283.636586646	1579.300	1883.000	B	
273	Spectrogram 1	1	3310.047981620	3310.571570886	1579.300	1883.000	B	
281	Spectrogram 1	1	3338.956650050	3339.480239316	1579.300	1883.000	B	
288	Spectrogram 1	1	3366.100612616	3366.624201882	1579.300	1883.000	B	
294	Spectrogram 1	1	3387.671819822	3388.195409088	1579.300	1883.000	B	
302	Spectrogram 1	1	3417.973677092	3418.497266358	1579.300	1883.000	B	
308	Spectrogram 1	1	3441.193491092	3441.717080358	1579.300	1883.000	B	
314	Spectrogram 1	1	3461.975224622	3462.498813888	1579.300	1883.000	B	
321	Spectrogram 1	1	3488.190394628	3488.713983894	1579.300	1883.000	B	
328	Spectrogram 1	1	3513.012375794	3513.535965060	1579.300	1883.000	B	
335	Spectrogram 1	1	3540.202777988	3540.726367254	1579.300	1883.000	B	
344	Spectrogram 1	1	3572.965935542	3573.489524808	1579.300	1883.000	B	
349	Spectrogram 1	1	3591.239929160	3591.763518426	1579.300	1883.000	B	
356	Spectrogram 1	1	3624.351383924	3624.874973190	1579.300	1883.000	B	
362	Spectrogram 1	1	3651.472126676	3651.995715942	1579.300	1883.000	B	
369	Spectrogram 1	1	3680.566553618	3681.090142884	1579.300	1883.000	B	
376	Spectrogram 1	1	3705.365314970	3705.888904236	1579.300	1883.000	B	
383	Spectrogram 1	1	3730.465933904	3730.989523170	1579.300	1883.000	B	
395	Spectrogram 1	1	3791.185747514	3791.709336780	1579.300	1883.000	B	
398	Spectrogram 1	1	3807.578936198	3808.102525464	1579.300	1883.000	B	
405	Spectrogram 1	1	3835.814230022	3836.337819288	1579.300	1883.000	B	
410	Spectrogram 1	1	3855.365313410	3855.888902676	1579.300	1883.000	B	
416	Spectrogram 1	1	3879.421040714	3879.944629980	1579.300	1883.000	B	
426	Spectrogram 1	1	3915.760049624	3916.283638890	1579.300	1883.000	B	
434	Spectrogram 1	1	3949.335900668	3949.859489934	1579.300	1883.000	B	
441	Spectrogram 1	1	3975.040234766	3975.563824032	1579.300	1883.000	B	
454	Spectrogram 1	1	4021.479862766	4022.003452032	1579.300	1883.000	B	
462	Spectrogram 1	1	4051.085125616	4051.608714882	1579.300	1883.000	B	
468	Spectrogram 1	1	4074.328159430	4074.851748696	1579.300	1883.000	B	
474	Spectrogram 1	1	4098.360666920	4098.884256186	1579.300	1883.000	B	
480	Spectrogram 1	1	4122.532493294	4123.056082560	1579.300	1883.000	B	
491	Spectrogram 1	1	4174.568096468	4175.091685734	1579.300	1883.000	B	
497	Spectrogram 1	1	4203.964380992	4204.487970258	1579.300	1883.000	B	
503	Spectrogram 1	1	4228.623823460	4229.147412726	1579.300	1883.000	B	
517	Spectrogram 1	1	4282.493791940	4283.017381206	1579.300	1883.000	B	
526	Spectrogram 1	1	4325.473667654	4325.997256920	1579.300	1883.000	B	
530	Spectrogram 1	1	4347.277073000	4347.800662266	1579.300	1883.000	B	
536	Spectrogram 1	1	4383.407103584	4383.930692850	1579.300	1883.000	B	
551	Spectrogram 1	1	2734.905983990	2735.403446048	1626.100	1890.800	B	
553	Spectrogram 1	1	2871.423780230	2871.796876772	1626.100	1928.600	B	
580	Spectrogram 1	1	3991.388487159	3992.045847735	1645.000	1871.800	B	
588	Spectrogram 1	1	4143.523034420	4144.091562485	1588.200	1909.700	B	
594	Spectrogram 1	1	4263.144888125	4263.677883186	1550.400	1909.700	B	
605	Spectrogram 1	1	4413.449489041	4413.911418094	1645.000	1928.600	B	
5	Spectrogram 1	1	2283.487526886	2284.251486473	1834.000	2250.000	C	
16	Spectrogram 1	1	2328.152511202	2328.667739761	1890.800	2212.200	C	
26	Spectrogram 1	1	2366.226124168	2366.847951739	1871.800	2136.600	C	
33	Spectrogram 1	1	2395.061155167	2395.718515742	1890.800	2231.100	C	
44	Spectrogram 1	1	2450.457106715	2451.007868279	1890.800	2212.200	C	
53	Spectrogram 1	1	2481.299749985	2481.726146034	1834.000	2231.100	C	
63	Spectrogram 1	1	2520.528184677	2521.043413236	1852.900	2136.600	C	
72	Spectrogram 1	1	2557.944436161	2558.441898218	1871.800	2174.400	C	
80	Spectrogram 1	1	2590.439367486	2591.096728062	1834.000	2155.500	C	
90	Spectrogram 1	1	2630.342929256	2630.804858309	1890.800	2136.600	C	
99	Spectrogram 1	1	2667.830243383	2668.434304452	1852.900	2117.600	C	
110	Spectrogram 1	1	2711.180506548	2711.695735107	1890.800	2250.000	C	
131	Spectrogram 1	1	2752.215170084	2752.780737066	1867.100	2187.000	C	
136	Spectrogram 1	1	2770.721361842	2771.286928824	1867.100	2187.000	C	
145	Spectrogram 1	1	2807.130030194	2807.695597176	1867.100	2187.000	C	
154	Spectrogram 1	1	2842.377707846	2842.943274827	1867.100	2187.000	C	
163	Spectrogram 1	1	2878.972134710	2879.537701691	1867.100	2187.000	C	
172	Spectrogram 1	1	2915.357583248	2915.923150230	1867.100	2187.000	C	
180	Spectrogram 1	1	2947.261607684	2947.827174666	1867.100	2187.000	C	
195	Spectrogram 1	1	3005.891638034	3006.457205016	1867.100	2187.000	C	
202	Spectrogram 1	1	3033.639315764	3034.204882746	1867.100	2187.000	C	
213	Spectrogram 1	1	3076.015476314	3076.581043295	1867.100	2187.000	C	
223	Spectrogram 1	1	3116.162534720	3116.728101702	1867.100	2187.000	C	
231	Spectrogram 1	1	3147.927240272	3148.492807253	1867.100	2187.000	C	
242	Spectrogram 1	1	3190.442719706	3191.008286688	1867.100	2187.000	C	
249	Spectrogram 1	1	3217.075846364	3217.641413346	1867.100	2187.000	C	
256	Spectrogram 1	1	3243.337455998	3243.903022979	1867.100	2187.000	C	
268	Spectrogram 1	1	3290.218260464	3290.783827446	1867.100	2187.000	C	
275	Spectrogram 1	1	3317.431882472	3317.997449453	1867.100	2187.000	C	
285	Spectrogram 1	1	3354.467485802	3355.033052783	1867.100	2187.000	C	
296	Spectrogram 1	1	3395.032500860	3395.598067841	1867.100	2187.000	C	
306	Spectrogram 1	1	3433.066556192	3433.632123174	1867.100	2187.000	C	
316	Spectrogram 1	1	3469.777082126	3470.342649108	1867.100	2187.000	C	
323	Spectrogram 1	1	3495.713614364	3496.279181346	1867.100	2187.000	C	
330	Spectrogram 1	1	3520.256957762	3520.822524743	1867.100	2187.000	C	
337	Spectrogram 1	1	3547.865316608	3548.430883589	1867.100	2187.000	C	
351	Spectrogram 1	1	3598.136213918	3598.701780900	1867.100	2187.000	C	
359	Spectrogram 1	1	3636.541786274	3637.107353256	1867.100	2187.000	C	
364	Spectrogram 1	1	3659.320423808	3659.885990789	1867.100	2187.000	C	
378	Spectrogram 1	1	3711.797203448	3712.362770429	1867.100	2187.000	C	
384	Spectrogram 1	1	3737.130020522	3737.695587504	1867.100	2187.000	C	
392	Spectrogram 1	1	3780.017016980	3780.582583961	1867.100	2187.000	C	
412	Spectrogram 1	1	3862.865313332	3863.430880313	1867.100	2187.000	C	
420	Spectrogram 1	1	3893.724446138	3894.290013119	1867.100	2187.000	C	
428	Spectrogram 1	1	3923.445808058	3924.011375039	1867.100	2187.000	C	
438	Spectrogram 1	1	3963.616086278	3964.181653259	1867.100	2187.000	C	
459	Spectrogram 1	1	4039.707416756	4040.272983737	1867.100	2187.000	C	
466	Spectrogram 1	1	4065.945806576	4066.511373558	1867.100	2187.000	C	
476	Spectrogram 1	1	4106.464382006	4107.029948988	1867.100	2187.000	C	
486	Spectrogram 1	1	4151.975217446	4152.540784428	1867.100	2187.000	C	
495	Spectrogram 1	1	4191.448901246	4192.014468228	1867.100	2187.000	C	
505	Spectrogram 1	1	4237.865309432	4238.430876414	1867.100	2187.000	C	
515	Spectrogram 1	1	4275.852925136	4276.418492118	1867.100	2187.000	C	
524	Spectrogram 1	1	4313.376144560	4313.941711541	1867.100	2187.000	C	
532	Spectrogram 1	1	4360.489147166	4361.054714147	1867.100	2187.000	C	
539	Spectrogram 1	1	4395.667165376	4396.232732358	1867.100	2187.000	C	
572	Spectrogram 1	1	3814.807230632	3815.340225693	2060.900	2250.000	C	
582	Spectrogram 1	1	3999.099149045	3999.507778592	1909.700	2250.000	C	
606	Spectrogram 1	1	4426.188071004	4426.827665077	1947.500	2306.700	C	
10	Spectrogram 1	1	2302.533216167	2303.314942256	1947.500	2325.600	D	
21	Spectrogram 1	1	2346.611906822	2347.198201389	1966.400	2287.800	D	
28	Spectrogram 1	1	2373.936785147	2374.647445229	1985.300	2325.600	D	
39	Spectrogram 1	1	2418.868266994	2419.543394072	1966.400	2306.700	D	
46	Spectrogram 1	1	2457.350509507	2457.794672058	2004.200	2287.800	D	
58	Spectrogram 1	1	2499.545946674	2500.345439266	2004.200	2287.800	D	
65	Spectrogram 1	1	2528.061181542	2528.700775615	1947.500	2287.800	D	
74	Spectrogram 1	1	2565.832763067	2566.490123642	1928.600	2231.100	D	
84	Spectrogram 1	1	2606.642416441	2607.335310020	1871.800	2306.700	D	
95	Spectrogram 1	1	2652.213488995	2652.941915579	1928.600	2306.700	D	
104	Spectrogram 1	1	2688.066288300	2688.759181880	1966.400	2287.800	D	
115	Spectrogram 1	1	2731.540917886	2732.038379943	1947.500	2287.800	D	
133	Spectrogram 1	1	2759.273993540	2759.932834657	1955.400	2294.100	D	
140	Spectrogram 1	1	2786.487615548	2787.146456665	1955.400	2294.100	D	
148	Spectrogram 1	1	2820.226005290	2820.884846407	1955.400	2294.100	D	
159	Spectrogram 1	1	2863.020122492	2863.678963609	1955.400	2294.100	D	
167	Spectrogram 1	1	2895.179564882	2895.838405999	1955.400	2294.100	D	
174	Spectrogram 1	1	2923.995354056	2924.654195173	1955.400	2294.100	D	
184	Spectrogram 1	1	2963.260059530	2963.918900647	1955.400	2294.100	D	
192	Spectrogram 1	1	2994.839006570	2995.497847687	1955.400	2294.100	D	
197	Spectrogram 1	1	3013.600616282	3014.259457399	1955.400	2294.100	D	
209	Spectrogram 1	1	3061.108355726	3061.767196843	1955.400	2294.100	D	
218	Spectrogram 1	1	3096.030955982	3096.689797099	1955.400	2294.100	D	
228	Spectrogram 1	1	3136.061915318	3136.720756435	1955.400	2294.100	D	
237	Spectrogram 1	1	3171.797209064	3172.456050181	1955.400	2294.100	D	
244	Spectrogram 1	1	3197.873060186	3198.531901303	1955.400	2294.100	D	
253	Spectrogram 1	1	3232.795660442	3233.454501559	1955.400	2294.100	D	
265	Spectrogram 1	1	3279.165629000	3279.824470117	1955.400	2294.100	D	
270	Spectrogram 1	1	3298.205876480	3298.864717597	1955.400	2294.100	D	
280	Spectrogram 1	1	3335.148600554	3335.807441671	1955.400	2294.100	D	
290	Spectrogram 1	1	3373.972129562	3374.630970679	1955.400	2294.100	D	
300	Spectrogram 1	1	3409.219807214	3409.878648331	1955.400	2294.100	D	
310	Spectrogram 1	1	3448.252314548	3448.911155665	1955.400	2294.100	D	
318	Spectrogram 1	1	3476.928784838	3477.587625955	1955.400	2294.100	D	
332	Spectrogram 1	1	3528.291013406	3528.949854523	1955.400	2294.100	D	
342	Spectrogram 1	1	3566.603706506	3567.262547623	1955.400	2294.100	D	
353	Spectrogram 1	1	3607.191941378	3607.850782495	1955.400	2294.100	D	
355	Spectrogram 1	1	3620.032498520	3620.691339637	1955.400	2294.100	D	
361	Spectrogram 1	1	3647.547978110	3648.206819227	1955.400	2294.100	D	
368	Spectrogram 1	1	3676.479866354	3677.138707471	1955.400	2294.100	D	
382	Spectrogram 1	1	3726.959741990	3727.618583107	1955.400	2294.100	D	
394	Spectrogram 1	1	3787.308038576	3787.966879693	1955.400	2294.100	D	
404	Spectrogram 1	1	3832.331257922	3832.990099039	1955.400	2294.100	D	
414	Spectrogram 1	1	3873.244570190	3873.903411307	1955.400	2294.100	D	
424	Spectrogram 1	1	3908.515467656	3909.174308773	1955.400	2294.100	D	
432	Spectrogram 1	1	3939.792557114	3940.451398231	1955.400	2294.100	D	
440	Spectrogram 1	1	3971.557262666	3972.216103783	1955.400	2294.100	D	
445	Spectrogram 1	1	3987.486055070	3988.144896187	1955.400	2294.100	D	
453	Spectrogram 1	1	4017.973670852	4018.632511969	1955.400	2294.100	D	
461	Spectrogram 1	1	4047.091317608	4047.750158725	1955.400	2294.100	D	
470	Spectrogram 1	1	4082.640852842	4083.299693959	1955.400	2294.100	D	
483	Spectrogram 1	1	4135.442709878	4136.101550995	1955.400	2294.100	D	
490	Spectrogram 1	1	4169.970573296	4170.629414413	1955.400	2294.100	D	
499	Spectrogram 1	1	4212.253854590	4212.912695707	1955.400	2294.100	D	
519	Spectrogram 1	1	4288.461284138	4289.120125255	1955.400	2294.100	D	
527	Spectrogram 1	1	4332.207413714	4332.866254831	1955.400	2294.100	D	
535	Spectrogram 1	1	4375.791004592	4376.449845709	1955.400	2294.100	D	
541	Spectrogram 1	1	4404.931871162	4405.590712279	1955.400	2294.100	D	
550	Spectrogram 1	1	4456.131561032	4456.790402149	1955.400	2294.100	D	
567	Spectrogram 1	1	3758.896050524	3759.500111594	2042.000	2325.600	D	
593	Spectrogram 1	1	4257.655038995	4258.170267554	2136.600	2344.500	D	
7	Spectrogram 1	1	2290.647427208	2291.251488277	2268.900	2590.300	E	
18	Spectrogram 1	1	2335.099213500	2335.596675557	2306.700	2571.400	E	
30	Spectrogram 1	1	2382.322574110	2382.802269665	2325.600	2571.400	E	
42	Spectrogram 1	1	2431.766747475	2432.264209532	2344.500	2571.400	E	
55	Spectrogram 1	1	2488.548481911	2488.939344956	2287.800	2552.500	E	
66	Spectrogram 1	1	2532.413973636	2532.982501701	2287.800	2628.200	E	
81	Spectrogram 1	1	2594.419063943	2594.792160486	2287.800	2628.200	E	
91	Spectrogram 1	1	2634.766788264	2635.228717317	2212.200	2571.400	E	
101	Spectrogram 1	1	2675.771869794	2676.251565349	2268.900	2590.300	E	
112	Spectrogram 1	1	2719.157665964	2719.761727033	2250.000	2647.100	E	
137	Spectrogram 1	1	2774.552631152	2775.048316559	2284.000	2592.200	E	
150	Spectrogram 1	1	2826.727553210	2827.223238617	2284.000	2592.200	E	
164	Spectrogram 1	1	2883.314239928	2883.809925335	2284.000	2592.200	E	
178	Spectrogram 1	1	2939.575849250	2940.071534657	2284.000	2592.200	E	
186	Spectrogram 1	1	2972.408666246	2972.904351653	2284.000	2592.200	E	
199	Spectrogram 1	1	3021.820430438	3022.316115845	2284.000	2592.200	E	
204	Spectrogram 1	1	3040.767798662	3041.263484069	2284.000	2592.200	E	
215	Spectrogram 1	1	3083.979872516	3084.475557923	2284.000	2592.200	E	
225	Spectrogram 1	1	3123.685754456	3124.181439863	2284.000	2592.200	E	
234	Spectrogram 1	1	3160.512379460	3161.008064867	2284.000	2592.200	E	
246	Spectrogram 1	1	3205.489159178	3205.984844585	2284.000	2592.200	E	
257	Spectrogram 1	1	3247.424143262	3247.919828669	2284.000	2592.200	E	
262	Spectrogram 1	1	3267.555722000	3268.051407407	2284.000	2592.200	E	
277	Spectrogram 1	1	3324.258507788	3324.754193195	2284.000	2592.200	E	
287	Spectrogram 1	1	3362.199683864	3362.695369271	2284.000	2592.200	E	
298	Spectrogram 1	1	3401.557268594	3402.052954001	2284.000	2592.200	E	
307	Spectrogram 1	1	3437.780178434	3438.275863841	2284.000	2592.200	E	
313	Spectrogram 1	1	3458.306494010	3458.802179417	2284.000	2592.200	E	
327	Spectrogram 1	1	3509.622282950	3510.117968357	2284.000	2592.200	E	
339	Spectrogram 1	1	3554.877700436	3555.373385843	2284.000	2592.200	E	
348	Spectrogram 1	1	3587.640857990	3588.136543397	2284.000	2592.200	E	
365	Spectrogram 1	1	3663.708968654	3664.204654061	2284.000	2592.200	E	
374	Spectrogram 1	1	3695.705872346	3696.201557753	2284.000	2592.200	E	
385	Spectrogram 1	1	3744.862218584	3745.357903991	2284.000	2592.200	E	
401	Spectrogram 1	1	3820.907109434	3821.402794841	2284.000	2592.200	E	
409	Spectrogram 1	1	3851.023208192	3851.518893599	2284.000	2592.200	E	
422	Spectrogram 1	1	3900.922588478	3901.418273885	2284.000	2592.200	E	
429	Spectrogram 1	1	3927.578934950	3928.074620357	2284.000	2592.200	E	
450	Spectrogram 1	1	4006.921039388	4007.416724795	2284.000	2592.200	E	
463	Spectrogram 1	1	4054.568097716	4055.063783123	2284.000	2592.200	E	
473	Spectrogram 1	1	4094.575837238	4095.071522645	2284.000	2592.200	E	
479	Spectrogram 1	1	4118.352926774	4118.848612181	2284.000	2592.200	E	
492	Spectrogram 1	1	4178.678003546	4179.173688953	2284.000	2592.200	E	
506	Spectrogram 1	1	4242.416392976	4242.912078383	2284.000	2592.200	E	
521	Spectrogram 1	1	4299.095958950	4299.591644357	2284.000	2592.200	E	
529	Spectrogram 1	1	4342.911747968	4343.407433375	2284.000	2592.200	E	
590	Spectrogram 1	1	4199.896143580	4200.411372140	2363.400	2703.800	E	
603	Spectrogram 1	1	4387.563697381	4388.185524952	2382.400	2684.900	E	
610	Spectrogram 1	1	4439.441880619	4439.992642183	2439.100	2666.000	E	
2	Spectrogram 1	1	2259.832629658	2260.266046744	2420.200	2741.600	F	
13	Spectrogram 1	1	2315.165199117	2315.680427676	2439.100	2703.800	F	
25	Spectrogram 1	1	2362.050996188	2362.655057258	2420.200	2666.000	F	
36	Spectrogram 1	1	2406.662680999	2407.248975566	2401.300	2741.600	F	
50	Spectrogram 1	1	2470.302285222	2470.870813287	2420.200	2722.700	F	
62	Spectrogram 1	1	2516.299757192	2516.779452747	2420.200	2703.800	F	
70	Spectrogram 1	1	2549.665247117	2550.304841190	2458.000	2703.800	F	
77	Spectrogram 1	1	2577.398754989	2577.931750050	2401.300	2760.500	F	
87	Spectrogram 1	1	2618.243942273	2618.830236840	2382.400	2666.000	F	
96	Spectrogram 1	1	2656.086586440	2656.655114505	2420.200	2703.800	F	
107	Spectrogram 1	1	2699.792179646	2700.236342197	2420.200	2684.900	F	
128	Spectrogram 1	1	2738.979876104	2739.521585124	2418.500	2709.000	F	
142	Spectrogram 1	1	2794.521671192	2795.063380212	2418.500	2709.000	F	
152	Spectrogram 1	1	2834.227553132	2834.769262152	2418.500	2709.000	F	
157	Spectrogram 1	1	2854.289472428	2854.831181448	2418.500	2709.000	F	
169	Spectrogram 1	1	2902.842103502	2903.383812522	2418.500	2709.000	F	
181	Spectrogram 1	1	2951.232195878	2951.773904898	2418.500	2709.000	F	
189	Spectrogram 1	1	2983.554176966	2984.095885986	2418.500	2709.000	F	
206	Spectrogram 1	1	3048.360677840	3048.902386860	2418.500	2709.000	F	
212	Spectrogram 1	1	3072.207426818	3072.749135838	2418.500	2709.000	F	
222	Spectrogram 1	1	3112.122287084	3112.663996104	2418.500	2709.000	F	
232	Spectrogram 1	1	3151.944268094	3152.485977114	2418.500	2709.000	F	
241	Spectrogram 1	1	3186.727549466	3187.269258486	2418.500	2709.000	F	
250	Spectrogram 1	1	3220.698137348	3221.239846368	2418.500	2709.000	F	
259	Spectrogram 1	1	3255.226000766	3255.767709786	2418.500	2709.000	F	
272	Spectrogram 1	1	3305.612997146	3306.154706166	2418.500	2709.000	F	
282	Spectrogram 1	1	3342.764699546	3343.306408566	2418.500	2709.000	F	
293	Spectrogram 1	1	3383.863770326	3384.405479346	2418.500	2709.000	F	
303	Spectrogram 1	1	3421.526308634	3422.068017654	2418.500	2709.000	F	
315	Spectrogram 1	1	3465.969032630	3466.510741650	2418.500	2709.000	F	
324	Spectrogram 1	1	3499.660982744	3500.202691764	2418.500	2709.000	F	
334	Spectrogram 1	1	3536.301849236	3536.843558256	2418.500	2709.000	F	
345	Spectrogram 1	1	3576.286368944	3576.828077964	2418.500	2709.000	F	
357	Spectrogram 1	1	3628.066554164	3628.608263184	2418.500	2709.000	F	
370	Spectrogram 1	1	3684.049525718	3684.591234738	2418.500	2709.000	F	
379	Spectrogram 1	1	3715.373054804	3715.914763824	2418.500	2709.000	F	
390	Spectrogram 1	1	3770.496893240	3771.038602260	2418.500	2709.000	F	
397	Spectrogram 1	1	3804.072744284	3804.614453304	2418.500	2709.000	F	
406	Spectrogram 1	1	3839.506180448	3840.047889468	2418.500	2709.000	F	
417	Spectrogram 1	1	3883.066551512	3883.608260532	2418.500	2709.000	F	
435	Spectrogram 1	1	3952.795652954	3953.337361974	2418.500	2709.000	F	
447	Spectrogram 1	1	3995.055714434	3995.597423454	2418.500	2709.000	F	
458	Spectrogram 1	1	4035.527850236	4036.069559256	2418.500	2709.000	F	
467	Spectrogram 1	1	4070.148592910	4070.690301930	2418.500	2709.000	F	
481	Spectrogram 1	1	4126.410202232	4126.951911252	2418.500	2709.000	F	
487	Spectrogram 1	1	4156.642400060	4157.184109080	2418.500	2709.000	F	
502	Spectrogram 1	1	4224.467476754	4225.009185774	2418.500	2709.000	F	
512	Spectrogram 1	1	4265.938064558	4266.479773578	2418.500	2709.000	F	
525	Spectrogram 1	1	4321.247661506	4321.789370526	2418.500	2709.000	F	
533	Spectrogram 1	1	4367.849828204	4368.391537224	2418.500	2709.000	F	
544	Spectrogram 1	1	4418.654781236	4419.196490256	2418.500	2709.000	F	
9	Spectrogram 1	1	2298.624586624	2299.228647693	3100.800	3384.500	G	
20	Spectrogram 1	1	2342.490078348	2343.200738430	3063.000	3403.400	G	
32	Spectrogram 1	1	2390.672830069	2391.401256652	3100.800	3422.300	G	
45	Spectrogram 1	1	2453.637310580	2454.223605148	3025.200	3460.100	G	
57	Spectrogram 1	1	2495.957113262	2496.667773343	3081.900	3422.300	G	
79	Spectrogram 1	1	2586.779468066	2587.241397119	3081.900	3384.500	G	
98	Spectrogram 1	1	2663.690649313	2664.294710383	3044.100	3403.400	G	
109	Spectrogram 1	1	2706.969846471	2707.609440544	3044.100	3441.200	G	
132	Spectrogram 1	1	2755.930340324	2756.561051146	3067.700	3415.200	G	
144	Spectrogram 1	1	2803.089782558	2803.720493380	3067.700	3415.200	G	
155	Spectrogram 1	1	2846.046438458	2846.677149280	3067.700	3415.200	G	
171	Spectrogram 1	1	2911.131577100	2911.762287922	3067.700	3415.200	G	
179	Spectrogram 1	1	2943.523217630	2944.153928452	3067.700	3415.200	G	
194	Spectrogram 1	1	3001.804950770	3002.435661592	3067.700	3415.200	G	
201	Spectrogram 1	1	3029.738387012	3030.369097834	3067.700	3415.200	G	
227	Spectrogram 1	1	3132.184206380	3132.814917202	3067.700	3415.200	G	
236	Spectrogram 1	1	3168.453555848	3169.084266670	3067.700	3415.200	G	
267	Spectrogram 1	1	3286.456650596	3287.087361418	3067.700	3415.200	G	
274	Spectrogram 1	1	3313.879250930	3314.509961752	3067.700	3415.200	G	
289	Spectrogram 1	1	3370.233739508	3370.864450330	3067.700	3415.200	G	
305	Spectrogram 1	1	3429.397825580	3430.028536402	3067.700	3415.200	G	
329	Spectrogram 1	1	3516.611446964	3517.242157786	3067.700	3415.200	G	
341	Spectrogram 1	1	3562.795657010	3563.426367832	3067.700	3415.200	G	
360	Spectrogram 1	1	3640.976770748	3641.607481570	3067.700	3415.200	G	
393	Spectrogram 1	1	3783.407109824	3784.037820646	3067.700	3415.200	G	
411	Spectrogram 1	1	3859.335901604	3859.966612426	3067.700	3415.200	G	
427	Spectrogram 1	1	3919.777077446	3920.407788268	3067.700	3415.200	G	
452	Spectrogram 1	1	4014.490698752	4015.121409574	3067.700	3415.200	G	
465	Spectrogram 1	1	4062.068097638	4062.698808460	3067.700	3415.200	G	
485	Spectrogram 1	1	4147.981409438	4148.612120260	3067.700	3415.200	G	
494	Spectrogram 1	1	4187.478313052	4188.109023874	3067.700	3415.200	G	
540	Spectrogram 1	1	4399.823512082	4400.454222904	3067.700	3415.200	G	
4	Spectrogram 1	1	2279.969759482	2280.502754543	3176.500	3460.100	H	
15	Spectrogram 1	1	2323.515455076	2324.066216639	3119.700	3384.500	H	
27	Spectrogram 1	1	2370.081454205	2370.667748772	3063.000	3460.100	H	
38	Spectrogram 1	1	2414.888571443	2415.510399015	3063.000	3403.400	H	
52	Spectrogram 1	1	2477.728683075	2478.208378630	3063.000	3441.200	H	
64	Spectrogram 1	1	2524.241383603	2524.738845661	3157.600	3384.500	H	
73	Spectrogram 1	1	2561.835300108	2562.297229161	3081.900	3441.200	H	
83	Spectrogram 1	1	2602.040892413	2602.556120972	3063.000	3365.500	H	
89	Spectrogram 1	1	2626.558664322	2627.020593375	3119.700	3441.200	H	
103	Spectrogram 1	1	2684.655120814	2685.223648880	3138.700	3497.900	H	
114	Spectrogram 1	1	2727.259190894	2727.721119947	3119.700	3422.300	H	
135	Spectrogram 1	1	2766.820433090	2767.342122195	3106.000	3427.400	H	
147	Spectrogram 1	1	2816.743033190	2817.264722295	3106.000	3427.400	H	
162	Spectrogram 1	1	2875.326623912	2875.848313017	3106.000	3427.400	H	
173	Spectrogram 1	1	2920.071205490	2920.592894595	3106.000	3427.400	H	
183	Spectrogram 1	1	2959.103712824	2959.625401929	3106.000	3427.400	H	
196	Spectrogram 1	1	3009.839006414	3010.360695519	3106.000	3427.400	H	
208	Spectrogram 1	1	3056.417953298	3056.939642403	3106.000	3427.400	H	
217	Spectrogram 1	1	3092.246126300	3092.767815405	3106.000	3427.400	H	
230	Spectrogram 1	1	3143.933432264	3144.455121369	3106.000	3427.400	H	
243	Spectrogram 1	1	3194.273989016	3194.795678121	3106.000	3427.400	H	
255	Spectrogram 1	1	3240.202781108	3240.724470213	3106.000	3427.400	H	
269	Spectrogram 1	1	3294.537145868	3295.058834973	3106.000	3427.400	H	
284	Spectrogram 1	1	3350.914854260	3351.436543365	3106.000	3427.400	H	
295	Spectrogram 1	1	3391.410209876	3391.931898981	3106.000	3427.400	H	
309	Spectrogram 1	1	3444.839001890	3445.360690995	3106.000	3427.400	H	
322	Spectrogram 1	1	3491.835905426	3492.357594531	3106.000	3427.400	H	
336	Spectrogram 1	1	3544.428784136	3544.950473241	3106.000	3427.400	H	
350	Spectrogram 1	1	3594.676461632	3595.198150737	3106.000	3427.400	H	
363	Spectrogram 1	1	3655.164077102	3655.685766207	3106.000	3427.400	H	
377	Spectrogram 1	1	3708.523209674	3709.044898779	3106.000	3427.400	H	
387	Spectrogram 1	1	3753.244571438	3753.766260543	3106.000	3427.400	H	
399	Spectrogram 1	1	3811.456645136	3811.978334241	3106.000	3427.400	H	
419	Spectrogram 1	1	3891.077387342	3891.599076447	3106.000	3427.400	H	
431	Spectrogram 1	1	3935.427232082	3935.948921187	3106.000	3427.400	H	
439	Spectrogram 1	1	3967.238377262	3967.760066367	3106.000	3427.400	H	
460	Spectrogram 1	1	4043.260048298	4043.781737403	3106.000	3427.400	H	
469	Spectrogram 1	1	4078.438066508	4078.959755613	3106.000	3427.400	H	
475	Spectrogram 1	1	4102.517013626	4103.038702731	3106.000	3427.400	H	
489	Spectrogram 1	1	4166.162523800	4166.684212905	3106.000	3427.400	H	
498	Spectrogram 1	1	4208.306486210	4208.828175315	3106.000	3427.400	H	
504	Spectrogram 1	1	4232.687290910	4233.208980015	3106.000	3427.400	H	
518	Spectrogram 1	1	4285.419488504	4285.941177609	3106.000	3427.400	H	
531	Spectrogram 1	1	4352.130014126	4352.651703231	3106.000	3427.400	H	
608	Spectrogram 1	1	4449.391121762	4449.941883325	3233.200	3535.700	H	
11	Spectrogram 1	1	2306.850476162	2307.347938219	4670.200	4991.600	I	
23	Spectrogram 1	1	2355.050994385	2355.388557924	4594.500	4916.000	I	
40	Spectrogram 1	1	2423.025628472	2423.434258019	4670.200	4972.700	I	
48	Spectrogram 1	1	2464.261674529	2464.830202594	4670.200	4991.600	I	
60	Spectrogram 1	1	2509.228689380	2509.726151437	4651.300	4916.000	I	
75	Spectrogram 1	1	2569.919058536	2570.309921581	4670.200	4934.900	I	
85	Spectrogram 1	1	2610.853077424	2611.403838988	4594.500	4953.800	I	
105	Spectrogram 1	1	2691.868319737	2692.330248790	4651.300	5029.400	I	
129	Spectrogram 1	1	2743.089783182	2743.553933048	4646.500	4963.200	I	
139	Spectrogram 1	1	2782.702785866	2783.166935732	4646.500	4963.200	I	
160	Spectrogram 1	1	2867.222908826	2867.687058692	4646.500	4963.200	I	
176	Spectrogram 1	1	2931.704332304	2932.168482170	4646.500	4963.200	I	
210	Spectrogram 1	1	3064.637767454	3065.101917320	4646.500	4963.200	I	
220	Spectrogram 1	1	3104.970584372	3105.434734238	4646.500	4963.200	I	
239	Spectrogram 1	1	3180.086682662	3180.550832528	4646.500	4963.200	I	
252	Spectrogram 1	1	3229.034050574	3229.498200440	4646.500	4963.200	I	
264	Spectrogram 1	1	3275.659437086	3276.123586952	4646.500	4963.200	I	
279	Spectrogram 1	1	3331.851386966	3332.315536832	4646.500	4963.200	I	
301	Spectrogram 1	1	3413.352934106	3413.817083972	4646.500	4963.200	I	
320	Spectrogram 1	1	3484.335905504	3484.800055370	4646.500	4963.200	I	
331	Spectrogram 1	1	3524.715162050	3525.179311916	4646.500	4963.200	I	
343	Spectrogram 1	1	3569.947359722	3570.411509588	4646.500	4963.200	I	
367	Spectrogram 1	1	3672.462838532	3672.926988398	4646.500	4963.200	I	
381	Spectrogram 1	1	3723.360670820	3723.824820686	4646.500	4963.200	I	
442	Spectrogram 1	1	3978.012370958	3978.476520824	4646.500	4963.200	I	
455	Spectrogram 1	1	4025.682649100	4026.146798966	4646.500	4963.200	I	
510	Spectrogram 1	1	4260.458188454	4260.922338320	4646.500	4963.200	I	
554	Spectrogram 1	1	2991.276597555	2991.720760106	4802.500	5105.000	I	
556	Spectrogram 1	1	3377.680231655	3378.124394206	4916.000	5067.200	I	
562	Spectrogram 1	1	3615.680283922	3616.177745979	4802.500	5086.100	I	
568	Spectrogram 1	1	3763.923970602	3764.456965663	4670.200	5123.900	I	
570	Spectrogram 1	1	3795.299612298	3795.761541351	4708.000	5048.300	I	
574	Spectrogram 1	1	3843.500130521	3843.997592578	4708.000	4991.600	I	
575	Spectrogram 1	1	3876.190492462	3876.670188017	4708.000	5086.100	I	
577	Spectrogram 1	1	3912.114358681	3912.487455224	4802.500	5048.300	I	
578	Spectrogram 1	1	3944.698121610	3945.248883174	4764.700	5010.500	I	
584	Spectrogram 1	1	4090.951960967	4091.520489033	4726.900	4972.700	I	
587	Spectrogram 1	1	4140.076337296	4140.538266349	4689.100	4972.700	I	
591	Spectrogram 1	1	4216.099192535	4216.543355086	4764.700	5048.300	I	
596	Spectrogram 1	1	4291.358092458	4291.820021511	4708.000	4916.000	I	
598	Spectrogram 1	1	4328.809876947	4329.325105506	4594.500	4897.100	I	
602	Spectrogram 1	1	4379.391106442	4379.835268993	4726.900	4953.800	I	
604	Spectrogram 1	1	4409.523092996	4409.949489045	4783.600	5029.400	I	
6	Spectrogram 1	1	2287.609355359	2288.071284412	5105.000	5294.100	J	
17	Spectrogram 1	1	2331.794644120	2332.274339676	5048.300	5464.300	J	
34	Spectrogram 1	1	2399.040851624	2399.431714669	5067.200	5464.300	J	
54	Spectrogram 1	1	2485.137313520	2485.510410062	5067.200	5426.500	J	
94	Spectrogram 1	1	2648.464757065	2648.944452620	5123.900	5407.600	J	
111	Spectrogram 1	1	2715.817563581	2716.243959629	5105.000	5369.700	J	
153	Spectrogram 1	1	2838.546438536	2838.981717836	5086.100	5404.400	J	
166	Spectrogram 1	1	2891.603713526	2892.038992826	5086.100	5404.400	J	
188	Spectrogram 1	1	2980.164084122	2980.599363422	5086.100	5404.400	J	
203	Spectrogram 1	1	3037.540244516	3037.975523816	5086.100	5404.400	J	
224	Spectrogram 1	1	3120.342101240	3120.777380540	5086.100	5404.400	J	
248	Spectrogram 1	1	3213.708973334	3214.144252634	5086.100	5404.400	J	
261	Spectrogram 1	1	3264.467486738	3264.902766038	5086.100	5404.400	J	
286	Spectrogram 1	1	3358.716711764	3359.151991064	5086.100	5404.400	J	
297	Spectrogram 1	1	3398.840550356	3399.275829656	5086.100	5404.400	J	
317	Spectrogram 1	1	3473.515472180	3473.950751480	5086.100	5404.400	J	
338	Spectrogram 1	1	3551.534047220	3551.969326520	5086.100	5404.400	J	
403	Spectrogram 1	1	3828.801846194	3829.237125494	5086.100	5404.400	J	
559	Spectrogram 1	1	3506.967061564	3507.411224115	5161.800	5445.400	J	
564	Spectrogram 1	1	3692.271670592	3692.911264666	5180.700	5483.200	J	
569	Spectrogram 1	1	3777.284379230	3777.693008777	5256.300	5502.100	J	
576	Spectrogram 1	1	3897.137197461	3897.687959025	5237.400	5426.500	J	
579	Spectrogram 1	1	3960.812338055	3961.238734104	5199.600	5426.500	J	
583	Spectrogram 1	1	4003.292043526	4003.807272085	5199.600	5388.700	J	
585	Spectrogram 1	1	4114.865671807	4115.327600860	5161.800	5445.400	J	
589	Spectrogram 1	1	4196.236244160	4196.733706217	5161.800	5407.600	J	
599	Spectrogram 1	1	4339.523077677	4340.002773232	5161.800	5407.600	J	
607	Spectrogram 1	1	4423.007867138	4423.452029689	5218.500	5464.300	J	
68	Spectrogram 1	1	2541.599255190	2542.025651239	5123.900	5558.800	K	
100	Spectrogram 1	1	2671.952071856	2672.318179087	5180.700	5577.700	K	
276	Spectrogram 1	1	3321.286371596	3321.677234641	5152.300	5568.200	K	
552	Spectrogram 1	1	2823.791790072	2824.235952623	5331.900	5634.500	K	
555	Spectrogram 1	1	3080.464434172	3081.032962237	5294.100	5615.500	K	
557	Spectrogram 1	1	3455.355375855	3455.710705896	5294.100	5577.700	K	
560	Spectrogram 1	1	3584.144743707	3584.695505270	5407.600	5653.400	K	
581	Spectrogram 1	1	3985.028079429	3985.507774984	5388.700	5634.500	K	
592	Spectrogram 1	1	4251.383464680	4251.792094227	5237.400	5521.000	K	
601	Spectrogram 1	1	4363.934250574	4364.378413125	5275.200	5615.500	K	
116	Spectrogram 1	1	2294.509562555	2296.249512303	1342.400	3970.600		A
117	Spectrogram 1	1	2275.572630135	2276.992228125	1455.900	4273.100		B
118	Spectrogram 1	1	2520.540824082	2522.029517550	1739.500	4405.500		C
119	Spectrogram 1	1	2418.898041588	2420.430704905	1966.400	4500.000		D
120	Spectrogram 1	1	2488.542908408	2490.037883283	2174.400	5237.400		E
121	Spectrogram 1	1	2516.332318537	2517.852419039	2174.400	4934.900		F
122	Spectrogram 1	1	2663.703735124	2665.091926079	3044.100	5766.800		G
123	Spectrogram 1	1	2414.935666134	2416.323857088	2949.600	5729.000		H
124	Spectrogram 1	1	2509.288978197	2510.576666639	3460.100	6768.900		I
125	Spectrogram 1	1	2399.054122342	2400.304122342	4254.200	7241.600		J
126	Spectrogram 1	1	2671.922450444	2673.059385117	3573.500	7563.000		K
