980.5530717076583	982.4434046382297	BBF9	1.0
984.2593015506068	985.8677602228568	BBF9	1.0
987.8944285078284	989.9694298653839	BBF9	1.0
990.361162048992	991.9231928468492	BBF3	1.0
991.9117327983555	993.3671224878889	BBF9	1.0
993.612203112819	994.8793265938856	BBF3	1.0
996.2045600160576	998.0767564334576	BBF9	1.0
996.9053392799634	998.5410593287411	BBF3	1.0
999.4752856327959	1001.3656185633673	BBF9	1.0
1001.3473553809047	1002.7415170326547	BBF3	1.0
1003.0393100144515	1005.114311372007	BBF9	1.0
1004.8465274240637	1006.1844933233762	BBF3	1.0
1006.701100650746	1008.5152293333459	BBF9	1.0
1008.3295046802479	1009.8915354781051	BBF3	1.0
1010.3362276079675	1011.9446862802175	BBF9	1.0
1012.300098752298	1014.0373777873749	BBF3	1.0
1014.6112792980883	1016.5016122286597	BBF9	1.0
1016.3348137552724	1017.9314807613633	BBF3	1.0
1017.9353319628117	1020.0310874829025	BBF9	1.0
1019.3122050979895	1020.8757328160483	BBF3	1.0
1021.9348604155969	1023.7489890981968	BBF9	1.0
1023.7845735278644	1025.3313700103017	BBF3	1.0
1025.7655200381769	1027.2720999561054	BBF9	1.0
1026.7844831759173	1028.051606656984	BBF3	1.0
1028.920703717615	1030.9957050751705	BBF9	1.0
1029.4595667010992	1031.095286749877	BBF3	1.0
1032.724699660122	1034.294547541276	BBF9	1.0
1033.6758797749108	1035.0700414266607	BBF3	1.0
1036.6620133786716	1038.5523463092431	BBF9	1.0
1036.7041593939628	1038.4414384290396	BBF3	1.0
1040.1639168017723	1041.501882701085	BBF3	1.0
1040.9192893861307	1042.5277480583807	BBF9	1.0
1043.0431780002182	1044.6052087980754	BBF3	1.0
1044.6077433913374	1046.4218720739375	BBF9	1.0
1046.7583537401479	1048.3940737889257	BBF3	1.0
1048.7939166671495	1050.300496585078	BBF9	1.0
1049.9780776426132	1051.5747446487042	BBF3	1.0
1051.833558409287	1053.9085597668425	BBF9	1.0
1053.6087362834246	1055.1722640014834	BBF3	1.0
1055.6197786691325	1057.510111599704	BBF9	1.0
1057.1514550960499	1058.5456167477998	BBF3	1.0
1059.1482516854649	1061.2440072055558	BBF9	1.0
1060.852801703507	1062.488521752285	BBF3	1.0
1063.1744438173225	1064.9885724999226	BBF9	1.0
1063.569523963331	1064.6857067416643	BBF3	1.0
1066.5987042637162	1068.1455007461536	BBF3	1.0
1066.6318139479283	1068.2402726201783	BBF9	1.0
1070.0478616598339	1071.7851406949108	BBF3	1.0
1071.4223604352355	1072.928940353164	BBF9	1.0
1073.5082622315958	1074.7753857126625	BBF3	1.0
1074.9419456102369	1077.0169469677924	BBF9	1.0
1076.7583978400824	1078.3204286379396	BBF3	1.0
1079.083679524315	1080.955875941715	BBF9	1.0
1080.1717155511428	1081.7352432692016	BBF3	1.0
1082.9943297188722	1084.8846626494437	BBF9	1.0
1083.307270713005	1084.903937719096	BBF3	1.0
1086.3983729565734	1088.0068316288234	BBF9	1.0
1086.4642944606492	1088.100014509427	BBF3	1.0
1089.924051868459	1091.2620177677713	BBF3	1.0
1090.2112567404113	1092.0253854230114	BBF9	1.0
1093.2212703376467	1094.783301135504	BBF3	1.0
1094.9395883394031	1096.4461682573317	BBF9	1.0
1097.0061056227003	1098.7433846577771	BBF3	1.0
1098.8057991712258	1100.8808005287813	BBF9	1.0
1101.020863776131	1102.2879872571975	BBF3	1.0
1103.1786171159852	1104.9927457985852	BBF9	1.0
1103.4329276489398	1104.9797241313772	BBF3	1.0
1106.3604643194158	1107.8158540089491	BBF9	1.0
1108.105193145741	1109.6687208637998	BBF3	1.0
1109.8533858153448	1111.4618444875948	BBF9	1.0
1112.2897236805018	1113.6838853322517	BBF3	1.0
1114.0484469324876	1115.9387798630592	BBF9	1.0
1115.8838423512193	1117.519562399997	BBF3	1.0
1117.6391348381355	1119.7348903582265	BBF9	1.0
1119.9153631104653	1121.2533290097776	BBF3	1.0
1122.28973848448	1123.8517692823373	BBF3	1.0
1123.2029233691437	1125.2779247266992	BBF9	1.0
1126.020899787075	1127.2880232681416	BBF3	1.0
1126.7225085441453	1128.2290884620738	BBF9	1.0
1129.0736671263785	1130.620463608816	BBF3	1.0
1130.620463608816	1132.5107965393872	BBF9	1.0
1134.87799222374	1136.75018864114	BBF9	1.0
1138.1881422413776	1139.8238622901554	BBF3	1.0
1140.006115901579	1141.820244584179	BBF9	1.0
1143.0494833529456	1144.6579420251956	BBF9	1.0
1143.9323959314283	1145.6696749665052	BBF3	1.0
1147.347368685027	1149.4431242051178	BBF9	1.0
1149.8338698521284	1151.3959006499854	BBF3	1.0
1152.5512947087377	1154.441627639309	BBF9	1.0
1152.7094853805575	1154.273013098616	BBF3	1.0
1155.7805166609505	1157.2870965788793	BBF9	1.0
1159.7218690145178	1161.3575890632956	BBF3	1.0
1161.6349334376246	1163.4490621202244	BBF9	1.0
1163.3154060810812	1164.582529562148	BBF3	1.0
1165.42595878568	1166.9727552681175	BBF3	1.0
1165.4521655802732	1167.022013461427	BBF9	1.0
1168.684716970507	1170.4219960055839	BBF3	1.0
1170.3236313522125	1171.9320900244625	BBF9	1.0
1174.226575869995	1176.1169088005663	BBF9	1.0
1174.68475053548	1176.2482782535385	BBF3	1.0
1177.8507386365072	1179.925739994063	BBF9	1.0
1178.8425188814304	1180.2366805331803	BBF3	1.0
1182.268307784635	1183.9040278334128	BBF3	1.0
1182.3112466568305	1184.1253753394303	BBF9	1.0
1185.6897753569597	1187.0277412562723	BBF3	1.0
1186.7485228645478	1188.8442783846385	BBF9	1.0
1188.6545983959204	1190.2166291937774	BBF3	1.0
1189.9777448167606	1192.0527461743163	BBF9	1.0
1194.203291850382	1195.9405708854588	BBF3	1.0
1194.2988619614484	1195.8054418793772	BBF9	1.0
1197.7626383448915	1199.309434827329	BBF3	1.0
1198.178574666625	1200.0689075971964	BBF9	1.0
1201.0531367908402	1202.6166645088988	BBF3	1.0
1204.1491505063282	1205.7576091785782	BBF9	1.0
1204.320427108431	1205.9170941145217	BBF3	1.0
1207.4850250908635	1209.1207451396413	BBF3	1.0
1208.6561221518632	1210.470250834463	BBF9	1.0
1211.1169083333657	1212.6789391312227	BBF3	1.0
1212.8146166083102	1214.6868130257103	BBF9	1.0
1214.3580898446785	1216.0953688797554	BBF3	1.0
1217.1821973782098	1219.2571987357655	BBF9	1.0
1218.0500401685185	1219.3880060678312	BBF3	1.0
1221.3556005180508	1222.9023970004882	BBF3	1.0
1221.4800827102918	1223.370415640863	BBF9	1.0
1224.7852486641486	1226.1794103158986	BBF3	1.0
1226.3122997323085	1227.9207584045585	BBF9	1.0
1228.478715898947	1230.0422436170056	BBF3	1.0
1229.7970716231857	1231.3036515411145	BBF9	1.0
1232.5741931726207	1234.2099132213984	BBF3	1.0
1232.8636708871582	1234.677799569758	BBF9	1.0
1236.718770107936	1238.456049143013	BBF3	1.0
1237.3474107200868	1238.9558693923368	BBF9	1.0
1240.4133879357028	1241.7513538350154	BBF3	1.0
1241.482673363928	1243.3730062944992	BBF9	1.0
1243.6420310633625	1245.2040618612195	BBF3	1.0
1244.8512861917757	1246.3066758813088	BBF9	1.0
1247.3974512794462	1248.9609789975048	BBF3	1.0
1248.8936215851936	1250.7077502677935	BBF9	1.0
1250.9787142773494	1252.2458377584162	BBF3	1.0
1251.8419817298436	1253.9377372499343	BBF9	1.0
1253.0641403556438	1254.6109368380812	BBF3	1.0
1256.6696678938747	1258.2663348999654	BBF3	1.0
1256.838901496394	1258.9139028539498	BBF9	1.0
1259.567066451701	1261.2027865004789	BBF3	1.0
1261.6711185184108	1263.1776984363396	BBF9	1.0
1264.2574687499127	1265.9947477849896	BBF3	1.0
1266.0851629135218	1267.975495844093	BBF9	1.0
1268.3673757141873	1269.7615373659373	BBF3	1.0
1271.8957971265527	1273.4425936089901	BBF3	1.0
1272.212914106064	1273.7827619872178	BBF9	1.0
1275.0991062045914	1277.1741075621471	BBF9	1.0
1276.040698158859	1277.6042258769176	BBF3	1.0
1278.62993511568	1280.50213153308	BBF9	1.0
1279.7098672623292	1281.30653426842	BBF3	1.0
1282.6726771140984	1284.5630100446697	BBF9	1.0
1282.9494185026879	1284.5851385514657	BBF3	1.0
1286.368154174088	1287.484336952421	BBF3	1.0
1286.7847079453336	1288.8804634654243	BBF9	1.0
1289.009789788991	1290.571820586848	BBF3	1.0
1290.083625335364	1291.5902052532929	BBF9	1.0
1292.262396823617	1293.999675858694	BBF3	1.0
1293.8704107901171	1295.4788694623671	BBF9	1.0
1296.049870412185	1297.316993893252	BBF3	1.0
1298.4238460608635	1300.2379747434634	BBF9	1.0
1299.0063447793764	1300.5531412618138	BBF3	1.0
1302.3960224430407	1304.4917779631314	BBF9	1.0
1303.026444171136	1304.6231111772267	BBF3	1.0
1306.3317705536747	1307.8952982717333	BBF3	1.0
1308.227670980532	1310.1180039111032	BBF9	1.0
1309.9108660916372	1311.3050277433872	BBF3	1.0
1312.084151873103	1314.1591532306588	BBF9	1.0
1313.5531325078523	1315.18885255663	BBF3	1.0
1316.527689745802	1317.9830794353352	BBF9	1.0
1317.3983020704527	1318.7362679697653	BBF3	1.0
1320.3565378215949	1321.918568619452	BBF3	1.0
1320.7728497876906	1322.5869784702904	BBF9	1.0
1323.7930701985028	1325.5303492335797	BBF3	1.0
1325.6466149712141	1327.2164628523678	BBF9	1.0
1327.9133771564898	1329.1805006375566	BBF3	1.0
1330.0191112048183	1332.094112562374	BBF9	1.0
1330.865638381798	1332.4124348642354	BBF3	1.0
1334.7351691638055	1336.6073655812056	BBF9	1.0
1334.8071906917312	1336.4038576978219	BBF3	1.0
1338.3751129870034	1339.938640705062	BBF3	1.0
1338.7310409320116	1340.621373862583	BBF9	1.0
1341.946035724192	1343.340197375942	BBF3	1.0
1342.7036808876123	1344.799436407703	BBF9	1.0
1345.9215523281855	1347.5572723769633	BBF3	1.0
1347.2571161583587	1348.7636960762875	BBF9	1.0
1350.1939979859626	1351.9312770210395	BBF3	1.0
1351.5085378652288	1353.1169965374788	BBF9	1.0
1354.533974074871	1355.8719399741835	BBF3	1.0
1355.3650187578	1357.1791474404	BBF9	1.0
1357.4987981138315	1359.0608289116885	BBF3	1.0
1360.9638855958096	1362.5723442680596	BBF9	1.0
1361.4556074643424	1363.019135182401	BBF3	1.0
1364.309266611052	1365.764656300585	BBF9	1.0
1365.5264350826988	1366.7935585637656	BBF3	1.0
1367.6314158136884	1369.706417171244	BBF9	1.0
1368.3279425431779	1369.8747390256153	BBF3	1.0
1372.254546522252	1374.1448794528233	BBF9	1.0
1372.4617989957906	1374.1990780308674	BBF3	1.0
1376.619399599745	1378.2160666058357	BBF3	1.0
1376.9241408560274	1378.5325995282774	BBF9	1.0
1380.31009591062	1381.9458159593978	BBF3	1.0
1382.5462395066434	1384.3603681892432	BBF9	1.0
1384.6986406351843	1386.2606714330414	BBF3	1.0
1386.2168658983674	1388.312621418458	BBF9	1.0
1388.808547599459	1390.5458266345358	BBF3	1.0
1391.4672555472894	1393.542256904845	BBF9	1.0
1393.089247391008	1394.4272132903207	BBF3	1.0
1395.7419090667654	1397.2484889846942	BBF9	1.0
1396.8957789496776	1398.442575432115	BBF3	1.0
1399.9236353358183	1401.8139682663896	BBF9	1.0
1401.3304521939658	1402.9271192000565	BBF3	1.0
1403.9427389166303	1405.8149353340305	BBF9	1.0
1404.8998782561957	1406.5355983049735	BBF3	1.0
1407.9850743100478	1410.0600756676035	BBF9	1.0
1409.1026644739009	1410.6661921919595	BBF3	1.0
1412.4485379773168	1413.7156614583837	BBF3	1.0
1413.3980866472111	1415.212215329811	BBF9	1.0
1415.4510504572345	1417.0130812550915	BBF3	1.0
1417.6727401666872	1419.2811988389371	BBF9	1.0
1418.9710851508316	1420.7083641859085	BBF3	1.0
1423.5163768670586	1424.9105385188086	BBF3	1.0
1423.968561382872	1425.8588943134432	BBF9	1.0
1427.2373387060961	1428.873058754874	BBF3	1.0
1429.261067658898	1431.3568231789886	BBF9	1.0
1431.1545666117026	1432.4925325110153	BBF3	1.0
1434.4978833631894	1436.044679845627	BBF3	1.0
1436.8157537539064	1438.6298824365063	BBF9	1.0
1438.034551917326	1439.5980796353847	BBF3	1.0
1442.6244155403201	1443.891539021387	BBF3	1.0
1445.3418289802535	1446.9502876525034	BBF9	1.0
1445.4259220017993	1446.9879527996563	BBF3	1.0
1450.0856350498607	1451.8229140849376	BBF3	1.0
1450.7548413174159	1452.6451742479871	BBF9	1.0
1454.5213991361184	1456.118066142209	BBF3	1.0
1457.213285221842	1459.2882865793977	BBF9	1.0
1458.5608669253425	1460.1965869741202	BBF3	1.0
1462.6369724405527	1464.2005001586112	BBF3	1.0
1465.4838105095246	1467.2979391921244	BBF9	1.0
1467.4736557237165	1468.8678173754665	BBF3	1.0
1471.5849672807635	1473.1548151619172	BBF9	1.0
1471.6336218456063	1473.3709008806832	BBF3	1.0
1476.0917459372454	1477.429711836558	BBF3	1.0
1476.8441668737846	1478.734499804356	BBF9	1.0
1479.4837046433863	1481.0305011258238	BBF3	1.0
1481.51376120756	1483.5887625651158	BBF9	1.0
1483.5540562897554	1485.150723295846	BBF3	1.0
1486.9837044358537	1488.5472321539123	BBF3	1.0
1488.1580596128329	1490.030256030233	BBF9	1.0
1490.9158651310468	1492.5515851798245	BBF3	1.0
1495.2249092388115	1496.6190708905615	BBF3	1.0
1498.4497525972242	1500.263881279824	BBF9	1.0
1499.241979927655	1500.9792589627318	BBF3	1.0
1503.4910559326931	1505.0995146049431	BBF9	1.0
1504.471140137959	1506.033170935816	BBF3	1.0
1508.8576046446447	1510.747937575216	BBF9	1.0
1509.0639609778714	1510.62748869593	BBF3	1.0
1514.7600802162538	1516.0272036973206	BBF3	1.0
1516.0272036973206	1517.5337836152494	BBF9	1.0
1521.556375097513	1523.3705037801128	BBF9	1.0
1522.43327217668	1523.549454955013	BBF3	1.0
1525.774980626211	1527.337011424068	BBF3	1.0
1528.987249366046	1530.859445783446	BBF9	1.0
1529.832769458928	1531.5700484940048	BBF3	1.0
1533.8460039660067	1535.9210053235624	BBF9	1.0
1533.9784969882116	1535.3164628875243	BBF3	1.0
1537.796163178573	1539.4318832273507	BBF3	1.0
1540.8387795603671	1542.447238232617	BBF9	1.0
1541.578999290898	1543.1756662969888	BBF3	1.0
1544.3235514512448	1546.2138843818161	BBF9	1.0
1545.335280593958	1546.8988083120166	BBF3	1.0
1548.85157434018	1550.9473298602707	BBF9	1.0
1549.6820097806794	1551.0761714324294	BBF3	1.0
1553.6016076622204	1555.3388866972973	BBF3	1.0
1555.288967001206	1557.1030956838058	BBF9	1.0
1557.772461817809	1559.3192583002465	BBF3	1.0
1559.6100841458938	1561.6850855034495	BBF9	1.0
1561.842813464178	1563.109936945245	BBF3	1.0
1565.0858357534403	1566.6478665512973	BBF3	1.0
1566.6957869906773	1568.202366908606	BBF9	1.0
1569.0732517711044	1570.7089718198822	BBF3	1.0
1571.7370903261467	1573.627423256718	BBF9	1.0
1573.953364893067	1575.5500318991576	BBF3	1.0
1575.8955847825937	1577.5040434548437	BBF9	1.0
1577.6413629000162	1579.2048906180748	BBF3	1.0
1580.5187154911573	1582.3328441737572	BBF9	1.0
1581.8176852844535	1583.4534053332313	BBF3	1.0
1584.7236735728166	1586.7986749303723	BBF9	1.0
1586.4282379208744	1587.8223995726244	BBF3	1.0
1590.2724589205009	1592.0097379555777	BBF3	1.0
1593.2818923624482	1594.8517402436019	BBF9	1.0
1595.3435952378995	1596.6815611372122	BBF3	1.0
1597.222388754763	1599.1127216853342	BBF9	1.0
1598.8874921221145	1600.4495229199715	BBF3	1.0
1603.1404870994297	1604.7040148174883	BBF3	1.0
1603.448514533131	1604.9550944510597	BBF9	1.0
1607.3514590509135	1609.1655877335133	BBF9	1.0
1607.8603937708253	1609.4961138196031	BBF3	1.0
1611.880493162585	1613.1476166436519	BBF3	1.0
1612.950325888923	1614.558784561173	BBF9	1.0
1615.3101413086833	1616.8569377911208	BBF3	1.0
1618.479497289115	1620.3698302196863	BBF9	1.0
1619.267427632181	1621.0047066672578	BBF3	1.0
1623.6141611799026	1625.2108281859933	BBF3	1.0
1624.1945231901536	1626.2902787102444	BBF9	1.0
1627.5871814319653	1629.1507091500239	BBF3	1.0
1629.9327809037986	1631.7469095863985	BBF9	1.0
1632.6719488742647	1634.2339796721217	BBF3	1.0
1634.950852426662	1636.559311098912	BBF9	1.0
1636.550029387954	1638.287308423031	BBF3	1.0
1639.9608342464117	1642.0358356039674	BBF9	1.0
1641.9307425880643	1643.527409594155	BBF3	1.0
1644.7314455337241	1646.6217784642954	BBF9	1.0
1646.414623079991	1648.0503431287689	BBF3	1.0
1649.8424443070112	1651.7146407244113	BBF9	1.0
1650.3101383421986	1651.6481042415112	BBF3	1.0
1653.4131533313348	1654.9599498137723	BBF3	1.0
1654.4423432029694	1656.3326761335406	BBF9	1.0
1657.9608918994945	1659.2280153805614	BBF3	1.0
1661.440790301202	1663.002821099059	BBF3	1.0
1664.615705707853	1666.6907070654088	BBF9	1.0
1665.473453506614	1667.0369812246727	BBF3	1.0
1668.6369807051428	1670.1435606230716	BBF9	1.0
1668.865413211755	1670.259574863505	BBF3	1.0
1673.0865186219526	1674.7222386707303	BBF3	1.0
1674.2358475431524	1676.0499762257523	BBF9	1.0
1677.3245158636832	1679.0617948987601	BBF3	1.0
1680.1599597576442	1681.7684184298942	BBF9	1.0
1683.011137102329	1684.6078041084197	BBF3	1.0
1685.7820584082597	1687.672391338831	BBF9	1.0
1686.7046043361265	1688.2681320541851	BBF3	1.0
1689.5688438630132	1691.664599383104	BBF9	1.0
1690.9759610019341	1692.5227574843716	BBF3	1.0
1695.209628227784	1696.325811006117	BBF3	1.0
1695.7949696413802	1697.60909832398	BBF9	1.0
1698.0739497565255	1699.6359805543825	BBF3	1.0
1701.2312137911495	1702.8396724633994	BBF9	1.0
1702.5175191365674	1704.2547981716443	BBF3	1.0
1707.4834962351538	1709.0801632412445	BBF3	1.0
1709.7108253922843	1711.78582674984	BBF9	1.0
1711.6292247634374	1713.2649448122152	BBF3	1.0
1714.0087107243662	1715.4641004138994	BBF9	1.0
1715.762390479069	1717.156552130819	BBF3	1.0
1719.0803961703778	1720.4395335763775	BBF9	1.0
1719.3804808309524	1720.944008549011	BBF3	1.0
1722.8135677019832	1724.6857641193833	BBF9	1.0
1723.7774612722837	1725.3242577547212	BBF3	1.0
1725.6478488398966	1727.4619775224965	BBF9	1.0
1727.8603757323053	1729.198341631618	BBF3	1.0
1728.8747973389322	1730.444645220086	BBF9	1.0
1732.4583655550741	1734.0203963529311	BBF3	1.0
1736.784976141355	1738.393434813605	BBF9	1.0
1737.254359919364	1738.890079968142	BBF3	1.0
1743.2450717655952	1744.982350800672	BBF3	1.0
1744.1618840176989	1746.0522169482701	BBF9	1.0
1747.5337410229236	1749.1304080290142	BBF3	1.0
1748.1258612602405	1750.2216167803313	BBF9	1.0
1752.0061027081683	1753.569630426227	BBF3	1.0
1753.440790388066	1755.5157917456218	BBF9	1.0
1756.360096980689	1757.754258632439	BBF3	1.0
1756.9070485140824	1758.4136284320111	BBF9	1.0
1760.4860009715212	1762.121721020299	BBF3	1.0
1760.7278858747286	1762.5420145573285	BBF9	1.0
1764.3176591574957	1765.6556250568083	BBF3	1.0
1765.1905145212977	1767.0627109386978	BBF9	1.0
1767.9741729913162	1769.5362037891732	BBF3	1.0
1771.1631439096036	1772.7716025818536	BBF9	1.0
1772.11916211762	1773.8564411526968	BBF3	1.0
1776.7925288223032	1778.05965230337	BBF3	1.0
1776.8158110089998	1778.7061439395711	BBF9	1.0
1780.2221769684015	1781.768973450839	BBF3	1.0
1783.978458272461	1785.5419859905196	BBF3	1.0
1784.7793164141776	1786.8543177717333	BBF9	1.0
1788.1744370563547	1789.7711040624454	BBF3	1.0
1790.1625924463397	1791.9767211289395	BBF9	1.0
1792.5175157101771	1794.153235758955	BBF3	1.0
1797.0453793148868	1798.7826583499636	BBF3	1.0
1797.742233023666	1799.8379885437566	BBF9	1.0
1801.4784567882189	1802.8726184399688	BBF3	1.0
1802.5467375899457	1804.437070520517	BBF9	1.0
1805.9508174744642	1807.5128482723212	BBF3	1.0
1809.363085144973	1810.9329330261266	BBF9	1.0
1809.7447872184812	1811.3083149365398	BBF3	1.0
1814.1447437919496	1816.0169402093497	BBF9	1.0
1814.5763383997873	1816.2120584485651	BBF3	1.0
1817.0650314439126	1818.8791601265125	BBF9	1.0
1819.31765027659	1820.9143172826807	BBF3	1.0
1822.826520970163	1824.434979642413	BBF9	1.0
1823.0747900886267	1824.8120691237036	BBF3	1.0
1827.5839817058527	1829.1307781882902	BBF3	1.0
1827.9208978857077	1829.811230816279	BBF9	1.0
1832.295036851493	1833.5621603325599	BBF3	1.0
1834.8889650598344	1836.96396641739	BBF9	1.0
1835.7372468122435	1837.2992776101005	BBF3	1.0
1839.8627151460878	1841.4262428641464	BBF3	1.0
1842.2125463324232	1844.308301852514	BBF9	1.0
1844.6442817417774	1846.0384433935274	BBF3	1.0
1846.6072702378997	1848.497603168471	BBF9	1.0
1849.2435197425116	1850.8792397912894	BBF3	1.0
1851.8647420396846	1853.7369384570848	BBF9	1.0
1853.0613659368678	1854.3993318361804	BBF3	1.0
1856.3797650005072	1858.454766358063	BBF9	1.0
1856.7667392703365	1858.3287700681935	BBF3	1.0
1860.2015367817562	1861.708116699685	BBF9	1.0
1860.760547167824	1862.4978262029008	BBF3	1.0
1863.7609747816691	1865.575103464269	BBF9	1.0
1866.0010640718137	1867.5977310779044	BBF3	1.0
1867.5977310779044	1869.4880640084757	BBF9	1.0
1869.5345527960285	1870.9287144477785	BBF3	1.0
1873.692001169988	1875.429280205065	BBF3	1.0
1874.3524905043214	1876.4274918618771	BBF9	1.0
1878.730700668562	1880.292731466419	BBF3	1.0
1879.0452707369896	1880.6151186181432	BBF9	1.0
1883.3285212643354	1884.892048982394	BBF3	1.0
1884.8756942187724	1886.4841528910224	BBF9	1.0
1887.9257467581256	1889.2637126574382	BBF3	1.0
1890.7061181447848	1892.5202468273847	BBF9	1.0
1891.4189723024647	1892.9657687849021	BBF3	1.0
1895.3277956468069	1897.199992064207	BBF9	1.0
1895.4516355078767	1897.1889145429536	BBF3	1.0
1899.6117351782582	1901.5020681088295	BBF9	1.0
1899.8737459385125	1901.4704129446031	BBF3	1.0
1903.8601228991565	1905.4685815714065	BBF9	1.0
1904.2204794862341	1905.856199535012	BBF3	1.0
1908.777139153147	1910.3406668712055	BBF3	1.0
1911.0687147948274	1912.8828434774273	BBF9	1.0
1914.2330410241766	1915.7950718220336	BBF3	1.0
1915.4320923378737	1916.9386722558024	BBF9	1.0
1918.8080985235802	1920.545377558657	BBF3	1.0
1923.2178413606644	1925.29284271822	BBF9	1.0
1923.2656997292338	1924.6598613809838	BBF3	1.0
1926.8796315517284	1928.449479432882	BBF9	1.0
1930.0000485618875	1931.6357686106653	BBF3	1.0
1931.6357686106653	1933.710769968221	BBF9	1.0
1934.2144998099147	1935.7210797278435	BBF9	1.0
1939.0931804571433	1940.7016391293932	BBF9	1.0
1939.489727613995	1941.2270066490719	BBF3	1.0
1943.2460089170545	1944.5839748163671	BBF3	1.0
1946.8012852006768	1948.3633159985338	BBF3	1.0
1947.4798648078545	1949.2939934904543	BBF9	1.0
1950.353365273495	1951.9232131546487	BBF9	1.0
1953.8686132744633	1955.7589462050346	BBF9	1.0
1954.2259081102297	1955.7727045926672	BBF3	1.0
1956.4008808485005	1958.4966363685912	BBF9	1.0
1957.412919051042	1958.9764467691007	BBF3	1.0
1959.908884551984	1961.9838859095398	BBF9	1.0
1960.8293747545054	1962.426041760596	BBF3	1.0
1964.2996971344896	1965.7550868240228	BBF9	1.0
1964.3138465310867	1965.9495665798645	BBF3	1.0
1968.3116218164641	1970.048900851541	BBF3	1.0
1968.4349597783307	1970.2490884609306	BBF9	1.0
1972.1404784805154	1973.2566612588485	BBF3	1.0
1972.988395049077	1974.596853721327	BBF9	1.0
1974.954548754648	1976.516579552505	BBF3	1.0
1978.5475134792268	1980.1110411972854	BBF3	1.0
1978.5640300744808	1980.454363005052	BBF9	1.0
1981.7635937922346	1983.1577554439846	BBF3	1.0
1981.955874714935	1983.828071132335	BBF9	1.0
1985.482186654337	1987.1179067031148	BBF3	1.0
1987.1365689260392	1988.950697608639	BBF9	1.0
1989.6656026245782	1991.2123991070157	BBF3	1.0
1991.3879906329094	1992.8945705508381	BBF9	1.0
1993.27292117576	1994.6108870750727	BBF3	1.0
1996.243439467532	1997.851898139782	BBF9	1.0
1997.0148486522166	1998.5768794500736	BBF3	1.0
2000.632939004101	2002.3702180391779	BBF3	1.0
2003.5614604383745	2005.4517933689458	BBF9	1.0
2005.632937866746	2006.9000613478129	BBF3	1.0
2006.399899177577	2007.9697470587307	BBF9	1.0
2008.574778178342	2010.2104982271198	BBF3	1.0
2008.6027637738434	2010.6777651313992	BBF9	1.0
2012.4042944633757	2014.0009614694663	BBF3	1.0
2012.6218673546555	2014.7176228747462	BBF9	1.0
2016.2460301211677	2018.0601588037675	BBF9	1.0
2016.2987667176117	2017.8622944356703	BBF3	1.0
2019.475252073381	2020.930641762914	BBF9	1.0
2019.9922329524097	2021.3863946041597	BBF3	1.0
2023.7605361141368	2025.3962561629146	BBF3	1.0
2028.0575593632343	2029.395525262547	BBF3	1.0
2030.9517675006705	2032.5602261729205	BBF9	1.0
2031.0349462148465	2032.5969770127035	BBF3	1.0
2034.929266339087	2036.666545374164	BBF3	1.0
2035.2961164579642	2037.1864493885355	BBF9	1.0
2038.761075655057	2040.028199136124	BBF3	1.0
2039.8727835413165	2041.7449799587166	BBF9	1.0
2044.8443914389682	2046.658520121568	BBF9	1.0
2045.0550453308965	2046.6517123369872	BBF3	1.0
2048.791494913505	2050.3550226315638	BBF3	1.0
2052.6270486619273	2054.702050019483	BBF9	1.0
2053.497255153292	2054.891416805042	BBF3	1.0
2056.553224992316	2058.0598049102446	BBF9	1.0
2056.8255503351947	2058.4612703839725	BBF3	1.0
2060.9846921321073	2062.32265803142	BBF3	1.0
2063.2207552101945	2065.111088140766	BBF9	1.0
2064.3766518372486	2065.9386826351056	BBF3	1.0
2067.994280560145	2069.731559595222	BBF3	1.0
2072.304393939082	2074.4001494591726	BBF9	1.0
2072.9068013552105	2074.453597837648	BBF3	1.0
2076.997220085463	2078.8875530160344	BBF9	1.0
2077.0148414425366	2078.6115084486273	BBF3	1.0
2080.714310102399	2082.322768774649	BBF9	1.0
2080.9344393240776	2082.497967042136	BBF3	1.0
2085.107283004611	2086.7430030533887	BBF3	1.0
2089.4645888430396	2090.8587504947895	BBF3	1.0
2089.588862517833	2091.402991200433	BBF9	1.0
2094.0469111472426	2095.7841901823194	BBF3	1.0
2096.0441853693196	2097.6140332504733	BBF9	1.0
2098.8992619479727	2100.1663854290396	BBF3	1.0
2100.902755256882	2102.9777566144376	BBF9	1.0
2101.713331223105	2103.2601277055423	BBF3	1.0
2105.2935678393874	2106.7489575289205	BBF9	1.0
2106.0475019571736	2107.6441689632643	BBF3	1.0
2108.0349217268777	2109.925254657449	BBF9	1.0
2110.509758817699	2112.145478866477	BBF3	1.0
2111.9378662446597	2114.0336217647505	BBF9	1.0
2114.967962982336	2116.7052420174127	BBF3	1.0
2118.522374984982	2119.638557763315	BBF3	1.0
2121.499761837594	2123.061792635451	BBF3	1.0
2121.8810820399635	2123.6952107225634	BBF9	1.0
2125.4400988065613	2127.00362652462	BBF3	1.0
2125.900185620775	2127.508644293025	BBF9	1.0
2129.826361951164	2131.9013633087197	BBF9	1.0
2132.2786550123315	2133.6728166640814	BBF3	1.0
2133.1020475285886	2134.557437218122	BBF9	1.0
2135.4252287891736	2137.2393574717735	BBF9	1.0
2136.8642469784436	2138.4999670272214	BBF3	1.0
2138.724146179204	2140.5963425966042	BBF9	1.0
2140.94699648047	2142.2849623797824	BBF3	1.0
2143.4933126252954	2145.1017712975454	BBF9	1.0
2144.037448656954	2145.599479454811	BBF3	1.0
2149.681583951775	2151.4188629868518	BBF3	1.0
2151.083470485516	2153.179226005607	BBF9	1.0
2153.999758939287	2155.5465554217244	BBF3	1.0
2155.434152927884	2157.0040008090377	BBF9	1.0
2157.529909595604	2158.7970330766707	BBF3	1.0
2158.680273207628	2160.7552745651838	BBF9	1.0
2161.198611377087	2162.834331425865	BBF3	1.0
2162.6064495380165	2164.1130294559453	BBF9	1.0
2164.9670943198093	2166.5637613259	BBF3	1.0
2166.5558576810113	2168.4461906115826	BBF9	1.0
2168.7914903449846	2170.355018063043	BBF3	1.0
2173.17061168081	2174.56477333256	BBF3	1.0
2173.478937837554	2175.293066520154	BBF9	1.0
2177.5917996074713	2179.227519656249	BBF3	1.0
2178.194995796541	2180.0671922139413	BBF9	1.0
2181.330189558026	2183.067468593103	BBF3	1.0
2182.9575173807407	2184.847850311312	BBF9	1.0
2185.9973720428807	2187.3353379421933	BBF3	1.0
2186.2796665833766	2187.8881252556266	BBF9	1.0
2189.433904419788	2190.995935217645	BBF3	1.0
2190.926029104547	2192.740157787147	BBF9	1.0
2193.7063500775653	2195.342070126343	BBF3	1.0
2195.502696187899	2197.5776975454546	BBF9	1.0
2197.328900471326	2198.445083249659	BBF3	1.0
2200.497535898157	2202.0041158160857	BBF9	1.0
2200.8339255003384	2202.380721982776	BBF3	1.0
2204.5964425422258	2206.1599702602844	BBF3	1.0
2205.492375608414	2207.3827085389853	BBF9	1.0
2208.9153278267177	2210.5119948328083	BBF3	1.0
2209.1993578329475	2211.2951133530382	BBF9	1.0
2213.0252347909927	2214.6609548397705	BBF3	1.0
2215.133577839841	2216.947706522441	BBF9	1.0
2216.436939144587	2217.7749050438997	BBF3	1.0
2219.106217795442	2220.714676467692	BBF9	1.0
2219.4520144381568	2221.0140452360138	BBF3	1.0
2223.497370615218	2225.234649650295	BBF3	1.0
2224.1707529435166	2226.2457543010723	BBF9	1.0
2227.542465476286	2228.809588957353	BBF3	1.0
2228.143392899117	2229.59878258865	BBF9	1.0
2230.5449779562036	2232.091774438641	BBF3	1.0
2234.1836641766376	2236.073997107209	BBF9	1.0
2236.546905722124	2238.1104334401825	BBF3	1.0
2238.5977085717486	2240.4699049891487	BBF9	1.0
2242.942057529043	2245.0170588865985	BBF9	1.0
2244.296130886695	2245.690292538445	BBF3	1.0
2246.813004999212	2248.3828528803656	BBF9	1.0
2247.831735013862	2249.4674550626396	BBF3	1.0
2250.9802646906664	2252.7943933732663	BBF9	1.0
2252.0809608582813	2253.818239893358	BBF3	1.0
2254.76705014542	2256.8628056655107	BBF9	1.0
2256.801257637666	2258.1392235369785	BBF3	1.0
2259.6224989800426	2261.512831910614	BBF9	1.0
2260.174778617317	2261.736809415174	BBF3	1.0
2263.4789798726133	2265.0874385448633	BBF9	1.0
2264.1398900155987	2265.7034177336573	BBF3	1.0
2268.4344221457645	2269.7015456268314	BBF3	1.0
2268.891992209776	2270.3473818993093	BBF9	1.0
2271.1212078114186	2272.7569278601964	BBF3	1.0
2273.4454274805225	2275.0152753616762	BBF9	1.0
2275.004772722956	2276.601439729047	BBF3	1.0
2277.4412992487287	2279.5163006062844	BBF9	1.0
2278.459546496359	2280.196825531436	BBF3	1.0
2282.9570338099093	2284.5038302923467	BBF3	1.0
2285.642129098593	2287.5143255159933	BBF9	1.0
2287.2912045439784	2288.887871550069	BBF3	1.0
2291.3106913744205	2293.1248200570203	BBF9	1.0
2291.334974125083	2292.8985018431417	BBF3	1.0
2295.919968477212	2297.314130128962	BBF3	1.0
2299.0778630938294	2300.713583142607	BBF3	1.0
2303.90246473241	2305.9982202525007	BBF9	1.0
2307.529875155954	2309.091905953811	BBF3	1.0
2307.689119261544	2309.5794521921152	BBF9	1.0
2311.223362686752	2312.339545465085	BBF3	1.0
2311.6077753509308	2313.1143552688595	BBF9	1.0
2314.7912017840263	2316.3379982664637	BBF3	1.0
2315.77379004838	2317.38224872063	BBF9	1.0
2319.602759439885	2320.869882920952	BBF3	1.0
2322.0928430771705	2323.9069717597704	BBF9	1.0
2322.7852925318216	2324.34882024988	BBF3	1.0
2326.376709639935	2327.946557521089	BBF9	1.0
2330.7459742135416	2332.3816942623193	BBF3	1.0
2332.5239269371964	2334.598928294752	BBF9	1.0
2335.0173308793483	2336.355296778661	BBF3	1.0
2336.5894941432202	2338.4798270737915	BBF9	1.0
2338.3464765152276	2339.9085073130846	BBF3	1.0
2340.00457059628	2341.5111505142086	BBF9	1.0
2342.2434961253934	2343.9807751604703	BBF3	1.0
2348.0587617331967	2350.1545172532874	BBF9	1.0
2352.015417713504	2354.09041907106	BBF9	1.0
2354.7786348665336	2356.325431348971	BBF3	1.0
2355.826592703796	2357.3964405849497	BBF9	1.0
2358.321348336503	2359.58847181757	BBF3	1.0
2358.7526433692005	2360.5667720518004	BBF9	1.0
2360.9846648458065	2362.6203848945843	BBF3	1.0
2363.3757740777637	2364.9842327500137	BBF9	1.0
2364.740946148866	2366.3376131549567	BBF3	1.0
2367.301950408153	2368.808530326082	BBF9	1.0
2367.971049325486	2369.5345770435447	BBF3	1.0
2371.4604448645996	2373.350777795171	BBF9	1.0
2372.316321824248	2373.710483475998	BBF3	1.0
2374.9916803806886	2376.8638767980888	BBF9	1.0
2376.5248644207936	2378.2621434558705	BBF3	1.0
2378.8249294606535	2380.899930818209	BBF9	1.0
2381.8389346257477	2383.4009654236047	BBF3	1.0
2384.4720387025664	2386.567794222657	BBF9	1.0
2386.449487262169	2388.0852073109468	BBF3	1.0
2391.235918290724	2392.5738841900366	BBF3	1.0
2392.5738841900366	2394.4460806074367	BBF9	1.0
2394.4319553977466	2395.9939861956036	BBF3	1.0
2395.892180915973	2397.782513846544	BBF9	1.0
2399.130447730734	2400.693975448793	BBF3	1.0
2399.3604645851274	2400.8670445030557	BBF9	1.0
2402.612918349946	2404.221377022196	BBF9	1.0
2403.5023069057606	2404.7694303868275	BBF3	1.0
2408.288737935315	2409.8355344177526	BBF3	1.0
2412.3048185391863	2414.0420975742636	BBF3	1.0
2413.8411493800277	2415.4109972611814	BBF9	1.0
2416.8565768942344	2418.453243900325	BBF3	1.0
2418.1317691706536	2420.206770528209	BBF9	1.0
2421.22122686846	2422.784754586519	BBF3	1.0
2425.5427173919197	2427.1511760641697	BBF9	1.0
2425.7258706598122	2427.3615907085896	BBF3	1.0
2429.7837112155275	2431.12167711484	BBF3	1.0
2433.414364381064	2434.976395178921	BBF3	1.0
2434.976395178921	2436.7905238615213	BBF9	1.0
2436.798891398975	2438.3456878814122	BBF3	1.0
2440.5300470747316	2442.1267140808222	BBF3	1.0
2447.1730967969916	2448.67967671492	BBF9	1.0
2453.419785553584	2455.3101184841553	BBF9	1.0
2453.6456236018103	2455.2076543996673	BBF3	1.0
2456.6052245799146	2457.721407358248	BBF3	1.0
2459.8767792083872	2461.4235756908247	BBF3	1.0
2461.4235756908247	2462.9934235719784	BBF9	1.0
2464.573988070243	2466.1360188681	BBF3	1.0
2470.0011235980674	2471.268247079134	BBF3	1.0
