1796.861555107195	1798.5028867655951	frye1	1.0
1801.0200451030487	1802.733994582132	frye1	1.0
1803.9045333085214	1805.5574716471215	frye3	1.0
1805.1553033112161	1806.9298007988161	frye1	1.0
1808.5484960759227	1810.223678924256	frye3	1.0
1809.4531840331879	1811.1455702044957	frye1	1.0
1813.6800749339006	1815.6549493058099	frye3	1.0
1813.9136872689637	1815.640812478297	frye1	1.0
1818.8620580461527	1820.4876861867526	frye1	1.0
1818.997412302575	1820.2878436257417	frye3	1.0
1822.4629851375346	1824.2374826251346	frye1	1.0
1823.9432326498572	1825.3723783784408	frye3	1.0
1826.7376340718197	1828.3789657302198	frye1	1.0
1828.7032944864432	1830.3597632055971	frye3	1.0
1830.3385611632016	1832.052510642285	frye1	1.0
1833.8116535305846	1835.486836378918	frye3	1.0
1835.240468365018	1836.920173709927	frye1	1.0
1839.1201769086356	1840.8473021179689	frye1	1.0
1839.523727734488	1840.9884898229045	frye3	1.0
1843.8594615966476	1845.5831367910112	frye1	1.0
1846.2342539333824	1847.8871922719825	frye3	1.0
1847.5533158387746	1849.267265317858	frye1	1.0
1850.7853374454355	1852.0757687686023	frye3	1.0
1852.315832314473	1853.941460455073	frye1	1.0
1854.6862661700525	1856.115411898636	frye3	1.0
1855.9632229812273	1857.7377204688273	frye1	1.0
1859.0283713575723	1860.6848400767262	frye3	1.0
1860.9812891214754	1862.6226207798754	frye1	1.0
1864.5314672369427	1866.2066500852761	frye3	1.0
1864.9771566035247	1866.704281812858	frye1	1.0
1869.4144280516143	1871.1283775306977	frye1	1.0
1870.8008169729342	1872.4474982962674	frye3	1.0
1874.6415802810393	1876.3652554754028	frye1	1.0
1877.0469468950887	1878.5117089835053	frye3	1.0
1878.7536067015205	1880.4333120464296	frye1	1.0
1881.4819313379567	1883.1348696765567	frye3	1.0
1882.1919112790977	1883.9664087666977	frye1	1.0
1887.163513843973	1888.8604359545732	frye1	1.0
1888.0299188399922	1889.320350163159	frye3	1.0
1891.3684674151996	1893.082416894283	frye1	1.0
1893.0221788149481	1894.4513245435314	frye3	1.0
1895.782507075603	1897.408135216203	frye1	1.0
1897.5036028854904	1899.1600716046444	frye3	1.0
1899.47636131773	1901.25085880533	frye1	1.0
1903.472228799779	1905.113560458179	frye1	1.0
1904.33022815357	1905.7949902419866	frye3	1.0
1907.4680962818286	1909.1952214911619	frye1	1.0
1909.276048500852	1910.9227298241854	frye3	1.0
1912.1376856067816	1913.9121830943816	frye1	1.0
1913.0840979701209	1914.7592808184543	frye3	1.0
1916.6678842056167	1918.3475895505258	frye1	1.0
1920.2590204457556	1921.8836184358556	frye3	1.0
1920.2688112969981	1921.9657334075982	frye1	1.0
1924.3343741421068	1926.04832362119	frye1	1.0
1925.2702475455787	1926.6508060650785	frye3	1.0
1927.9447788258044	1929.409540914221	frye3	1.0
1928.8413409532552	1930.5650161476187	frye1	1.0
1931.3510603948935	1932.780206123477	frye3	1.0
1932.7675130722455	1934.4946382815788	frye1	1.0
1935.6769768335273	1937.3334455526813	frye3	1.0
1937.2280163080218	1938.8536444486217	frye1	1.0
1940.183660812892	1941.8303421362252	frye3	1.0
1940.736016248658	1942.510513736258	frye1	1.0
1945.4520691489838	1947.093400807384	frye1	1.0
1946.7063884061047	1947.9968197292715	frye3	1.0
1949.2388505418562	1950.9528000209395	frye1	1.0
1951.214009535463	1952.6431552640465	frye3	1.0
1953.072095510101	1954.7644816814088	frye1	1.0
1955.9478743132331	1957.9227486851423	frye3	1.0
1957.2305855059549	1958.9577107152882	frye1	1.0
1962.1557244954574	1963.9302219830574	frye1	1.0
1966.6859230942925	1968.3272547526926	frye1	1.0
1967.0237255134846	1968.698908361818	frye3	1.0
1970.472704487165	1972.1866539662483	frye1	1.0
1972.8054591588989	1974.458397497499	frye3	1.0
1974.9796712983134	1976.6765934089135	frye1	1.0
1979.324015595658	1981.098513083258	frye1	1.0
1981.1645921402207	1982.593737868804	frye3	1.0
1983.8309824068065	1985.55465760117	frye1	1.0
1986.1104124875033	1987.5751745759198	frye3	1.0
1988.0591677657194	1989.7862929750527	frye1	1.0
1991.7528272498955	1993.399508573229	frye3	1.0
1992.1247306108276	1993.838680089911	frye1	1.0
1996.1413720650892	1997.7978407842431	frye3	1.0
1996.538770271231	1998.21847561614	frye1	1.0
2000.0700019995536	2001.7971272088869	frye1	1.0
2002.5268208702657	2004.2020037185991	frye3	1.0
2004.3678827215253	2006.1423802091253	frye1	1.0
2008.3637502035745	2009.9893783441744	frye1	1.0
2008.8193904200946	2010.4723287586946	frye3	1.0
2011.6626640550342	2013.3766135341175	frye1	1.0
2015.4370373636407	2016.7274686868075	frye3	1.0
2016.541339469164	2018.233725640472	frye1	1.0
2020.653365889645	2022.3804910989784	frye1	1.0
2022.3101022593944	2023.7392479879777	frye3	1.0
2024.626001584008	2025.8948458050081	frye1	1.0
2027.372021675862	2028.8367837642786	frye3	1.0
2027.6693657709177	2029.4438632585177	frye1	1.0
2032.4783458219888	2034.175267932589	frye1	1.0
2036.0562320509018	2037.7029133742353	frye3	1.0
2037.1247033592554	2038.7660350176554	frye1	1.0
2041.280690164228	2042.937158883382	frye3	1.0
2041.3761205058545	2043.0900699849378	frye1	1.0
2046.5980275329023	2048.2732103812355	frye3	1.0
2046.7194316737111	2048.4431068680747	frye1	1.0
2050.5759084296424	2052.3030336389756	frye1	1.0
2052.9602565242417	2054.935130896151	frye3	1.0
2055.895987809813	2057.521615950413	frye1	1.0
2059.33429238739	2061.10878987499	frye1	1.0
2059.531463840114	2060.8218951632807	frye3	1.0
2064.6776035552466	2066.3745256658467	frye1	1.0
2065.0809993471585	2066.7339376857585	frye3	1.0
2069.1148750033362	2070.756206661736	frye1	1.0
2070.978832061758	2072.4435941501747	frye3	1.0
2073.203669636131	2074.917619115214	frye1	1.0
2075.994311850551	2077.4234575791347	frye3	1.0
2078.012649687202	2079.7397748965354	frye1	1.0
2080.916912383996	2082.57338110315	frye3	1.0
2082.868093313646	2084.3512301518	frye1	1.0
2083.91226836897	2085.2928268884702	frye3	1.0
2086.4922521927137	2088.2667496803138	frye1	1.0
2086.5825469602255	2088.257729808559	frye3	1.0
2091.0921461546077	2092.7845323259153	frye1	1.0
2091.180070099953	2093.154944471862	frye3	1.0
2095.1809407874025	2096.8948902664856	frye1	1.0
2096.188658822794	2097.8353401461272	frye3	1.0
2099.804066536983	2101.0597482069834	frye1	1.0
2101.5128872574196	2102.803318580586	frye3	1.0
2104.0090201082094	2105.7361453175427	frye1	1.0
2105.924651886451	2107.577590225051	frye3	1.0
2108.097814741004	2109.723442881604	frye1	1.0
2111.1644107156	2112.9389082032	frye1	1.0
2111.3580883243103	2112.822850412727	frye3	1.0
2115.5784503760033	2117.2753724866034	frye1	1.0
2117.464899363443	2118.8940450920263	frye3	1.0
2119.551086070366	2121.2650355494493	frye1	1.0
2121.992763061659	2123.649231780813	frye3	1.0
2124.1045164568877	2125.7458481152876	frye1	1.0
2127.426199499518	2129.1013823478515	frye3	1.0
2128.6811786310955	2130.4083038404287	frye1	1.0
2133.257840805303	2135.032338292903	frye1	1.0
2133.622677452021	2135.2693587753542	frye3	1.0
2137.857734767197	2139.581409961561	frye1	1.0
2139.175425301043	2140.4658566242097	frye3	1.0
2141.5748207970105	2143.2887702760936	frye1	1.0
2143.726508813096	2145.351106803196	frye3	1.0
2147.289840567849	2149.016965777182	frye1	1.0
2147.8181115763746	2149.1986700958746	frye3	1.0
2151.5180259267613	2153.1977312716704	frye1	1.0
2153.014434347898	2154.4791964363144	frye3	1.0
2155.1886483812023	2156.9631458688023	frye1	1.0
2157.5896876297816	2159.018833358365	frye3	1.0
2159.8350059184686	2161.5319280290687	frye1	1.0
2162.7203165317665	2164.010747854933	frye3	1.0
2164.3419727296177	2166.055922208701	frye1	1.0
2168.709548814648	2170.3508804730477	frye1	1.0
2172.2404402049383	2173.8969089240923	frye3	1.0
2173.030661324306	2174.7577865336393	frye1	1.0
2177.444700984709	2179.070329125309	frye1	1.0
2179.4247175775076	2180.853863306091	frye3	1.0
2181.0920916514638	2182.8665891390638	frye1	1.0
2186.667720696184	2188.080221034684	frye1	1.0
2188.395661227535	2190.3705355994443	frye3	1.0
2190.152488849134	2191.866438328217	frye1	1.0
2194.3806742080465	2196.0603795529555	frye1	1.0
2194.5779011161376	2195.868332439304	frye3	1.0
2197.609892696447	2199.33701790578	frye1	1.0
2198.153752447037	2199.5828981756204	frye3	1.0
2201.721919116928	2203.496416604528	frye1	1.0
2203.7265077679176	2205.3794461065177	frye3	1.0
2206.5076673803123	2208.148999038712	frye1	1.0
2208.90452625357	2210.5797091019035	frye3	1.0
2210.8752434653434	2212.5891929444265	frye1	1.0
2215.0113372927026	2216.658018616036	frye3	1.0
2215.4054420641783	2217.031070204778	frye1	1.0
2218.6431895314226	2220.3401116420227	frye1	1.0
2223.0686126941437	2224.7250814132976	frye3	1.0
2223.4668723913355	2225.1082040497354	frye1	1.0
2228.0376528552624	2229.502414943679	frye3	1.0
2228.113229928603	2229.827179407686	frye1	1.0
2232.8905939471965	2234.5435322857966	frye3	1.0
2233.0383689181053	2234.7180742630144	frye1	1.0
2236.4534417079963	2238.1805669173295	frye1	1.0
2239.0670644278403	2240.357495751007	frye3	1.0
2241.0068720945173	2242.730547288881	frye1	1.0
2244.779138631744	2246.2082843603275	frye3	1.0
2244.8168852750764	2246.5308347541595	frye1	1.0
2249.254156723166	2251.028654210766	frye1	1.0
2249.7400336559203	2251.3646316460204	frye3	1.0
2253.7146599589423	2255.3402880995422	frye1	1.0
2257.5732560559336	2259.248438904267	frye3	1.0
2257.966077105541	2259.662999216141	frye1	1.0
2262.2407260398263	2263.9546755189094	frye1	1.0
2262.4494169617046	2264.096098285038	frye3	1.0
2265.6769710850485	2267.3334398042025	frye3	1.0
2267.0961696662703	2268.579306504424	frye1	1.0
2270.3021563669845	2272.0292815763178	frye1	1.0
2272.0392000763877	2273.5039621648043	frye3	1.0
2275.227295356487	2276.868627014887	frye1	1.0
2278.9354847859786	2280.5884231245786	frye3	1.0
2279.153467475477	2280.927964963077	frye1	1.0
2283.3704692288466	2284.660900552013	frye3	1.0
2284.2412289787844	2285.933615150092	frye1	1.0
2288.422950762324	2290.1500759716573	frye1	1.0
2290.2899737522744	2291.719119480858	frye3	1.0
2292.8602222104137	2294.574171689497	frye1	1.0
2294.2141222907285	2296.1889966626377	frye3	1.0
2297.0884075693266	2298.7140357099265	frye1	1.0
2298.5330076644113	2300.2081905127447	frye3	1.0
2300.851957174513	2302.626454662113	frye1	1.0
2303.5925802058946	2304.9731387253946	frye3	1.0
2305.2427650472296	2306.9664402415933	frye1	1.0
2309.0980229602483	2310.7544916794022	frye3	1.0
2310.2608311874774	2311.6628412380774	frye1	1.0
2314.187003306468	2315.866708651377	frye1	1.0
2315.762109531469	2317.2268716198855	frye3	1.0
2318.2422614235093	2319.9391835341094	frye1	1.0
2321.5206233630465	2322.94976909163	frye3	1.0
2323.1312415657067	2324.7725732241065	frye1	1.0
2326.2806851996324	2328.2555595715417	frye3	1.0
2327.0574136846967	2328.77136316378	frye1	1.0
2329.5546789506507	2331.201360273984	frye3	1.0
2331.332062618982	2333.0591878283153	frye1	1.0
2333.618146372126	2334.9085776952925	frye3	1.0
2336.001651943935	2337.627280084535	frye1	1.0
2338.285328953364	2339.938267291964	frye3	1.0
2339.9045922752393	2341.6790897628393	frye1	1.0
2344.6011183170294	2346.065880405446	frye3	1.0
2345.062049141605	2346.7033808000047	frye1	1.0
2349.1973073497725	2350.8942294603726	frye1	1.0
2351.8457002341756	2353.820574606085	frye3	1.0
2353.6578105855483	2355.3849357948816	frye1	1.0
2357.498359025496	2358.878917544996	frye3	1.0
2357.6072144922255	2359.3211639713086	frye1	1.0
2361.6030819742746	2363.295468145582	frye1	1.0
2362.341056088502	2363.9975248076557	frye3	1.0
2365.5524858809513	2367.3269833685513	frye1	1.0
2368.308548244612	2369.9837310929456	frye3	1.0
2370.0594526921	2371.739158037009	frye1	1.0
2373.3815983312456	2375.108723540579	frye1	1.0
2375.065514071181	2376.718452409781	frye3	1.0
2378.1905783823167	2379.8319100407166	frye1	1.0
2381.4277430625207	2382.8925051509373	frye3	1.0
2382.697545193465	2384.411494672548	frye1	1.0
2387.5994523952813	2389.291838566589	frye1	1.0
2388.5794457243182	2390.2261270476515	frye3	1.0
2391.6417834527037	2393.4162809403037	frye1	1.0
2393.5252660716	2395.181734790754	frye3	1.0
2396.009359537735	2397.6349876783347	frye1	1.0
2398.9354826956223	2400.6106655439557	frye3	1.0
2399.6799819921753	2401.4071072015086	frye1	1.0
2404.3728031048145	2406.0867525838976	frye1	1.0
2405.994306102072	2407.4234518306557	frye3	1.0
2408.5777566760407	2410.2190883344406	frye1	1.0
2410.9865660770283	2412.276997400195	frye3	1.0
2411.853438739814	2413.627936227414	frye1	1.0
2416.0252656796583	2417.6498636697584	frye3	1.0
2416.6159552155123	2418.3128773261124	frye1	1.0
2420.8209087867385	2422.5348582658216	frye1	1.0
2422.875110761575	2424.3398728499915	frye3	1.0
2425.4672663240053	2426.950403162159	frye1	1.0
2428.7497236623376	2430.4061923814916	frye3	1.0
2429.648988107545	2431.376113316878	frye1	1.0
2433.7884232649676	2435.463606113301	frye3	1.0
2434.016564192576	2435.7089503638836	frye1	1.0
2437.8265773731346	2439.5405268522177	frye1	1.0
2439.5440578805656	2441.5316854765656	frye3	1.0
2442.2870806089104	2443.9127087495103	frye1	1.0
2445.8859462740475	2447.176377597214	frye3	1.0
2445.9344712756647	2447.7089687632647	frye1	1.0
2450.460249599938	2451.8893953285215	frye3	1.0
2451.068696354345	2452.7100280127447	frye1	1.0
2454.8255746012946	2456.4820433204486	frye3	1.0
2455.2968817132573	2457.0240069225906	frye1	1.0
2460.0129346135827	2461.692639958492	frye1	1.0
2460.375110108339	2462.0502929566724	frye3	1.0
2463.6835570680237	2465.4580545556237	frye1	1.0
2467.1552957487443	2468.8019770720775	frye3	1.0
2468.1905238791724	2469.8874459897725	frye1	1.0
2471.4277414947533	2472.89250358317	frye3	1.0
2473.4409078962835	2475.0822395546834	frye1	1.0
2477.227689289156	2478.941638768239	frye1	1.0
2477.650651603071	2479.303589941671	frye3	1.0
2482.036669340227	2483.760344534591	frye1	1.0
2482.712571019538	2484.0030023427043	frye3	1.0
2486.613331514435	2488.340456723768	frye1	1.0
2488.8890415001815	2490.318187228765	frye3	1.0
2491.5384705039373	2493.3129679915373	frye1	1.0
2493.834861847464	2495.809736219373	frye3	1.0
2496.6262320072447	2498.2518601478446	frye1	1.0
2499.1304441562907	2500.5110026757907	frye3	1.0
2500.8079537907843	2502.5219032698674	frye1	1.0
2503.819381797376	2505.47585051653	frye3	1.0
2505.036139149697	2506.810636637297	frye1	1.0
2508.7187625169845	2510.393945365318	frye3	1.0
2509.7986556253954	2511.4399872837953	frye1	1.0
2513.864218470504	2515.561140581104	frye1	1.0
2515.4060689020416	2516.870830990458	frye3	1.0
2518.464112432398	2520.143817777307	frye1	1.0
2520.909164781412	2522.562103120012	frye3	1.0
2521.6468673454256	2523.373992554759	frye1	1.0
2525.9679798550837	2527.681929334167	frye1	1.0
2526.8998767513594	2528.190308074526	frye3	1.0
2530.289092364742	2532.0127675591057	frye1	1.0
2533.053127418166	2535.028001790075	frye3	1.0
2534.981913477381	2536.756410964981	frye1	1.0
2538.324025159166	2539.7887872475826	frye3	1.0
2539.6747345900203	2541.31606624842	frye1	1.0
2543.8099927981875	2545.5239422772706	frye1	1.0
2545.3364089379415	2546.765554666525	frye3	1.0
2549.0139132399263	2550.7410384492596	frye1	1.0
2550.816285003475	2552.472753722629	frye3	1.0
2556.598018648889	2558.2732014972225	frye3	1.0
2562.1166414950185	2563.7422696356184	frye1	1.0
2565.0206149558107	2566.7951124434107	frye1	1.0
2566.4432197157794	2568.0678177058794	frye3	1.0
2569.295263890096	2570.992186000696	frye1	1.0
2572.294612802705	2573.7593748911218	frye3	1.0
2573.63960818744	2575.319313532349	frye1	1.0
2576.9617538265857	2578.688879035919	frye1	1.0
2579.028358815436	2580.681297154036	frye3	1.0
2582.0495153298925	2583.7634648089756	frye1	1.0
2586.690897381648	2587.9813287048146	frye3	1.0
2586.835263593278	2588.5589387876416	frye1	1.0
2590.598813198464	2592.373310686064	frye1	1.0
2592.6351697239215	2594.064315452505	frye3	1.0
2595.2451707357304	2596.9722959450637	frye1	1.0
2597.5113306296926	2599.486205001602	frye3	1.0
2599.8450646976244	2601.5247700425334	frye1	1.0
2603.0840859505743	2604.7592687989077	frye3	1.0
2603.3298328505743	2605.1043303381743	frye1	1.0
2607.906495024782	2609.620444503865	frye1	1.0
2609.2837762450545	2610.9367145836545	frye3	1.0
2613.0407201034614	2614.764395297825	frye1	1.0
2615.715664677905	2617.1804267663215	frye3	1.0
2617.1527465239424	2618.8798717332756	frye1	1.0
2621.1723209296015	2622.8190022529348	frye3	1.0
2621.6364815474044	2623.2621096880043	frye1	1.0
2625.3767993649044	2627.1512968525044	frye1	1.0
2625.955602580025	2627.6120712991788	frye3	1.0
2630.2554747790346	2631.8968064374344	frye1	1.0
2633.9432185399546	2635.618401388288	frye3	1.0
2635.2270773439104	2636.9239994545105	frye1	1.0
2639.081679858884	2641.069307454884	frye3	1.0
2639.8269713058044	2641.5409207848875	frye1	1.0
2643.9389977262854	2645.662672920649	frye1	1.0
2646.5980170811226	2647.888448404289	frye3	1.0
2649.235845318769	2650.7189821569227	frye1	1.0
2651.5670572422414	2653.1916552323414	frye3	1.0
2652.4418320194827	2654.168957228816	frye1	1.0
2655.932382243598	2657.3971443320147	frye3	1.0
2658.7841100578526	2660.4097381984525	frye1	1.0
2662.3178310487747	2663.9742997679286	frye3	1.0
2662.3850371492335	2664.1595346368335	frye1	1.0
2667.3798715017956	2669.0212031601955	frye1	1.0
2669.446313896736	2671.121496745069	frye3	1.0
2671.143421106982	2672.857370586065	frye1	1.0
2675.3441466113345	2676.773292339918	frye3	1.0
2675.4413018289533	2677.164977023317	frye1	1.0
2679.6694871878663	2681.3966123971995	frye1	1.0
2680.4525056554767	2681.7429369786432	frye3	1.0
2684.4087718758783	2686.1832693634783	frye1	1.0
2686.1413600455426	2687.7942983841426	frye3	1.0
2689.217751926949	2690.914674037549	frye1	1.0
2692.1088522016535	2693.57361429007	frye3	1.0
2693.957036614961	2695.63674195987	frye1	1.0
2697.465036555597	2699.1921617649305	frye1	1.0
2699.8178303955383	2701.4645117188716	frye3	1.0
2701.94877157906	2703.59010323746	frye1	1.0
2704.740430928984	2706.4156137773175	frye3	1.0
2706.3860430271498	2708.099992506233	frye1	1.0
2710.2522366912926	2712.227111063202	frye3	1.0
2711.1020959274747	2712.8257711218384	frye1	1.0
2715.026808458777	2716.683277177931	frye3	1.0
2715.237354135642	2717.011851623242	frye1	1.0
2720.1857249128316	2721.8826470234317	frye1	1.0
2722.4107092589447	2723.7011405821113	frye3	1.0
2724.9250096008436	2726.6389590799267	frye1	1.0
2729.0138042336384	2730.6551358920383	frye1	1.0
2729.701730803765	2731.1308765323483	frye3	1.0
2733.427843894042	2735.154969103375	frye1	1.0
2735.78532202906	2737.441790748214	frye3	1.0
2737.8883471298177	2739.5680524747268	frye1	1.0
2741.2104927689634	2742.9849902565634	frye1	1.0
2742.7744859939985	2744.449668842332	frye3	1.0
2746.507340361447	2748.1997265327545	frye1	1.0
2749.647550889752	2751.300489228352	frye3	1.0
2750.5961349942418	2752.323260203575	frye1	1.0
2755.219260743822	2756.933210222905	frye1	1.0
2755.615043045863	2757.0798051342795	frye3	1.0
2759.586836828853	2761.212464969453	frye1	1.0
2763.2574592832934	2765.0319567708934	frye1	1.0
2764.8100893253168	2766.434687315417	frye3	1.0
2767.7876578821288	2769.484579992729	frye1	1.0
2769.9416681832954	2771.232099506462	frye3	1.0
2773.293591563789	2774.973296908698	frye1	1.0
2775.351884807317	2777.0048231459173	frye3	1.0
2776.8480550797985	2778.575180289132	frye1	1.0
2780.437024037621	2782.1122068859545	frye3	1.0
2781.3085583155753	2782.949889973975	frye1	1.0
2785.350889372997	2787.06483885208	frye1	1.0
2788.099562603834	2789.746243927167	frye3	1.0
2790.624505177794	2792.348180372158	frye1	1.0
2793.1847018341377	2794.8411705532917	frye3	1.0
2794.829458749021	2796.603956236621	frye1	1.0
2799.221853431759	2800.6866155201756	frye3	1.0
2799.4990480739734	2801.1246762145734	frye1	1.0
2803.4716837683363	2805.1988089776696	frye1	1.0
2805.8627201891422	2807.2918659177258	frye3	1.0
2807.9554187917993	2809.6693682708824	frye1	1.0
2811.505134951535	2813.129732941635	frye3	1.0
2812.555312753693	2814.278987948057	frye1	1.0
2816.737034537233	2818.511532024833	frye1	1.0
2818.3781998472887	2819.6686311704552	frye3	1.0
2821.890864030048	2823.5321956884477	frye1	1.0
2823.324020194571	2824.976958533171	frye3	1.0
2825.983286036394	2827.697235515477	frye1	1.0
2828.037642403483	2829.5024044918996	frye3	1.0
2830.9084250258966	2832.6053471364967	frye1	1.0
2835.299232898614	2836.7823697367676	frye1	1.0
2836.4896546401524	2838.1461233593063	frye3	1.0
2843.7556036164387	2845.5301011040387	frye1	1.0
2850.121113442495	2851.8447886368585	frye1	1.0
2851.048477915955	2852.6951592392884	frye3	1.0
2854.14021271223	2855.854162191313	frye1	1.0
2854.4617905499945	2856.136973398328	frye3	1.0
2858.623947735692	2860.3510729450254	frye1	1.0
2860.7543600998233	2862.7292344717325	frye3	1.0
2863.5258549375085	2865.1671865959083	frye1	1.0
2866.9076107666297	2868.198042089796	frye3	1.0
2867.1500138165766	2868.9245113041766	frye1	1.0
2872.0983845937662	2873.7953067043663	frye1	1.0
2872.248167949141	2873.901106287741	frye3	1.0
2876.675046767973	2878.300674908573	frye1	1.0
2880.955598138018	2882.6307809863515	frye3	1.0
2881.4375632436722	2883.1646884530055	frye1	1.0
2886.037457205566	2887.717162550475	frye1	1.0
2888.4788178212075	2889.943579909624	frye3	1.0
2889.150516755534	2890.9250142431342	frye1	1.0
2894.098887532723	2895.8225627270867	frye1	1.0
2896.67541210567	2898.1045578342537	frye3	1.0
2898.582622556186	2900.296572035269	frye1	1.0
2903.0431257919618	2904.770251001295	frye1	1.0
2904.4772695549045	2906.1337382740585	frye3	1.0
2907.689483329229	2909.315111469829	frye1	1.0
2909.933925806601	2911.6091086549345	frye3	1.0
2911.6156554482195	2913.3296049273026	frye1	1.0
2916.052926896309	2917.776602090673	frye1	1.0
2920.3131825917426	2922.288056963652	frye3	1.0
2920.629589070516	2922.404086558116	frye1	1.0
2925.972900238373	2927.6142318967727	frye1	1.0
2929.4385694296852	2930.729000752852	frye3	1.0
2930.0384630834815	2931.7524125625646	frye1	1.0
2933.9432133140645	2935.5961516526645	frye3	1.0
2935.102992799102	2936.7999149097022	frye1	1.0
2939.935204637859	2941.709702125459	frye1	1.0
2942.6506435029414	2944.115405591358	frye3	1.0
2945.525361088018	2947.150989228618	frye1	1.0
2949.40760932951	2951.0640780486638	frye3	1.0
2949.553164740001	2951.2802899493345	frye1	1.0
2954.245985852641	2955.959935331724	frye1	1.0
2956.8868029470086	2958.533484270342	frye3	1.0
2958.6832573007305	2960.375643472038	frye1	1.0
2961.3193738278933	2962.9945566762267	frye3	1.0
2963.492237351801	2965.17194269671	frye1	1.0
2966.86084656632	2968.63534405392	frye1	1.0
2971.814729682221	2973.78960405413	frye3	1.0
2971.8583381914423	2973.499669849842	frye1	1.0
2975.433376222577	2977.14732570166	frye1	1.0
2977.9912001628636	2979.420345891447	frye3	1.0
2980.8231509658062	2982.5200730764063	frye1	1.0
2983.494296042234	2984.7847273654006	frye3	1.0
2985.539203866132	2987.164832006732	frye1	1.0
2989.140130957514	2990.8672561668473	frye1	1.0
2990.0887231719435	2991.7416615105435	frye3	1.0
2993.275389165681	2995.049886653281	frye1	1.0
2995.4525001682914	2996.917262256708	frye3	1.0
2998.0611374290656	2999.7024690874655	frye1	1.0
3002.359018151037	3004.0729676301203	frye1	1.0
3005.019063469138	3006.675532188292	frye3	1.0
3007.1447664144216	3008.6279032525754	frye1	1.0
3010.536607416627	3012.26373262596	frye1	1.0
3010.940115997574	3012.6152988459075	frye3	1.0
3015.1365013785207	3016.9109988661207	frye1	1.0
3019.7363953404147	3021.3777269988145	frye1	1.0
3022.550022916077	3024.5248972879863	frye3	1.0
3024.5248972879863	3026.166228946386	frye1	1.0
3028.0096654409363	3029.7841629285363	frye1	1.0
3032.2843143752216	3033.9982638543047	frye1	1.0
3032.3489806019916	3034.0054493211455	frye3	1.0
3036.4691997002537	3037.881700038754	frye1	1.0
3041.5073340866957	3043.1870394316047	frye1	1.0
3042.830135815992	3044.5053186643254	frye3	1.0
3046.5950955900025	3048.322220799336	frye1	1.0
3051.380988894992	3053.355863266901	frye3	1.0
3052.0777974839775	3053.7034256245774	frye1	1.0
3055.7019563630456	3057.3988784736457	frye1	1.0
3059.976605297331	3061.690554776414	frye1	1.0
3061.6523858699916	3062.942817193158	frye3	1.0
3064.0421681424396	3065.6834998008394	frye1	1.0
3067.71279059688	3069.48728808448	frye1	1.0
3072.5217706479516	3074.248895857285	frye1	1.0
3073.006874915992	3074.4716370044084	frye3	1.0
3077.772154665062	3079.451860009971	frye1	1.0
3081.280154605699	3083.054652093299	frye1	1.0
3085.4623886859918	3087.1188574051457	frye3	1.0
3089.9456114127015	3091.6595608917846	frye1	1.0
3095.335386155931	3096.9610142965307	frye1	1.0
3097.0626022199917	3098.737785068325	frye3	1.0
3098.737785068325	3100.379116726725	frye1	1.0
3102.2922485843346	3104.0061980634177	frye1	1.0
3104.1957759218785	3105.486207245045	frye3	1.0
3106.822447183169	3108.519369293769	frye1	1.0
3111.5152682958087	3113.1949736407178	frye1	1.0
3114.3317780708785	3115.9882467900325	frye3	1.0
3114.907109298013	3116.6342345073463	frye1	1.0
3120.0650934548785	3121.529855543295	frye3	1.0
3120.2271886781837	3121.8685203365835	frye1	1.0
3123.7816521941922	3125.5561496817922	frye1	1.0
3128.846181909813	3130.5698571041767	frye1	1.0
3129.1570759718784	3130.832258820212	frye3	1.0
3137.836883744425	3139.462511885025	frye1	1.0
3141.7630558634146	3143.4599779740147	frye1	1.0
3144.3892739558783	3145.854036044295	frye3	1.0
3145.854036044295	3147.550958154895	frye1	1.0
3150.57008894462	3152.34458643222	frye1	1.0
3154.2793729864256	3155.954555834759	frye3	1.0
3159.049691450132	3160.776816659465	frye1	1.0
3166.181850269836	3167.895799748919	frye1	1.0
3168.7785659004257	3170.4350346195797	frye3	1.0
3171.5948568007516	3173.2745621456606	frye1	1.0
3174.5270507944256	3175.991812882842	frye3	1.0
3176.403836851823	3178.1007589624232	frye1	1.0
3181.8168433827386	3183.5913408703386	frye1	1.0
3186.229837050426	3187.5202683735924	frye3	1.0
3186.6722870091826	3188.2979151497825	frye1	1.0
3190.598459128173	3192.312408607256	frye1	1.0
3191.129217804426	3192.782156143026	frye3	1.0
3195.570061693048	3197.293736887412	frye1	1.0
3197.3985675844256	3199.073750432759	frye3	1.0
3201.563862916122	3203.243568261031	frye1	1.0
3204.5734901104256	3206.548364482335	frye3	1.0
3205.4900350351127	3207.217160244446	frye1	1.0
3210.391942236929	3212.166439724529	frye1	1.0
3210.912499332426	3212.2029306555924	frye3	1.0
3215.8350999004256	3217.4880382390256	frye3	1.0
3216.3160480969436	3217.9573797553435	frye1	1.0
3220.0563659144436	3221.7703153935267	frye1	1.0
3220.8970193524256	3222.361781440842	frye3	1.0
3224.6562598763376	3226.3531819869377	frye1	1.0
3227.1438776784257	3228.8003463975797	frye3	1.0
3229.5117035027806	3231.2862009903806	frye1	1.0
3233.9233350064255	3235.598517854759	frye3	1.0
3234.2509881907927	3235.8766163313926	frye1	1.0
3238.293319248215	3240.0204444575484	frye1	1.0
3240.2391244144255	3242.2139987863347	frye3	1.0
3243.1952264500314	3244.9091759291146	frye1	1.0
3247.669464894426	3248.9598962175924	frye3	1.0
3247.864815774985	3249.5884909693486	frye1	1.0
3252.0697693462107	3253.8442668338107	frye1	1.0
3252.6385050904255	3254.067650819009	frye3	1.0
3256.6928950957918	3258.3342267541916	frye1	1.0
3257.6772047284257	3259.1419668168423	frye3	1.0
3260.9907758177624	3262.7047252968455	frye1	1.0
3264.1555328344257	3265.8120015535796	frye3	1.0
3265.9623783826382	3267.6420837275473	frye1	1.0
3269.705068380426	3271.3802512287593	frye3	1.0
3269.7491597755106	3271.476284984844	frye1	1.0
3275.0924709433666	3276.8669684309666	frye1	1.0
3279.214345440426	3280.867283779026	frye3	1.0
3279.9711463574977	3281.6124780158975	frye1	1.0
3283.8276231134287	3285.5245452240288	frye1	1.0
3284.6354087824257	3285.925840105592	frye3	1.0
3288.7992256783045	3290.5131751573876	frye1	1.0
3289.3722508384258	3290.996848828526	frye3	1.0
3293.6546693047476	3295.2802974453475	frye1	1.0
3294.0626532664255	3295.527415354842	frye3	1.0
3297.6505367867967	3299.37766199613	frye1	1.0
3300.2623436044255	3301.9090249277588	frye3	1.0
3302.296894324063	3304.020569518427	frye1	1.0
3306.160176360426	3307.835359208759	frye3	1.0
3307.8725233687837	3309.586472847867	frye1	1.0
3312.495649118364	3314.175354463273	frye1	1.0
3315.1694641924255	3316.8224025310255	frye3	1.0
3316.0268808466863	3317.7540060560195	frye1	1.0
3319.929526062426	3321.3942881508424	frye3	1.0
3320.0692119041087	3321.8437093917087	frye1	1.0
3325.6216091611423	3327.345284355506	frye1	1.0
3327.266987286426	3328.9234560055797	frye3	1.0
3330.5002845752724	3332.2142340543555	frye1	1.0
3335.402191777089	3337.0435234354886	frye1	1.0
3335.5018880294256	3337.177070877759	frye3	1.0
3339.676840711374	3341.451338198974	frye1	1.0
3342.1199930244256	3344.094867396335	frye3	1.0
3345.2292379684077	3346.926160079008	frye1	1.0
3347.8861821184255	3349.315327847009	frye3	1.0
3350.014986231792	3351.640614372392	frye1	1.0
3352.1818477084257	3353.4722790315923	frye3	1.0
3354.1502444399603	3355.8773696492935	frye1	1.0
3357.4759653004257	3359.128903639026	frye3	1.0
3358.3784297988723	3360.0923792779554	frye1	1.0
3362.375346054426	3363.8401081428424	frye3	1.0
3362.838933034649	3364.5626082290128	frye1	1.0
3367.299436270425	3369.073933758025	frye1	1.0
3368.0874202984255	3369.7438890175795	frye3	1.0
3372.154879896868	3373.7962115552677	frye1	1.0
3375.355222080426	3377.0304049287593	frye3	1.0
3376.150747378918	3377.864696858001	frye1	1.0
3380.773873128498	3382.470795239098	frye1	1.0
3381.2298350224255	3383.2047093943347	frye3	1.0
3385.4666942411377	3387.2411917287377	frye1	1.0
3387.592064058426	3389.238745381759	frye3	1.0
3390.2989060798946	3391.9786114248036	frye1	1.0
3392.3289061144255	3393.619337437592	frye3	1.0
3394.108919260453	3395.8360444697864	frye1	1.0
3397.2979463104257	3398.9508846490257	frye3	1.0
3399.2663761268195	3400.9803256059026	frye1	1.0
3402.893921484426	3404.5691043327593	frye3	1.0
3404.656150870049	3406.3485370413564	frye1	1.0
3409.6974487979833	3411.4719462855833	frye1	1.0
3411.6942309904257	3413.669105362335	frye3	1.0
3415.4357003565074	3417.0613284971073	frye1	1.0
3417.058008024426	3418.5227701128424	frye3	1.0
3420.87193867511	3422.5990638844432	frye1	1.0
3423.6756550144255	3425.104800743009	frye3	1.0
3425.100124034022	3426.874621521622	frye1	1.0
3427.762342278426	3429.41881099758	frye3	1.0
3430.3969716265065	3432.0383032849063	frye1	1.0
3433.4575321094258	3435.132714957759	frye3	1.0
3440.2820579747795	3441.5509021957796	frye1	1.0
3446.988348270426	3448.2787795935924	frye3	1.0
3452.1616793027615	3453.8853544971253	frye1	1.0
3458.249958060426	3460.224832432335	frye3	1.0
3460.841063773555	3462.555013252638	frye1	1.0
3463.2886576984256	3464.963840546759	frye3	1.0
3468.8120630454914	3470.5391882548247	frye1	1.0
3473.573825945771	3475.348323433371	frye1	1.0
3475.2933015364256	3476.9497702555796	frye3	1.0
3478.4136624737957	3480.0549941321956	frye1	1.0
3482.2501609725537	3483.9641104516368	frye1	1.0
3482.6539825744258	3484.1187446628423	frye3	1.0
3486.87005351296	3488.56697562356	frye1	1.0
3492.077358774332	3493.757064119241	frye1	1.0
3494.4426130344254	3496.095551373025	frye3	1.0
3496.7203551629764	3498.4474803723097	frye1	1.0
3501.6234167871335	3503.397914274734	frye1	1.0
3501.8799885664257	3503.1704198895923	frye3	1.0
3503.1704198895923	3504.884369368676	frye1	1.0
3507.206374011036	3508.8320021516365	frye1	1.0
3509.9409096419104	3511.6160924902433	frye3	1.0
3511.6160924902433	3513.339767684607	frye1	1.0
3516.2624611930814	3517.9895864024147	frye1	1.0
3516.964735226138	3518.2551665493047	frye3	1.0
3520.8623662088903	3522.5420715537994	frye1	1.0
3524.580834218139	3526.2337725567386	frye3	1.0
3525.044098041445	3526.8185955290455	frye1	1.0
3531.384239720139	3532.849001808556	frye3	1.0
3532.849001808556	3534.6234992961563	frye1	1.0
3537.5418341984223	3539.2689594077556	frye1	1.0
3539.201067587426	3540.876250435759	frye3	1.0
3542.211434744774	3543.8370628853745	frye1	1.0
3545.747154807609	3547.4611042866927	frye1	1.0
3551.0431727274263	3553.0180470993355	frye3	1.0
3551.178926341251	3552.902601535615	frye1	1.0
3555.9333706749558	3557.660495884289	frye1	1.0
3560.2614388854263	3561.551870208593	frye3	1.0
3560.913068773696	3562.6875662612965	frye1	1.0
3565.652364850591	3567.293696508991	frye1	1.0
3565.7180951754262	3567.14724090401	frye3	1.0
3569.741169309088	3571.4551187881716	frye1	1.0
3570.9889929534265	3572.6454616725805	frye3	1.0
3574.9915659432945	3576.6712712882036	frye1	1.0
3578.778356436108	3580.475278546708	frye1	1.0
3581.9023055334264	3583.5774883817594	frye3	1.0
3583.145943016775	3584.9204405043756	frye1	1.0
3587.048892727159	3588.6745208677594	frye1	1.0
3588.795366868426	3590.4483052070254	frye3	1.0
3590.4872055672595	3592.2143307765928	frye1	1.0
3594.115927697426	3595.580689785843	frye3	1.0
3594.9941832090117	3596.7081326880952	frye1	1.0
3599.129451354537	3600.853126548901	frye1	1.0
3601.6159276194257	3603.2723963385797	frye3	1.0
3603.6364289962903	3605.3161343411994	frye1	1.0
3606.6333368096202	3608.4078342972207	frye1	1.0
3607.0213276284258	3608.3117589515923	frye3	1.0
3611.8094259654263	3613.4340239555268	frye3	1.0
3612.139283722484	3613.7806153808842	frye1	1.0
3617.064434547492	3618.7783840265756	frye1	1.0
3617.9626766754263	3619.4274387638434	frye3	1.0
3621.7108032503293	3623.3364313909296	frye1	1.0
3625.669080243337	3627.39620545267	frye1	1.0
3628.597351487426	3629.8877828105924	frye3	1.0
3630.980308812491	3632.621640470891	frye1	1.0
3633.078775589426	3634.731713928026	frye3	1.0
3635.3078183561556	3637.021767835239	frye1	1.0
3639.645786443284	3641.369461637648	frye1	1.0
3643.9224287274264	3645.5976115757594	frye3	1.0
3644.175995928551	3645.85570127346	frye1	1.0
3648.21833670002	3649.9928341876202	frye1	1.0
3650.1346299134266	3652.109504285336	frye3	1.0
3653.352574116655	3655.049496227255	frye1	1.0
3656.066391449426	3657.5311535378432	frye3	1.0
3658.0918701935498	3659.71749833415	frye1	1.0
3662.6220796788166	3664.34920488815	frye1	1.0
3664.0540074654264	3665.48315319401	frye3	1.0
3667.7098534084244	3669.484350896025	frye1	1.0
3669.789301523426	3671.44577024258	frye3	1.0
3672.6825884046502	3674.3239200630505	frye1	1.0
3675.6639144654264	3677.3390973137593	frye3	1.0
3677.1419818751847	3678.8559313542683	frye1	1.0
3682.9034790667038	3684.3159794052035	frye1	1.0
3683.124480495426	3685.1121080914263	frye3	1.0
3686.713501403031	3688.4879988906314	frye1	1.0
3690.060199145426	3691.3506304685925	frye3	1.0
3691.248318731252	3692.7314555694056	frye1	1.0
3695.4936356214257	3696.9227813500092	frye3	1.0
3695.7274566865362	3697.4243787971363	frye1	1.0
3699.533883257426	3701.19035197658	frye3	1.0
3700.0718114236897	3701.7857609027733	frye1	1.0
3704.578789065443	3706.305914274776	frye1	1.0
3705.106638617426	3706.571400705843	frye3	1.0
3709.7362583255926	3711.361886466193	frye1	1.0
3712.351220585426	3713.9758185755263	frye3	1.0
3714.080613062746	3715.8551105503466	frye1	1.0
3718.3419325974264	3719.632363920593	frye3	1.0
3719.2148504793813	3720.928799958465	frye1	1.0
3723.496731305426	3725.1496696440254	frye3	1.0
3723.7915236516765	3725.51519884604	frye1	1.0
3728.832833694256	3730.559958903589	frye1	1.0
3730.7645330874266	3732.4397159357595	frye3	1.0
3733.8509118933207	3735.5648613724043	frye1	1.0
3738.891467987426	3740.5381493107598	frye3	1.0
3739.0083811534705	3740.649712811871	frye1	1.0
3742.978155251426	3744.63462397058	frye3	1.0
3744.119386726592	3745.8938842141924	frye1	1.0
3748.510205150774	3750.189910495683	frye1	1.0
3749.4332635434257	3750.8980256318428	frye3	1.0
3752.389923017644	3754.086845128244	frye1	1.0
3756.2927606484263	3757.72190637701	frye3	1.0
3756.548423006684	3758.2623724857676	frye1	1.0
3760.834192217426	3762.809066589335	frye3	1.0
3761.914978858462	3763.540606999062	frye1	1.0
3765.699970425786	3767.4270956351193	frye1	1.0
3766.221189065426	3767.5116203885927	frye3	1.0
3770.650152019796	3772.4246495073967	frye1	1.0
3772.328000147426	3773.9809384860255	frye3	1.0
3776.0922467748314	3777.575383612985	frye1	1.0
3778.4348112294265	3780.1099940777594	frye3	1.0
3780.314598921699	3782.038274116063	frye1	1.0
3784.705417345881	3786.4193668249645	frye1	1.0
3785.911591337426	3787.3763534258433	frye3	1.0
3789.700263701432	3791.4273889107653	frye1	1.0
3791.902303349426	3793.55877206858	frye3	1.0
3794.439559778326	3796.2140572659264	frye1	1.0
3797.475058709426	3799.150241557759	frye3	1.0
3799.364710603334	3800.9903387439344	frye1	1.0
3803.536009897891	3805.232932008491	frye1	1.0
3803.987987958426	3805.9756155544264	frye3	1.0
3808.0766519211556	3809.790601400239	frye1	1.0
3810.0601978974264	3811.350629220593	frye3	1.0
3813.3735122423905	3815.0148439007908	frye1	1.0
3815.145337163426	3816.5744828920097	frye3	1.0
3817.578475918459	3819.3529734060594	frye1	1.0
3820.6484330814264	3822.3049018005804	frye3	1.0
3822.526858586981	3824.20656393189	frye1	1.0
3826.2207217057367	3827.94784691507	frye1	1.0
3830.4471945894265	3831.9119566778436	frye3	1.0
3831.7266686185994	3833.419054789907	frye1	1.0
3835.513459111413	3837.2274085904965	frye1	1.0
3837.575677487426	3839.2002754775267	frye3	1.0
3840.1133641272227	3841.738992267823	frye1	1.0
3842.5214978694257	3843.8119291925923	frye3	1.0
3844.3647914903186	3846.0617136009187	frye1	1.0
3846.979702157426	3848.6263834807596	frye3	1.0
3848.778841758015	3850.5533392456155	frye1	1.0
3852.320259377426	3853.97672809658	frye3	1.0
3853.632620234219	3855.1157570723726	frye1	1.0
3856.9564506750094	3858.6835758843426	frye1	1.0
3859.170104507426	3860.845287355759	frye3	1.0
3861.695746751904	3863.3370784103045	frye1	1.0
3865.7966630474266	3867.784290643427	frye3	1.0
3870.7793975659515	3872.5030727603153	frye1	1.0
3874.7288109633646	3876.503308450965	frye1	1.0
3876.143788541426	3877.5729342700097	frye3	1.0
3879.626760641426	3881.091522729843	frye3	1.0
3880.3509170937978	3881.976545234398	frye1	1.0
3883.8589254644403	3885.5860506737736	frye1	1.0
3884.7118999074264	3886.3683686265804	frye3	1.0
3888.1568165145654	3889.870765993649	frye1	1.0
3890.214995825426	3891.890178673759	frye3	1.0
3892.65287649112	3894.2942081495203	frye1	1.0
3896.3266944994266	3898.301568871336	frye3	1.0
3896.7525986148157	3898.527096102416	frye1	1.0
3901.732023569426	3903.0224548925926	frye3	1.0
3901.817140500909	3903.514062611509	frye1	1.0
3906.3705818296894	3908.084531308773	frye1	1.0
3906.8467869604265	3908.27593268901	frye3	1.0
3911.414686007426	3912.879448095843	frye3	1.0
3911.5169472802563	3913.00008411841	frye1	1.0
3915.3004733347334	3916.702483385334	frye1	1.0
3917.7304754154266	3919.383413754026	frye3	1.0
3919.728891850349	3921.5033893379496	frye1	1.0
3923.0710326354265	3924.7462154837594	frye3	1.0
3924.2126376485876	3925.853969306988	frye1	1.0
3927.9761962978864	3929.69014577697	frye1	1.0
3929.2242833454266	3930.8709646687603	frye3	1.0
3932.8316515923516	3934.5553267867153	frye1	1.0
3933.4038498654263	3935.0603185845803	frye3	1.0
3937.7568024173597	3939.53129990496	frye1	1.0
3939.6964194594266	3940.986850782593	frye3	1.0
3943.239517486708	3944.8651456273083	frye1	1.0
3946.91014876195	3948.6372739712833	frye1	1.0
3948.3341902674265	3949.958788257526	frye3	1.0
3951.649444838845	3953.3633943179284	frye1	1.0
3955.694871305426	3957.1596333938433	frye3	1.0
3958.804852641215	3960.5285278355786	frye1	1.0
3961.685583317426	3963.34205203658	frye3	1.0
3966.169347035213	3967.9438445228134	frye1	1.0
3966.956481095426	3968.631663943759	frye3	1.0
3970.9318749556214	3972.6115803005305	frye1	1.0
3972.992451250426	3974.9800788464263	frye3	1.0
3976.6236766165985	3978.3205987271986	frye1	1.0
3979.2862023294265	3980.576633652593	frye3	1.0
3980.6660173880664	3982.37996686715	frye1	1.0
3983.976604757426	3985.4057504860093	frye3	1.0
3985.4982408390188	3987.225366048352	frye1	1.0
3989.9122911067143	3991.5536227651146	frye1	1.0
3990.385273421426	3992.04174214058	frye3	1.0
3993.8617045041274	3995.636201991728	frye1	1.0
3995.818709897426	3997.493892745759	frye3	1.0
3999.297955886447	4000.9235840270476	frye1	1.0
4002.552455957426	4004.2053942960256	frye3	1.0
4003.200905596831	4004.897827707431	frye1	1.0
4008.0671254011895	4009.781074880273	frye1	1.0
4011.7010626734263	4013.1658247618434	frye3	1.0
4012.516874846021	4014.2405500403847	frye1	1.0
4017.3899171034263	4019.014515093527	frye3	1.0
4018.4867102606604	4019.888720311261	frye1	1.0
4022.7156541487493	4024.3953594936584	frye1	1.0
4024.1004433494263	4025.390874672593	frye3	1.0
4026.8044586072465	4028.578956094847	frye1	1.0
4030.439452571426	4031.8685983000096	frye3	1.0
4031.1255815008863	4032.7669131592866	frye1	1.0
4034.819444619642	4036.5333940987257	frye1	1.0
4035.199514441426	4036.874697289759	frye3	1.0
4039.837522818707	4041.5299089900145	frye1	1.0
4044.2320220874262	4045.88849080658	frye3	1.0
4044.437427834516	4046.164553043849	frye1	1.0
4049.3636009814263	4050.8283630698434	frye3	1.0
4049.4555060335815	4051.230003521182	frye1	1.0
4054.0321792058767	4055.657807346477	frye1	1.0
4055.238213923426	4056.8911522620256	frye3	1.0
4058.399765786545	4060.1137152656283	frye1	1.0
4060.1840343054264	4061.8592171537593	frye3	1.0
4063.6269305772366	4065.3238526878367	frye1	1.0
4066.8535724794265	4068.8284468513357	frye3	1.0
4068.25006743656	4069.9771926458934	frye1	1.0
4073.1871301454257	4074.4775614685923	frye3	1.0
4073.484659531132	4075.2591570187324	frye1	1.0
4078.9831791401157	4080.624510798516	frye1	1.0
4080.2227337874265	4081.847331777527	frye3	1.0
4083.071983598613	4084.7859330776964	frye1	1.0
4085.0060154714265	4086.4707775598436	frye3	1.0
4090.645564584239	4092.325269929148	frye1	1.0
4092.784653161426	4094.44112188058	frye3	1.0
4094.594977981651	4096.3694754692515	frye1	1.0
4098.403848149426	4100.079030997759	frye3	1.0
4103.423078517043	4105.048706657643	frye1	1.0
4108.2553019679945	4109.982427177328	frye1	1.0
4110.1530740334265	4111.79975535676	frye3	1.0
4113.621857819772	4115.335807298856	frye1	1.0
4114.727377391426	4116.017808714592	frye3	1.0
4118.732863392894	4120.4565385872575	frye1	1.0
4120.671649775426	4122.324588114026	frye3	1.0
4123.565086843845	4125.339584331446	frye1	1.0
4127.521494905426	4128.986256993843	frye3	1.0
4127.979137111542	4129.658842456451	frye1	1.0
4131.789159447868	4133.486081558468	frye1	1.0
4135.253692967426	4136.91016168658	frye3	1.0
4136.249673402593	4137.891005060993	frye1	1.0
4140.888429028357	4142.662926515957	frye1	1.0
4141.383723863426	4143.058906711759	frye3	1.0
4145.705033712868	4147.418983191951	frye1	1.0
4149.603538019426	4151.578412391335	frye3	1.0
4152.117022522783	4153.844147732117	frye1	1.0
4157.855287870788	4159.480916011388	frye1	1.0
4158.009110687426	4159.299542010593	frye3	1.0
4162.083390503273	4163.857887990874	frye1	1.0
4163.790844373426	4165.219990102009	frye3	1.0
4166.683388406181	4168.4070636005445	frye1	1.0
4169.363599733426	4171.02006845258	frye3	1.0
4173.2650790221705	4174.533923243171	frye1	1.0
4175.238212675426	4176.913395523759	frye3	1.0
4177.60235485785	4179.316304336933	frye1	1.0
4181.7143911598605	4183.355722818261	frye1	1.0
4182.180937061426	4183.833875400026	frye3	1.0
4185.529369741545	4187.303867229146	frye1	1.0
4188.241308515426	4189.706070603843	frye3	1.0
4191.704083870962	4193.401005981562	frye1	1.0
4195.323351785426	4196.9479497755265	frye3	1.0
4195.699960955402	4197.427086164736	frye1	1.0
4200.601879936897	4202.31582941598	frye1	1.0
4201.058645843426	4202.349077166593	frye3	1.0
4205.736117353533	4207.415822698442	frye1	1.0
4207.862051345426	4209.51852006458	frye3	1.0
4211.218832422881	4212.993329910481	frye1	1.0
4214.6190172194265	4216.294200067759	frye3	1.0
4218.653022347421	4220.278650488021	frye1	1.0
4222.765058649433	4224.461980760033	frye1	1.0
4226.646880871426	4228.111642959843	frye3	1.0
4226.970022325501	4228.683971804585	frye1	1.0
4232.406273707822	4234.047605366222	frye1	1.0
4232.893010837426	4234.545949176026	frye3	1.0
4236.33245526172	4238.059580471053	frye1	1.0
4238.7444039654265	4240.034835288593	frye3	1.0
4241.58622421012	4243.309899404484	frye1	1.0
4245.501369839426	4246.9305155680095	frye3	1.0
4246.285213265925	4247.999162745009	frye1	1.0
4250.3543109654265	4252.0107796845805	frye3	1.0
4251.101853058614	4252.584989896768	frye1	1.0
4255.2431758822695	4256.970301091603	frye1	1.0
4256.623660745427	4258.29884359376	frye3	1.0
4260.307717768363	4261.949049426763	frye1	1.0
4262.476693801426	4264.4515681733355	frye3	1.0
4266.347997082052	4267.973625222652	frye1	1.0
4270.555549145426	4271.845980468593	frye3	1.0
4270.622656288663	4272.397153776264	frye1	1.0
4275.524575270157	4277.221497380757	frye1	1.0
4277.939449997426	4279.592388336026	frye3	1.0
4280.984058495991	4282.698007975075	frye1	1.0
4283.837282753426	4285.512465601759	frye3	1.0
4287.094033340222	4288.773738685131	frye1	1.0
4291.949488634687	4293.676613844021	frye1	1.0
4292.335734677426	4293.99220339658	frye3	1.0
4296.804943929154	4298.579441416755	frye1	1.0
4300.044712925426	4301.509475013843	frye3	1.0
4303.504700564063	4305.184405908972	frye1	1.0
4306.244403263426	4307.869001253525	frye3	1.0
4310.09355841927	4311.734890077671	frye1	1.0
4315.300130723426	4316.590562046593	frye3	1.0
4315.762128236732	4317.4858034310955	frye1	1.0
4320.1529466609145	4321.866896139998	frye1	1.0
4320.501369059426	4322.154307398026	frye3	1.0
4325.449806982149	4327.07543512275	frye1	1.0
4327.490533073426	4328.955295161843	frye3	1.0
4330.657412310898	4332.186934923898	frye1	1.0
4332.784650665426	4334.43133198876	frye3	1.0
4335.114253884051	4336.841379093385	frye1	1.0
4338.101988071427	4339.77717091976	frye3	1.0
4341.165774104315	4342.940271591915	frye1	1.0
4346.8463348587175	4348.487666517118	frye1	1.0
4347.273814601426	4348.93028332058	frye3	1.0
4351.562399092098	4353.276348571181	frye1	1.0
4354.750594709426	4356.0410260325925	frye3	1.0
4356.696636508734	4358.4203117030975	frye1	1.0
4360.694867093426	4362.669741465335	frye3	1.0
4360.785440967231	4362.559938454831	frye1	1.0
4365.873214696838	4367.552920041747	frye1	1.0
4368.287746271426	4369.962929119759	frye3	1.0
4369.389522406902	4371.116647616235	frye1	1.0
4375.212415789542	4376.853747447943	frye1	1.0
4377.598891685426	4379.251830024025	frye3	1.0
4379.998175553465	4381.712125032549	frye1	1.0
4384.913133095426	4386.377895183843	frye3	1.0
4385.155644813615	4386.781272954216	frye1	1.0
4389.4386033596475	4391.165728568981	frye1	1.0
4391.5772197134265	4393.2336884325805	frye3	1.0
4394.680700654433	4396.455198142034	frye1	1.0
4400.000792819183	4401.724468013546	frye1	1.0
4403.349665411426	4404.77881114001	frye3	1.0
4404.232883453667	4405.634893504267	frye1	1.0
4407.993628211426	4409.284059534592	frye3	1.0
4409.781398938656	4411.461104283565	frye1	1.0
4413.7075804925535	4415.404502603154	frye1	1.0
4416.770717903426	4418.3953158935265	frye3	1.0
4417.773153107538	4419.487102586621	frye1	1.0
4423.504463963426	4424.969226051843	frye3	1.0
4423.59267776284	4425.2183059034405	frye1	1.0
4427.693150288095	4429.467647775696	frye1	1.0
4429.564835417426	4431.22130413658	frye3	1.0
4432.293055303905	4433.934386962305	frye1	1.0
4435.253689847426	4436.928872695759	frye3	1.0
4436.9868208399575	4438.700770319041	frye1	1.0
4442.068278017836	4443.7919532122	frye1	1.0
4445.098890983426	4446.74557230676	frye3	1.0
4447.801477895927	4449.203487946527	frye1	1.0
4449.487435829426	4450.777867152593	frye3	1.0
4452.78354128342	4454.463246628329	frye1	1.0
4455.6406865394265	4457.293624878026	frye3	1.0
4456.849113898403	4458.623611386003	frye1	1.0
4461.913655784497	4463.610577895097	frye1	1.0
4462.281553343426	4463.956736191759	frye3	1.0
4467.326675323303	4469.040624802386	frye1	1.0
4470.338828801426	4471.99529752058	frye3	1.0
4472.809390392651	4474.435018533251	frye1	1.0
4475.749045463426	4477.213807551843	frye3	1.0
4476.642644572492	4478.369769781825	frye1	1.0
4481.985968580757	4483.760466068357	frye1	1.0
4485.408488087426	4486.83763381601	frye3	1.0
4486.492946222509	4488.134277880909	frye1	1.0
4490.837300959663	4492.551250438746	frye1	1.0
4491.105691693426	4492.730289683525	frye3	1.0
4496.157393124411	4497.849779295719	frye1	1.0
4499.758333139426	4501.048764462593	frye3	1.0
4500.47985942367	4502.206984633003	frye1	1.0
4506.193549522542	4507.968047010142	frye1	1.0
4507.722729341426	4509.375667680026	frye3	1.0
4511.133970711588	4512.617107549741	frye1	1.0
4515.230736649562	4516.927658760162	frye1	1.0
4517.5447106634265	4519.0094727518435	frye3	1.0
4520.597292501338	4522.311241980422	frye1	1.0
4524.278456723426	4525.93492544258	frye3	1.0
4527.078976841797	4528.7046049823975	frye1	1.0
4530.540521525411	4532.315019013012	frye1	1.0
4533.8218002774265	4535.4969831257595	frye3	1.0
4536.000004751246	4537.641336409646	frye1	1.0
4540.669605297598	4542.383554776681	frye1	1.0
4543.1561655054265	4544.80284682876	frye3	1.0
4545.432133218007	4547.15925842734	frye1	1.0
4549.843471937426	4551.49994065658	frye3	1.0
4550.705761695728	4552.398147867036	frye1	1.0
4555.166275650452	4556.880225129536	frye1	1.0
4557.970406837426	4559.260838160592	frye3	1.0
4560.579295189258	4562.259000534167	frye1	1.0
4564.551940430184	4566.248862540784	frye1	1.0
4566.722882900426	4568.697757272335	frye3	1.0
4569.779105220877	4571.553602708477	frye1	1.0
4574.553761175215	4576.179389315816	frye1	1.0
4576.105081571426	4577.780264419759	frye3	1.0
4579.745566088464	4581.459515567548	frye1	1.0
4585.507063279983	4587.230738474347	frye1	1.0
4587.366691361426	4589.019629700026	frye3	1.0
4590.641300696619	4592.043310747219	frye1	1.0
4595.705842582712	4597.480340070312	frye1	1.0
4596.468858449426	4597.759289772593	frye3	1.0
4600.677457094749	4602.3030852353495	frye1	1.0
4603.968858371426	4605.62532709058	frye3	1.0
4606.578345347352	4608.352842834953	frye1	1.0
4613.57259575797	4615.26951786857	frye1	1.0
4614.208796345426	4615.673558433843	frye3	1.0
4618.449817383103	4620.163766862187	frye1	1.0
4623.3613933400065	4625.041098684916	frye1	1.0
4624.053997481426	4625.729180329759	frye3	1.0
4627.208222387952	4628.935347597286	frye1	1.0
4632.908625090573	4634.549956748973	frye1	1.0
4634.637027222426	4636.611901594335	frye3	1.0
4642.494775420289	4644.218450614653	frye1	1.0
4646.444188817702	4648.158138296785	frye1	1.0
4649.015297531426	4650.67176625058	frye3	1.0
4650.67176625058	4652.44626373818	frye1	1.0
4658.1291880186345	4659.770519677035	frye1	1.0
4659.713516210738	4661.178278299155	frye3	1.0
4662.752324877958	4664.449246988558	frye1	1.0
4665.704228222738	4667.133373951321	frye3	1.0
4667.457828579065	4669.171778058148	frye1	1.0
4670.464290092738	4671.754721415905	frye3	1.0
4672.811713119602	4674.491418464511	frye1	1.0
4675.967386010738	4677.620324349337	frye3	1.0
4676.528808081873	4678.303305569473	frye1	1.0
4681.841998952738	4683.517181801071	frye3	1.0
4682.392889622858	4684.116564817222	frye1	1.0
4687.517470064085	4689.244595273418	frye1	1.0
4688.413206314738	4689.793764834238	frye3	1.0
4692.419389045578	4694.0450171861785	frye1	1.0
4696.786975626246	4698.561473113847	frye1	1.0
4699.651596290738	4701.308065009892	frye3	1.0
4704.290861081329	4705.9321927397295	frye1	1.0
4707.868564982514	4709.582514461597	frye1	1.0
4710.750667382738	4712.425850231071	frye3	1.0
4717.628619918738	4719.603494290647	frye3	1.0
4719.089545399867	4720.781931571175	frye1	1.0
4722.922799579708	4724.697297067309	frye1	1.0
4725.913205924738	4727.559887248071	frye3	1.0
4727.290386160376	4728.987308270976	frye1	1.0
4730.603608352738	4731.894039675904	frye3	1.0
4732.958955977839	4734.686081187172	frye1	1.0
4736.919397760738	4738.572336099338	frye3	1.0
4738.160647849582	4739.786275990183	frye1	1.0
4742.956549400738	4744.421311489155	frye3	1.0
4752.399684883176	4754.041016541576	frye1	1.0
4753.684103468738	4755.340572187892	frye3	1.0
4759.629112332128	4761.041612670628	frye1	1.0
4764.434877350738	4766.110060199071	frye3	1.0
4772.792370596437	4774.2755074345905	frye1	1.0
4772.979768902738	4774.604366892838	frye3	1.0
4774.604366892838	4776.318316371921	frye1	1.0
4779.831531683531	4781.555206877894	frye1	1.0
4783.713751861942	4785.004183185109	frye3	1.0
4790.4020204824865	4792.176517970087	frye1	1.0
4794.046569091942	4795.671167082042	frye3	1.0
4794.627303655047	4796.252931795648	frye1	1.0
4799.113961800308	4800.827911279392	frye1	1.0
4799.1317083579415	4800.596470446359	frye3	1.0
4803.922953407744	4805.619875518344	frye1	1.0
4808.721491539942	4810.377960259096	frye3	1.0
4812.054098637711	4813.828596125311	frye1	1.0
4816.630771810006	4818.272103468406	frye1	1.0
4818.845330443942	4820.520513292275	frye3	1.0
4821.695313696099	4823.409263175183	frye1	1.0
4826.364914242451	4828.088589436815	frye1	1.0
4826.732040346942	4828.719667942943	frye3	1.0
4830.430486857434	4832.157612066767	frye1	1.0
4835.610036151942	4836.900467475109	frye3	1.0
4836.470766171123	4838.245263658723	frye1	1.0
4840.77640739531	4842.402035535911	frye1	1.0
4843.249354957942	4844.873952948043	frye3	1.0
4847.945968451276	4849.720465938876	frye1	1.0
4849.216847155942	4850.681609244359	frye3	1.0
4852.570433726457	4854.250139071366	frye1	1.0
4856.159571541942	4857.816040261096	frye3	1.0
4857.816040261096	4859.441668401696	frye1	1.0
4861.675359096106	4863.350541944439	frye3	1.0
4862.462408963935	4864.189534173268	frye1	1.0
4866.367801619106	4868.01448294244	frye3	1.0
4866.620908952974	4868.395406440574	frye1	1.0
4872.080392178808	4873.721723837209	frye1	1.0
4874.376597354107	4876.033066073261	frye3	1.0
4877.354020656529	4879.067970135613	frye1	1.0
4881.551519880107	4883.016281968524	frye3	1.0
4881.582216176112	4883.305891370475	frye1	1.0
4887.413408898173	4889.187906385773	frye1	1.0
4888.888981104106	4890.541919442706	frye3	1.0
4893.02631802037	4894.509454858524	frye1	1.0
4894.136659068106	4895.427090391273	frye3	1.0
4897.147551330619	4898.844473441219	frye1	1.0
4900.071739206106	4901.50088493469	frye3	1.0
4901.375746850201	4903.017078508601	frye1	1.0
4904.655234810107	4906.311703529261	frye3	1.0
4905.185769186528	4906.8997186656115	frye1	1.0
4910.135110914107	4911.81029376244	frye3	1.0
4915.2916211152005	4917.018746324534	frye1	1.0
4920.216771940208	4921.842400080808	frye1	1.0
4921.3502810761065	4922.815043164524	frye3	1.0
4924.491431146819	4926.26592863442	frye1	1.0
4927.758949740107	4929.383547730207	frye3	1.0
4931.815305226503	4933.495010571412	frye1	1.0
4935.793005384106	4937.083436707273	frye3	1.0
4935.828570781743	4937.555695991076	frye1	1.0
4940.939576354865	4942.653525833948	frye1	1.0
4941.110342790106	4942.763281128706	frye3	1.0
4945.248209131086	4946.889540789486	frye1	1.0
4947.960187920106	4949.424950008523	frye3	1.0
4949.047489741317	4950.821987228917	frye1	1.0
4954.321118219038	4956.018040329638	frye1	1.0
4956.458639844106	4958.11510856326	frye3	1.0
4962.31287238792	4964.0268218670035	frye1	1.0
4964.748113442107	4966.42329629044	frye3	1.0
4968.236992484038	4969.862620624638	frye1	1.0
4971.791464541709	4973.518589751042	frye1	1.0
4973.0143672261065	4974.66104854944	frye3	1.0
4976.46106508806	4978.235562575661	frye1	1.0
4976.594542209106	4978.5694165810155	frye3	1.0
4980.921579042784	4982.562910701185	frye1	1.0
4982.859568362106	4984.149999685273	frye3	1.0
4986.009352772392	4987.723302251476	frye1	1.0
4989.1753577701065	4990.60450349869	frye3	1.0
4990.957735440915	4992.681410635279	frye1	1.0
4994.9803112701065	4996.6367799892605	frye3	1.0
4995.487944926181	4997.262442413781	frye1	1.0
5000.993891839044	5002.6908139496445	frye1	1.0
5001.365760120107	5003.04094296844	frye3	1.0
5005.7796516029675	5007.459356947877	frye1	1.0
5009.496746565237	5011.22387177457	frye1	1.0
5011.721797164107	5013.374735502706	frye3	1.0
5014.44512923376	5016.159078712843	frye1	1.0
5016.923035500106	5018.387797588523	frye3	1.0
5019.579366650396	5021.30304184476	frye1	1.0
5023.830794013492	5025.605291501092	frye1	1.0
5024.074738212106	5025.50388394069	frye3	1.0
5029.545827517983	5031.171455658583	frye1	1.0
5031.342539994106	5032.99900871326	frye3	1.0
5034.703296778132	5036.430421987466	frye1	1.0
5039.117347045829	5040.891844533429	frye1	1.0
5040.862663734107	5042.53784658244	frye3	1.0
5043.7737240860115	5045.415055744412	frye1	1.0
5049.478749253157	5051.175671363757	frye1	1.0
5049.639753426107	5051.020311945606	frye3	1.0
5054.423035110107	5056.047633100206	frye3	1.0
5054.682682200335	5056.3966316794185	frye1	1.0
5059.647493260107	5061.112255348524	frye3	1.0
5059.723992242914	5061.498489730515	frye1	1.0
5066.29860395743	5068.022279151794	frye1	1.0
5068.796099976106	5070.086531299273	frye3	1.0
5075.738824362106	5077.391762700706	frye3	1.0
5079.749841352145	5081.151851402746	frye1	1.0
5083.656780936107	5085.33196378444	frye3	1.0
5085.163090874037	5086.842796218946	frye1	1.0
5088.624405574566	5090.398903062166	frye1	1.0
5092.201672488107	5093.848353811441	frye3	1.0
5093.340469807947	5094.981801466347	frye1	1.0
5097.356471196106	5099.01293991526	frye3	1.0
5097.475737953472	5099.189687432556	frye1	1.0
5104.136656884107	5105.81183973244	frye3	1.0
5109.811846859507	5111.437475000107	frye1	1.0
5114.8996205891135	5116.674118076714	frye1	1.0
5115.096409092106	5117.071283464015	frye3	1.0
5119.5205163730025	5121.244191567366	frye1	1.0
5124.773154082644	5126.487103561728	frye1	1.0
5125.243467810106	5126.533899133273	frye3	1.0
5130.5346512741635	5132.231573384764	frye1	1.0
5134.392074526107	5135.82122025469	frye3	1.0
5136.354618079413	5138.081743288746	frye1	1.0
5139.245015652106	5140.709777740523	frye3	1.0
5142.313195935857	5143.938824076457	frye1	1.0
5145.8212043065	5147.5957017941	frye1	1.0
5148.974117718107	5150.630586437261	frye3	1.0
5152.999843952384	5154.641175610785	frye1	1.0
5155.011269358107	5156.68645220644	frye3	1.0
5156.68645220644	5158.31208034704	frye1	1.0
5160.62455973619	5162.089321824607	frye3	1.0
5160.80712212096	5162.209132171561	frye1	1.0
5167.127982482309	5168.902479969909	frye1	1.0
5169.5177484981905	5171.14234648829	frye3	1.0
5172.49106172989	5173.974198568044	frye1	1.0
5174.85830571819	5176.148737041357	frye3	1.0
5177.1254253674715	5178.822347478072	frye1	1.0
5181.847469732191	5183.50040807079	frye3	1.0
5181.903434957332	5183.617384436416	frye1	1.0
5187.0995134404475	5188.823188634811	frye1	1.0
5189.115271514191	5190.790454362524	frye3	1.0
5198.490971226463	5200.265468714064	frye1	1.0
5205.646379028834	5207.287710687235	frye1	1.0
5207.900101040191	5209.556569759345	frye3	1.0
5209.758415330845	5211.472364809929	frye1	1.0
5216.130455098035	5217.827377208635	frye1	1.0
5217.74530217619	5219.210064264607	frye3	1.0
5220.816772843599	5222.4424009842	frye1	1.0
5224.766186241012	5226.540683728613	frye1	1.0
5228.55710721819	5229.986252946774	frye3	1.0
5229.319627569793	5231.046752779126	frye1	1.0
5233.986315769123	5235.469452607277	frye1	1.0
5238.403278383841	5240.177775871442	frye1	1.0
5238.410936636191	5240.086119484524	frye3	1.0
5243.096110773707	5244.788496945014	frye1	1.0
5247.115219701662	5248.829169180745	frye1	1.0
5247.214227920191	5249.1891022921	frye3	1.0
5252.783789519124	5254.5109147284575	frye1	1.0
5255.19518481119	5256.841866134524	frye3	1.0
5257.871563248731	5259.512894907131	frye1	1.0
5260.121462726191	5261.411894049357	frye3	1.0
5262.401772733998	5264.115722213081	frye1	1.0
5267.466314620091	5269.189989814455	frye1	1.0
5270.31496107219	5271.96789941079	frye3	1.0
5272.554088349699	5274.328585837299	frye1	1.0
5276.189574014191	5277.654336102608	frye3	1.0
5279.918582743697	5281.544210884297	frye1	1.0
5285.933389138436	5287.630311249036	frye1	1.0
5288.85705836219	5290.23761688169	frye3	1.0
5291.511272657277	5293.225222136361	frye1	1.0
5293.000719350191	5294.657188069345	frye3	1.0
5296.157641360114	5297.837346705023	frye1	1.0
5299.08431061819	5300.759493466523	frye3	1.0
5299.897968165899	5301.625093375233	frye1	1.0
5304.312018433596	5306.086515921196	frye1	1.0
5306.373938399191	5308.3488127711	frye3	1.0
5310.607848025941	5312.2491796843415	frye1	1.0
5315.579462537978	5317.293412017061	frye1	1.0
5315.73291725619	5317.023348579357	frye3	1.0
5319.668266996475	5321.391942190839	frye1	1.0
5321.259232988191	5322.9121713267905	frye3	1.0
5323.989389890114	5325.716515099447	frye1	1.0
5326.97130723219	5328.436069320607	frye3	1.0
5330.175574909189	5331.801203049789	frye1	1.0
5333.333536268191	5334.990004987345	frye3	1.0
5338.5325239299955	5340.229446040596	frye1	1.0
5343.61991387019	5345.295096718523	frye3	1.0
5344.15463006043	5345.868579539513	frye1	1.0
5351.839728026191	5353.268873754774	frye3	1.0
5356.759609045151	5358.400940703551	frye1	1.0
5361.125116732361	5362.54471472236	frye1	1.0
5361.851402392191	5363.23196091169	frye3	1.0
5366.79328824219	5368.083719565357	frye3	1.0
5367.22385067002	5368.92077278062	frye1	1.0
5371.579097911343	5373.258803256252	frye1	1.0
5373.41093523219	5375.06387357079	frye3	1.0
5376.1216467359545	5377.896144223555	frye1	1.0
5379.33198780219	5380.796749890607	frye3	1.0
5381.000333873934	5382.641665532335	frye1	1.0
5385.1588338629745	5386.872783342058	frye1	1.0
5388.20195675019	5389.858425469344	frye3	1.0
5390.57185340178	5392.19748154238	frye1	1.0
5393.33353564419	5395.008718492523	frye3	1.0
