1431.5723368602808	1433.1554479859808	cham1	1.0
1434.9159953352062	1436.5664271917062	cham1	1.0
1438.9330294752208	1440.5215099582208	cham1	1.0
1439.2106996671612	1440.595795524661	cham2	1.0
1441.5835540731714	1443.1054321790946	cham2	1.0
1443.5073400277229	1445.142476509541	cham1	1.0
1444.6966286324139	1446.3451298353305	cham2	1.0
1446.8277786521282	1448.4526556921282	cham1	1.0
1450.3989813209364	1452.0998901969365	cham1	1.0
1451.7591261399489	1453.2979272980156	cham2	1.0
1453.9562727618652	1455.5393838875652	cham1	1.0
1454.6631136019287	1456.2087169857286	cham2	1.0
1457.1373922831483	1458.6600667261482	cham1	1.0
1458.8913193465712	1460.422108495471	cham2	1.0
1460.8757882169193	1462.5109246987374	cham1	1.0
1462.4922637994262	1464.0230383058547	cham2	1.0
1464.3587657949665	1465.9836428349665	cham1	1.0
1465.8451591051862	1467.3493814761862	cham2	1.0
1467.9517602279482	1469.336856085448	cham2	1.0
1468.1900411308188	1469.7785216138188	cham1	1.0
1470.158790699053	1471.7094560203655	cham2	1.0
1471.4176003531427	1473.1389453973093	cham1	1.0
1472.876922963466	1474.4157241215328	cham2	1.0
1475.0863367353527	1476.7367685918528	cham1	1.0
1476.0364613221	1477.6225869424334	cham2	1.0
1479.0101444831676	1480.5409336320677	cham2	1.0
1479.3355693805704	1480.9186805062704	cham1	1.0
1482.216146641193	1483.7380247471162	cham2	1.0
1482.6327881544553	1484.2576651944553	cham1	1.0
1485.1265477476782	1486.6307701186781	cham2	1.0
1486.8355810986325	1488.4707175804506	cham1	1.0
1489.1160208508572	1490.654822008924	cham2	1.0
1490.537232407611	1492.089112862511	cham1	1.0
1492.2659401924873	1493.9144413954039	cham2	1.0
1494.219493564093	1495.807974047093	cham1	1.0
1496.5592921134653	1497.979672638846	cham2	1.0
1497.7256909926605	1499.447036036827	cham1	1.0
1499.2451291182429	1500.6302249757427	cham2	1.0
1501.8123846842363	1503.4628165407364	cham1	1.0
1502.811627922787	1504.3977535431204	cham2	1.0
1504.6116979479814	1506.150499106048	cham2	1.0
1505.248922561243	1506.832033686943	cham1	1.0
1508.561120896274	1510.0918954027024	cham2	1.0
1508.70868028877	1510.33355732877	cham1	1.0
1511.8135868536913	1513.3443760025912	cham2	1.0
1512.7489342793049	1514.384070761123	cham1	1.0
1515.2983718080673	1516.8202499139904	cham2	1.0
1515.8603942490274	1517.5613031250275	cham1	1.0
1518.9381083383316	1520.488773659644	cham2	1.0
1520.1096268942454	1521.6323013372453	cham1	1.0
1522.5931883125602	1524.1319894706269	cham2	1.0
1524.5213984931054	1526.1045096188054	cham1	1.0
1526.5193793611572	1528.0649827449572	cham2	1.0
1527.79539741647	1529.42027445647	cham1	1.0
1530.3758747106663	1531.7609705681662	cham2	1.0
1531.7427720049236	1533.3779084867417	cham1	1.0
1534.2091381604796	1535.7399126669081	cham2	1.0
1535.89912524806	1537.42179969106	cham1	1.0
1537.9262421118137	1539.4304644828137	cham2	1.0
1539.3356631250667	1540.9241436080667	cham1	1.0
1539.9938811847433	1541.5246703336434	cham2	1.0
1543.0043995072767	1544.7257445514433	cham1	1.0
1543.5251299385109	1545.1736311414274	cham2	1.0
1546.6266961884462	1548.2771280449463	cham1	1.0
1547.497784786499	1549.0196628924223	cham2	1.0
1550.4946998472624	1552.0453651685748	cham2	1.0
1551.5297832900499	1553.23069216605	cham1	1.0
1554.7461374916008	1556.2849386496675	cham2	1.0
1554.8929629736786	1556.7186222926784	cham1	1.0
1557.8127482514515	1559.3583516352514	cham2	1.0
1558.6545787579696	1560.1772532009695	cham1	1.0
1561.3672289049148	1562.8714512759148	cham2	1.0
1562.509073944342	1564.14421042616	cham1	1.0
1564.944941458074	1566.330037315574	cham2	1.0
1566.8744058421614	1568.4992828821614	cham1	1.0
1568.5923497103204	1570.1784753306538	cham2	1.0
1570.589581925412	1572.178062408412	cham1	1.0
1570.8458439808169	1572.3846451388836	cham2	1.0
1574.258318307622	1575.9796633517885	cham1	1.0
1574.3770927345843	1575.9078672410128	cham2	1.0
1578.228912746596	1579.8793446030961	cham1	1.0
1578.3962113819643	1579.9270005308645	cham2	1.0
1582.2459066415474	1584.0715659605473	cham1	1.0
1582.3882026771569	1584.0367038800734	cham2	1.0
1584.7849837983201	1586.3068619042433	cham2	1.0
1586.5183993823487	1588.0410738253486	cham1	1.0
1588.4788558499583	1590.017657008025	cham2	1.0
1590.0478166614366	1591.6362971444366	cham1	1.0
1591.4255674108633	1592.9762327321757	cham2	1.0
1593.8326522962482	1595.4677887780663	cham1	1.0
1594.426222172093	1595.971825555893	cham2	1.0
1597.2372820352894	1598.6223778927892	cham2	1.0
1597.780026884702	1599.302701327702	cham1	1.0
1600.1180375975734	1601.6222599685734	cham2	1.0
1601.4719831174323	1603.0604636004323	cham1	1.0
1603.6725182510368	1605.2032927574653	cham2	1.0
1604.7227621902764	1606.444107234443	cham1	1.0
1608.0401153938544	1609.5709045427543	cham2	1.0
1608.9952146860144	1610.5783258117144	cham1	1.0
1610.8744071567467	1612.425072478059	cham2	1.0
1612.5942915166636	1614.2447233731637	cham1	1.0
1616.448786703036	1618.073663743036	cham1	1.0
1616.845005378577	1618.3668834845002	cham2	1.0
1620.0510075366028	1621.6371331569362	cham2	1.0
1620.4426009925303	1622.0777374743484	cham1	1.0
1624.0648976736998	1625.7658065496998	cham1	1.0
1625.185257369383	1626.730860753183	cham2	1.0
1628.3141303189173	1629.8972414446173	cham1	1.0
1629.3437674149382	1630.8825685730048	cham2	1.0
1631.239831484477	1632.762505927477	cham1	1.0
1632.5650597081963	1634.0692820791962	cham2	1.0
1635.0246671192886	1636.6131476022886	cham1	1.0
1635.267901837377	1636.6529976948768	cham2	1.0
1638.4844248468157	1640.2057698909823	cham1	1.0
1638.6132953935776	1640.1440699000061	cham2	1.0
1642.3157001826678	1643.9661320391679	cham1	1.0
1644.6303574147998	1646.1691585728665	cham2	1.0
1646.518493126845	1648.101604252545	cham1	1.0
1648.2080699679589	1649.729948073882	cham2	1.0
1650.4426478647783	1651.9653223077783	cham1	1.0
1652.2039567156432	1653.7347458645431	cham2	1.0
1654.1346040975088	1655.769740579327	cham1	1.0
1655.7352054694106	1657.2808088532106	cham2	1.0
1657.9890992838812	1659.6139763238812	cham1	1.0
1659.9411109670218	1661.5896121699384	cham2	1.0
1661.5048202744276	1663.2192094305706	cham1	1.0
1663.2391090711665	1664.6242049286664	cham2	1.0
1665.2336926462199	1666.81680377192	cham1	1.0
1667.0026768218922	1668.5334513283208	cham2	1.0
1668.3683724664622	1669.9932495064622	cham1	1.0
1670.1725648746428	1671.6767872456428	cham2	1.0
1672.176427951794	1673.764908434794	cham1	1.0
1674.3904209251689	1675.9765465455023	cham2	1.0
1675.9143906758836	1677.5495271577017	cham1	1.0
1677.991365378024	1679.5301665360907	cham2	1.0
1679.5371205667343	1681.0597950097342	cham1	1.0
1681.4529184327039	1682.974796538627	cham2	1.0
1683.275516500505	1684.8586276262051	cham1	1.0
1685.3094137822131	1686.8402029311133	cham2	1.0
1686.9674727332356	1688.6179045897356	cham1	1.0
1689.3031206328715	1690.8537859541839	cham2	1.0
1691.263145079494	1692.888022119494	cham1	1.0
1692.9991725815357	1694.5299470879643	cham2	1.0
1695.094420415346	1696.729556897164	cham1	1.0
1696.6698127334782	1698.0549085909781	cham2	1.0
1698.9953553027592	1700.5180297457591	cham1	1.0
1700.712163280554	1702.257766664354	cham2	1.0
1703.0820489943346	1704.6705294773346	cham1	1.0
1705.228491402182	1706.732713773182	cham2	1.0
1707.4471015897147	1709.2727609087146	cham1	1.0
1709.7029084628434	1711.233682969272	cham2	1.0
1711.8817809316042	1713.5826898076043	cham1	1.0
1713.6058676117443	1715.1565329330567	cham2	1.0
1715.7833072289475	1717.504652273114	cham1	1.0
1717.415899161862	1718.9547003199286	cham2	1.0
1719.6145825647995	1721.1372570077995	cham1	1.0
1720.993611715021	1722.6421129179375	cham2	1.0
1723.32975864805	1724.9801905045501	cham1	1.0
1725.430904556926	1726.9616937058258	cham2	1.0
1727.578991293268	1729.162102418968	cham1	1.0
1728.7298343137352	1730.2517124196584	cham2	1.0
1730.7368909640309	1732.2595654070308	cham1	1.0
1733.1438952559445	1734.5289911134444	cham2	1.0
1735.1951022639314	1736.8302387457495	cham1	1.0
1735.897713769053	1737.401936140053	cham2	1.0
1738.7941790945806	1740.4190561345806	cham1	1.0
1740.2296246631752	1741.7752280469751	cham2	1.0
1742.648674280953	1744.237154763953	cham1	1.0
1744.3416709093387	1745.8923362306512	cham2	1.0
1746.2709709621222	1747.9923160062888	cham1	1.0
1747.8032239640186	1749.3420251220853	cham2	1.0
1750.2415654010963	1751.8919972575964	cham1	1.0
1752.0778935080527	1753.6086826569526	cham2	1.0
1754.7229965515173	1756.2456709945172	cham1	1.0
1755.7253017602995	1757.311427380633	cham2	1.0
1758.4149527842474	1760.0398298242474	cham1	1.0
1759.6979566082878	1761.0830524657877	cham2	1.0
1761.7121715581322	1763.3473080399503	cham1	1.0
1763.4382924593178	1764.9690669657464	cham2	1.0
1765.4970071929438	1767.0854876759438	cham1	1.0
1767.410947307306	1768.9497484653727	cham2	1.0
1769.188963425674	1770.711637868674	cham1	1.0
1771.035123659857	1772.5570017657801	cham2	1.0
1773.0898983130871	1774.8112433572537	cham1	1.0
1775.4956484014579	1777.026437550358	cham2	1.0
1777.5713294635082	1779.1544405892082	cham1	1.0
1779.6309265473171	1781.176529931117	cham2	1.0
1781.505002016411	1783.155433872911	cham1	1.0
1783.5106537965223	1784.8957496540222	cham2	1.0
1785.3267595372936	1786.9618960191117	cham1	1.0
1787.5530043435983	1789.0837788500269	cham2	1.0
1789.1812547236661	1790.8821635996662	cham1	1.0
1791.6650505897614	1793.1692729607614	cham2	1.0
1793.4304873688839	1794.9531618118838	cham1	1.0
1795.8467925350124	1797.385593693079	cham2	1.0
1797.6100604625406	1799.1931715882406	cham1	1.0
1801.1162578911085	1802.7666897476086	cham1	1.0
1801.538607960493	1803.0604860664162	cham2	1.0
1803.920561356979	1805.5690625598957	cham2	1.0
1804.9243133764403	1806.5491904164403	cham1	1.0
1807.2071914862775	1808.7379806351773	cham2	1.0
1809.2664254237395	1810.9015619055576	cham1	1.0
1810.6455126412618	1812.1911160250618	cham2	1.0
1812.9687026108454	1814.5193679321578	cham2	1.0
1813.074480909071	1814.597155352071	cham1	1.0
1815.2686606807335	1816.8074618388002	cham2	1.0
1816.6934975740817	1818.2819780570817	cham1	1.0
1818.6140542369344	1820.2001798572678	cham2	1.0
1820.8643584050358	1822.6900177240357	cham1	1.0
1822.4705495864434	1823.8556454439433	cham2	1.0
1825.324163415443	1827.038552571586	cham1	1.0
1826.2573492368651	1827.7881237432937	cham2	1.0
1828.7701725504824	1830.2743949214823	cham2	1.0
1829.1890571701704	1830.8241936519885	cham1	1.0
1831.8330051638663	1833.3637943127665	cham2	1.0
1832.9506729544617	1834.4733473974616	cham1	1.0
1834.6903384133977	1836.2410037347101	cham2	1.0
1836.6426291871917	1838.2311096701917	cham1	1.0
1840.1732571546722	1841.6951352605954	cham2	1.0
1840.6132236261658	1842.3345686703324	cham1	1.0
1843.820665406919	1845.4691666098356	cham2	1.0
1845.7448105911556	1847.3696876311556	cham1	1.0
1846.1903191758945	1847.7291203339612	cham2	1.0
1849.2569299357451	1850.761152306745	cham2	1.0
1849.645808709668	1851.360197865811	cham1	1.0
1852.5093958931627	1854.0549992769627	cham2	1.0
1854.6380133404366	1856.2211244661366	cham1	1.0
1856.6911378384136	1858.0762336959135	cham2	1.0
1858.2136603822353	1859.8640922387353	cham1	1.0
1860.082995194006	1861.6691208143393	cham2	1.0
1862.0451456564176	1863.6700226964176	cham1	1.0
1864.3808966377362	1865.919697795803	cham2	1.0
1865.9925202448712	1867.6276567266893	cham1	1.0
1867.9586091908952	1869.4893836973238	cham2	1.0
1870.3346322921702	1871.9231127751702	cham1	1.0
1872.326206333713	1873.8768716550253	cham2	1.0
1873.840829720738	1875.3635041637378	cham1	1.0
1876.4150206801803	1877.9458098290802	cham2	1.0
1878.1365020669964	1879.7196131926964	cham1	1.0
1880.0159651330353	1881.5378432389584	cham2	1.0
1881.6194796450436	1883.2699115015437	cham1	1.0
1884.499721774332	1886.1482229772487	cham2	1.0
1885.984811542863	1887.573292025863	cham1	1.0
1888.5885361207997	1890.1341395045997	cham2	1.0
1890.2572640386013	1891.8403751643013	cham1	1.0
1891.6551468806506	1893.0402427381505	cham2	1.0
1893.5777026630064	1895.2281345195065	cham1	1.0
1894.2803515462801	1895.78457391728	cham2	1.0
1897.6876162051024	1899.3227526869205	cham1	1.0
1898.3691658927478	1899.8999403991763	cham2	1.0
1901.5983999504692	1903.137201108536	cham2	1.0
1901.6582106440765	1903.2466911270765	cham1	1.0
1905.7449043356519	1907.2675787786518	cham1	1.0
1906.662954084162	1908.2490797044954	cham2	1.0
1909.9012575787885	1911.5261346187885	cham1	1.0
1910.1942028379294	1911.7249919868295	cham2	1.0
1913.9113067892638	1915.4569101730638	cham2	1.0
1915.1953834974206	1916.8305199792387	cham1	1.0
1918.7944603280696	1920.4953692040697	cham1	1.0
1918.8597014244774	1920.398502582544	cham2	1.0
1923.0879071691197	1924.6186816755483	cham2	1.0
1923.1133525248483	1924.9390118438482	cham1	1.0
1926.7820889070583	1928.3047633500582	cham1	1.0
1927.8039828073752	1929.189078664875	cham2	1.0
1930.729463495512	1932.317943978512	cham1	1.0
1932.0274111427145	1933.578076464027	cham2	1.0
1934.5180018194724	1936.0398799253956	cham2	1.0
1934.8161571870876	1936.5375022312542	cham1	1.0
1938.9088308619857	1940.4476320200524	cham2	1.0
1939.344028038549	1940.994459895049	cham1	1.0
1942.788558111191	1944.334161494991	cham2	1.0
1943.4771614311653	1945.0602725568654	cham1	1.0
1946.7976000555705	1948.4224770955705	cham1	1.0
1947.4625771487667	1949.1110783516833	cham2	1.0
1951.166061889313	1952.8804510454559	cham1	1.0
1953.5681595700598	1955.09894871896	cham2	1.0
1954.9851633730177	1956.6202998548358	cham1	1.0
1957.773133415007	1959.3039079214354	cham2	1.0
1958.5655710143037	1960.1174514692036	cham1	1.0
1961.4902373663408	1962.8753332238407	cham2	1.0
1961.7047440896133	1963.2932245726133	cham1	1.0
1964.8626437603762	1966.5839888045427	cham1	1.0
1966.2992406033793	1967.8853662237127	cham2	1.0
1968.577819843627	1970.228251700127	cham1	1.0
1971.363794737072	1972.9025958951388	cham2	1.0
1972.7341730867636	1974.3590501267636	cham1	1.0
1975.7546237795857	1977.2765018855089	cham2	1.0
1976.8673064793795	1978.5024429611976	cham1	1.0
1980.0716458511833	1981.6235263060832	cham1	1.0
1980.8191779132785	1982.3647812970785	cham2	1.0
1983.856481485995	1985.444961968995	cham1	1.0
1986.1625148433213	1987.7131801646337	cham2	1.0
1987.4323384661234	1989.15368351029	cham1	1.0
1990.669503384314	1992.200292533214	cham2	1.0
1991.4725924566583	1993.1230243131583	cham1	1.0
1994.71185393139	1996.3603551343065	cham2	1.0
1995.419967045112	1997.044844085112	cham1	1.0
1999.2653062717743	2000.7871843776975	cham2	1.0
1999.5995401387688	2001.234676620587	cham1	1.0
2003.5864396152	2005.1252407732668	cham2	1.0
2003.6397941293037	2005.3407030053038	cham1	1.0
2007.8378772595386	2009.424002879872	cham2	1.0
2008.5856222901314	2010.1082967331313	cham1	1.0
2012.1382594197396	2013.7267399027396	cham1	1.0
2012.2287063020522	2013.613802159552	cham2	1.0
2015.481917894665	2017.2032629388316	cham1	1.0
2017.7346665299658	2019.2802699137658	cham2	1.0
2019.6847108388422	2021.3351426953423	cham1	1.0
2022.2416550709586	2023.7724442198587	cham2	1.0
2024.0500427366617	2025.6331538623617	cham1	1.0
2026.0981504204676	2027.6289249268962	cham2	1.0
2027.6955592683512	2029.3204363083512	cham1	1.0
2030.7722513966696	2032.2764737676696	cham2	1.0
2031.27141624848	2032.906552730298	cham1	1.0
2034.7171852076237	2036.2559863656904	cham2	1.0
2034.731173976007	2036.4320828520072	cham1	1.0
2038.8875272191433	2040.4102016621432	cham1	1.0
2039.0383185510498	2040.560196656973	cham2	1.0
2042.5794834518738	2044.1679639348738	cham1	1.0
2044.5442787789634	2046.0949441002758	cham2	1.0
2046.7126168444897	2048.4339618886565	cham1	1.0
2048.8886440220854	2050.2737398795853	cham2	1.0
2050.636771582423	2052.2872034389234	cham1	1.0
2052.814835070682	2054.4633362735985	cham2	1.0
2054.8395645266005	2056.4644415666007	cham1	1.0
2057.4379831101537	2058.9835864939537	cham2	1.0
2059.0423574707775	2060.677493952596	cham1	1.0
2061.550029356317	2063.080818505217	cham2	1.0
2062.9897320592313	2064.5124065022314	cham1	1.0
2066.010554097918	2067.5413286043467	cham2	1.0
2066.960326498205	2068.548806981205	cham1	1.0
2070.2387598425607	2071.742982213561	cham2	1.0
2071.0005804887405	2072.7219255329073	cham1	1.0
2074.09525519207	2075.6340563501367	cham2	1.0
2074.878295525633	2076.528727382133	cham1	1.0
2078.509316134279	2080.031194240202	cham2	1.0
2079.127528170851	2080.752405210851	cham1	1.0
2083.0984694540225	2084.649134775335	cham2	1.0
2083.2606615634672	2084.843772689167	cham1	1.0
2086.9200362539527	2088.5085167369525	cham1	1.0
2086.9424957238684	2088.3275915813683	cham2	1.0
2091.016091637253	2092.651228119071	cham1	1.0
2091.7050351615158	2093.291160781849	cham2	1.0
2094.608489558397	2096.1603700132973	cham1	1.0
2097.0019082921667	2098.5475116759667	cham2	1.0
2098.585762906876	2100.1742433898758	cham1	1.0
2101.2068821371136	2102.7376712860137	cham2	1.0
2102.300938990126	2104.0222840342926	cham1	1.0
2105.574479279931	2107.1052537863598	cham2	1.0
2106.8055899910673	2108.388701116767	cham1	1.0
2110.1028087649524	2111.7532406214527	cham1	1.0
2111.475381802674	2113.0260471239862	cham2	1.0
2113.841204698723	2115.466081738723	cham1	1.0
2116.052066042754	2117.590867200821	cham2	1.0
2117.9046785397786	2119.539815021597	cham1	1.0
2120.187344188613	2121.83584539153	cham2	1.0
2122.4477283251135	2124.1486372011136	cham1	1.0
2124.973115525956	2126.494993631879	cham2	1.0
2126.8443209901	2128.3669954331003	cham1	1.0
2128.945770373945	2130.330866231445	cham2	1.0
2130.9310146816756	2132.5194951646754	cham1	1.0
2133.1275123191954	2134.713637939529	cham2	1.0
2134.785509868048	2136.3686209937478	cham1	1.0
2136.798152471138	2138.343755854938	cham2	1.0
2138.384586698697	2140.0094637386974	cham1	1.0
2141.3748367112175	2142.9136378692842	cham2	1.0
2142.6338193439146	2144.268955825733	cham1	1.0
2145.7192019543395	2147.367703157256	cham2	1.0
2146.2561160250843	2147.9570249010844	cham1	1.0
2150.0171033980696	2151.5478925469697	cham2	1.0
2150.598228072383	2152.120902515383	cham1	1.0
2153.965106397829	2155.553586880829	cham1	1.0
2154.0826858448413	2155.61346035127	cham2	1.0
2157.842821434722	2159.6684807537217	cham1	1.0
2157.985644993742	2159.5363103150544	cham2	1.0
2161.697316621094	2163.2199910640943	cham1	1.0
2161.9118360423386	2163.2969318998385	cham2	1.0
2165.80723016319	2167.39571064619	cham1	1.0
2167.8824342641697	2169.38665663517	cham2	1.0
2169.847484153725	2171.4826206355433	cham1	1.0
2172.110640008812	2173.632518114735	cham2	1.0
2173.691524516654	2175.2434049715544	cham1	1.0
2176.1297586561923	2177.6804239775047	cham2	1.0
2177.3939355728276	2178.9824160558273	cham1	1.0
2180.6367471971844	2182.175548355251	cham2	1.0
2180.8072535993138	2182.5285986434806	cham1	1.0
2184.330619248823	2185.9167448691564	cham2	1.0
2185.2654648992147	2186.915896755715	cham1	1.0
2188.8376077898156	2190.2227036473155	cham2	1.0
2189.596071145417	2191.31046030156	cham1	1.0
2193.356837609965	2194.902440993765	cham2	1.0
2194.902440993765	2196.5273180337654	cham1	1.0
2199.1516736389826	2200.8660627951253	cham1	1.0
2202.8096636856462	2204.3603290069586	cham2	1.0
2204.4225797070944	2206.0577161889128	cham1	1.0
2207.32470401734	2208.8635051754068	cham2	1.0
2208.9968902595965	2210.5195647025967	cham1	1.0
2210.9242925087974	2212.114648145797	cham2	1.0
2212.5959670902457	2214.1844475732455	cham1	1.0
2215.0571542305847	2216.5790323365077	cham2	1.0
2216.682660781821	2218.404005825988	cham1	1.0
2220.1321299177766	2221.71825553811	cham2	1.0
2221.71825553811	2223.34313257811	cham1	1.0
2226.0204918496925	2227.734881005835	cham1	1.0
2229.525177970148	2231.0639791282147	cham2	1.0
2230.1470612769845	2231.7301724026843	cham1	1.0
2234.093545549736	2235.639148933536	cham2	1.0
2234.0983940016636	2235.6502744565637	cham1	1.0
2237.948931051811	2239.537411534811	cham1	1.0
2240.1728510742655	2241.758976694599	cham2	1.0
2241.9427453413055	2243.577881823124	cham1	1.0
2245.3100426333904	2246.6951384908903	cham2	1.0
2245.3560633677916	2247.0569722437917	cham1	1.0
2249.300698359793	2250.8314728662217	cham2	1.0
2249.3963173583265	2250.9189918013267	cham1	1.0
2252.9489544879348	2254.5374349709346	cham1	1.0
2253.460222956138	2254.991012105038	cham2	1.0
2256.919548926909	2258.640893971076	cham1	1.0
2258.7129568846995	2260.2348349906224	cham2	1.0
2261.1455617216066	2262.795993578107	cham1	1.0
2265.301914964743	2266.885026090443	cham1	1.0
2267.1297734479167	2268.6685746059834	cham2	1.0
2269.0635307490343	2270.688407789034	cham1	1.0
2270.6493718169227	2272.200037138235	cham2	1.0
2272.8421705341007	2274.5565596902434	cham1	1.0
2275.208850772472	2276.754454156272	cham2	1.0
2276.981499776462	2278.6166362582803	cham1	1.0
2279.34171249426	2280.7268083517597	cham2	1.0
2280.719895710233	2282.242570153233	cham1	1.0
2283.5012378389933	2285.14973904191	cham2	1.0
2284.3421923914025	2285.9306728744023	cham1	1.0
2288.498545634539	2290.0816567602387	cham1	1.0
2290.2471339641984	2291.785935122265	cham2	1.0
2291.9583033620656	2293.608735218566	cham1	1.0
2294.6821834240513	2296.1864057950515	cham2	1.0
2296.43517146631	2298.2608307853097	cham1	1.0
2299.534962244018	2301.065751392918	cham2	1.0
2300.1537702789437	2301.8681594350865	cham1	1.0
2303.4900664718252	2305.020840978254	cham2	1.0
2305.216838009166	2306.8519744909845	cham1	1.0
2307.2674132056522	2308.652509063152	cham2	1.0
2309.349971401782	2310.8726458447823	cham1	1.0
2311.1336379385793	2312.7197635589127	cham2	1.0
2313.065147485033	2314.6536279680327	cham1	1.0
2315.5686873984328	2317.119352719745	cham2	1.0
2316.757103717763	2318.47844876193	cham1	1.0
2319.4704643773453	2320.992342483268	cham2	1.0
2320.890237110379	2322.473348236079	cham1	1.0
2324.4196543894673	2326.044531429467	cham1	1.0
2324.4298976941004	2325.968698852167	cham2	1.0
2328.1361414307353	2329.6403638017355	cham2	1.0
2328.599227483124	2330.2343639649425	cham1	1.0
2331.3179998136893	2332.8636031974893	cham2	1.0
2332.941339530423	2334.4640139734233	cham1	1.0
2336.586856062113	2338.1753365451127	cham1	1.0
2336.8373699837216	2338.485871186638	cham2	1.0
2340.5574505010873	2342.278795545254	cham1	1.0
2342.1612069094745	2343.5463027669743	cham2	1.0
2344.3422861358986	2345.992717992399	cham1	1.0
2346.4184981279586	2347.9492726343874	cham2	1.0
2348.6843981831976	2350.3987873393403	cham1	1.0
2351.0313050807918	2352.581970402104	cham2	1.0
2353.1658293336186	2354.9914886526185	cham1	1.0
2357.7401398861207	2359.3650169261205	cham1	1.0
2360.612433225029	2362.198558845362	cham2	1.0
2361.873273278737	2363.461753761737	cham1	1.0
2365.6581089135484	2367.1807833565485	cham1	1.0
2367.0916931097636	2368.6304942678303	cham2	1.0
2369.8376820072053	2371.4881138637056	cham1	1.0
2372.7443813995305	2374.2486037705307	cham2	1.0
2374.2030139050244	2375.786125030724	cham1	1.0
2376.326194141689	2377.856983290589	cham2	1.0
2377.9646296893156	2379.5895067293154	cham1	1.0
2381.2767403321845	2382.8075148386133	cham2	1.0
2382.144202782973	2383.7793392647914	cham1	1.0
2385.7569072720553	2387.3087877269554	cham1	1.0
2385.9873139071574	2387.53797922847	cham2	1.0
2389.899632856758	2391.488113339758	cham1	1.0
2393.5451493884475	2395.2664944326143	cham1	1.0
2395.381796683766	2396.903674789689	cham2	1.0
2397.7711621831454	2399.4215940396457	cham1	1.0
2399.7457423970372	2401.394243599954	cham2	1.0
2401.997174977843	2403.6220520178426	cham1	1.0
2405.887263793499	2407.432867177299	cham2	1.0
2406.284573388088	2407.985482264088	cham1	1.0
2410.820033485307	2412.2051293428067	cham2	1.0
2411.169015933368	2412.8041524151863	cham1	1.0
2415.7350281772065	2417.2658026836352	cham2	1.0
2415.7569490962956	2417.3088295511957	cham1	1.0
2419.737140775364	2421.3256212583638	cham1	1.0
2421.769894329491	2423.274116700491	cham2	1.0
2423.5219764101757	2425.2433214543425	cham1	1.0
2425.698334932351	2427.229124081251	cham2	1.0
2427.9337480090358	2429.584179865536	cham1	1.0
2431.8499382324426	2433.6755975514425	cham1	1.0
2432.293137936912	2433.815016042835	cham2	1.0
2435.9213765880245	2437.4440510310246	cham1	1.0
2436.2038020430846	2437.754467364397	cham2	1.0
2439.5204534186732	2441.108933901673	cham1	1.0
2442.3275476892486	2443.913673309582	cham2	1.0
2443.8625654659722	2445.4977019477906	cham1	1.0
2448.2743370648323	2449.9752459408323	cham1	1.0
2450.3799613908573	2451.918762548924	cham2	1.0
2453.1272858235784	2454.6499602665785	cham1	1.0
2454.939441095796	2456.5879422987127	cham2	1.0
2457.1443199635933	2458.7947518200936	cham1	1.0
2459.445592804452	2460.991196188252	cham2	1.0
2461.5560915624533	2463.139202688153	cham1	1.0
2464.493905616086	2465.879001473586	cham2	1.0
2465.271267645704	2466.8961446857043	cham1	1.0
2468.1645971057355	2469.6688194767357	cham2	1.0
2469.729478945604	2471.3646154274225	cham1	1.0
2471.9063923409667	2473.4371668473955	cham2	1.0
2473.909052039261	2475.431726482261	cham1	1.0
2476.723620411727	2478.262421569794	cham2	1.0
2478.460142741243	2480.18148778541	cham1	1.0
2480.9186965066674	2482.4494856555675	cham2	1.0
2482.709375386461	2484.3598072429613	cham1	1.0
2485.8959063211096	2487.446571642422	cham2	1.0
2486.9353881811585	2488.5238686641583	cham1	1.0
2490.6153670213416	2492.1372451272646	cham2	1.0
2491.091741424295	2492.6748525499947	cham1	1.0
2494.9259862361087	2496.512111856442	cham2	1.0
2495.3641939200334	2496.9890709600336	cham1	1.0
2499.1032873301406	2500.4883831876405	cham2	1.0
2499.5133505158506	2501.2142593918506	cham1	1.0
2503.378354297923	2504.923957681723	cham2	1.0
2504.236976035196	2505.8721125170146	cham1	1.0
2507.5201038933587	2509.0589050514254	cham2	1.0
2508.319897029838	2509.8717774847382	cham1	1.0
2511.2974506271853	2512.8016729981855	cham2	1.0
2512.825521511311	2514.5468665554777	cham1	1.0
2515.332544978444	2516.8633194848726	cham2	1.0
2517.260512960691	2518.8489934436907	cham1	1.0
2519.6076126946155	2521.158278015928	cham2	1.0
2521.300766951226	2522.823441394226	cham1	1.0
2523.3227443058986	2524.8535334547987	cham2	1.0
2525.3642407922816	2526.9473519179815	cham1	1.0
2527.4644931529456	2528.9863712588685	cham2	1.0
2528.800778669288	2530.425655709288	cham1	1.0
2531.6151306230304	2533.263631825947	cham2	1.0
2532.867672333722	2534.582061489865	cham1	1.0
2536.1657217049315	2537.7113250887314	cham2	1.0
2537.554662315447	2539.189798797265	cham1	1.0
2539.6764321992882	2541.061528056788	cham2	1.0
2541.4323773523397	2542.95505179534	cham1	1.0
2543.364900186625	2544.8691225576254	cham2	1.0
2545.193993136631	2546.7824736196308	cham1	1.0
2547.3555551646386	2548.8943563227053	cham2	1.0
2549.48966548289	2551.2110105270567	cham1	1.0
2554.7141318499607	2556.364563706461	cham1	1.0
2554.9546880065373	2556.5053533278497	cham2	1.0
2558.7764733652193	2560.307247871648	cham2	1.0
2559.500874691578	2561.3265340105777	cham1	1.0
2562.527156475099	2564.0579456239993	cham2	1.0
2564.0020720580874	2565.5247465010875	cham1	1.0
2566.1089699666477	2567.695095586981	cham2	1.0
2567.531489337175	2569.119969820175	cham1	1.0
2571.4788639256285	2573.114000407447	cham1	1.0
2572.206051240475	2573.727929346398	cham2	1.0
2574.6857682735476	2576.189990644548	cham2	1.0
2575.2636995604403	2576.88857660044	cham1	1.0
2578.621506780619	2580.3358959367615	cham1	1.0
2579.378566098222	2580.763661955722	cham2	1.0
2582.5058188212265	2584.0514222050265	cham2	1.0
2583.0191296342255	2584.6022407599253	cham1	1.0
2585.982256229043	2587.5329215503552	cham2	1.0
2586.7575255679967	2588.382402607997	cham1	1.0
2590.124005824479	2591.6628069825456	cham2	1.0
2590.732078591197	2592.3672150730154	cham1	1.0
2595.643375245121	2597.291876448038	cham2	1.0
2596.254444430806	2597.8429249138057	cham1	1.0
2600.3895003186894	2601.9113784246124	cham2	1.0
2600.7823152822675	2602.3049897252677	cham1	1.0
2604.49569766714	2606.0264868160402	cham2	1.0
2605.333405984249	2606.9838378407494	cham1	1.0
2608.3352595235096	2609.921385143843	cham2	1.0
2610.418553248199	2612.043430288199	cham1	1.0
2613.303581463303	2614.849184847103	cham2	1.0
2615.526920362668	2617.115400845668	cham1	1.0
2617.525321182191	2619.029543553191	cham2	1.0
2619.892252260487	2621.4149267034873	cham1	1.0
2621.1160225483886	2622.5011184058885	cham2	1.0
2624.249716249932	2625.9001481064324	cham1	1.0
2627.5419551852287	2629.0727296916575	cham2	1.0
2628.994433664451	2630.6295701462695	cham1	1.0
2632.6919405839117	2634.243821038812	cham1	1.0
2634.7233579176245	2636.262159075691	cham2	1.0
2636.7963034392774	2638.517648483444	cham1	1.0
2638.749564394234	2640.271442500157	cham2	1.0
2640.929436831894	2642.5179173148936	cham1	1.0
2644.9977402864843	2646.5285294353844	cham2	1.0
2645.4573076833553	2646.9799821263555	cham1	1.0
2649.2885830192076	2650.939014875708	cham1	1.0
2649.557219243034	2651.2057204459506	cham2	1.0
2653.3079023529135	2654.8535057367135	cham2	1.0
2653.88611342223	2655.51099046223	cham1	1.0
2657.3607732018595	2658.911438523172	cham2	1.0
2657.57806965496	2659.2132061367784	cham1	1.0
2660.7026133284953	2662.241414486562	cham2	1.0
2661.3980138849906	2663.1124030411333	cham1	1.0
2665.093223415104	2666.6793490354376	cham2	1.0
2666.262293749558	2667.784968192558	cham1	1.0
2669.2971881340836	2670.6822839915835	cham2	1.0
2669.9542499822883	2671.542730465288	cham1	1.0
2672.399055644196	2673.903278015196	cham2	1.0
2674.1570429264657	2675.8783879706325	cham1	1.0
2676.5319173659836	2678.0626918724124	cham2	1.0
2678.592034375846	2680.2424662323465	cham1	1.0
2680.9580789501874	2682.4888680990875	cham2	1.0
2682.632288366381	2684.257165406381	cham1	1.0
2686.592990742267	2688.1436560635793	cham2	1.0
2687.126695569211	2688.8410847253535	cham1	1.0
2689.2949046415642	2690.833705799631	cham2	1.0
2691.455831564101	2693.038942689801	cham1	1.0
2694.840937686153	2696.362815792076	cham2	1.0
2695.468417231119	2697.020297686019	cham1	1.0
2698.5027420495435	2700.15124325246	cham2	1.0
2700.1168358081786	2701.751972289997	cham1	1.0
2701.0268984558606	2702.4119943133605	cham2	1.0
2703.9945508450714	2705.619427885071	cham1	1.0
2704.822020938985	2706.367624322785	cham2	1.0
2707.8026063304033	2709.391086813403	cham1	1.0
2708.066094444482	2709.5703168154823	cham2	1.0
2711.5642221146945	2713.2855671588613	cham1	1.0
2713.852100853984	2715.390902012051	cham2	1.0
2716.3475113218797	2717.99794317838	cham1	1.0
2718.553785804918	2720.1399114252513	cham2	1.0
2721.109159079027	2722.8235482351697	cham1	1.0
2723.7976318598303	2725.3284210087304	cham2	1.0
2725.4496927258438	2726.972367168844	cham1	1.0
2729.317001280473	2730.847775786902	cham2	1.0
2729.3274077627366	2730.9105188884364	cham1	1.0
2732.6710662376618	2734.321498094162	cham1	1.0
2733.1921146354384	2734.730915793505	cham2	1.0
2736.631722132603	2738.1823874539155	cham2	1.0
2736.9899584344403	2738.6250949162586	cham1	1.0
2740.774794069252	2742.399671109252	cham1	1.0
2741.244528337047	2742.76640644297	cham2	1.0
2746.2314589415264	2747.819939424526	cham1	1.0
2748.052640333184	2749.7011415361007	cham2	1.0
2750.5271312877844	2752.0498057307846	cham1	1.0
2752.8254282823104	2754.2105241398103	cham2	1.0
2754.7021747393173	2756.3373112211357	cham1	1.0
2755.0918363228066	2756.5960586938068	cham2	1.0
2758.291471203448	2759.837074587248	cham2	1.0
2758.5844194183346	2760.209296458335	cham1	1.0
2762.903311615113	2764.491792098113	cham1	1.0
2763.250904520203	2764.7816936691033	cham2	1.0
2766.9203457551275	2768.6416907992943	cham1	1.0
2766.921596758242	2768.507722378575	cham2	1.0
2770.6011768709295	2772.139978028996	cham2	1.0
2771.1463585498254	2772.7967904063257	cham1	1.0
2774.956234709552	2776.487009215981	cham2	1.0
2776.3011653653352	2777.884276491035	cham1	1.0
2779.329069046862	2781.097855674195	cham2	1.0
2779.923462046505	2781.548339086505	cham1	1.0
2782.715349296133	2784.2660146174453	cham2	1.0
2783.8353843911987	2785.5497735473414	cham1	1.0
2787.0259677615104	2788.5478458674334	cham2	1.0
2788.2129486822573	2789.8480851640757	cham1	1.0
2790.4477995093775	2791.9866006674442	cham2	1.0
2792.227357389143	2793.779237844043	cham1	1.0
2795.9219390550024	2797.510419538002	cham1	1.0
2796.393786914172	2798.0422881170884	cham2	1.0
2799.8925334939763	2801.613878538143	cham1	1.0
2802.0998024508326	2803.6454058346326	cham2	1.0
2804.931241056885	2806.5816729133853	cham1	1.0
2807.272544760164	2808.803333909064	cham2	1.0
2809.136930723618	2810.851319879761	cham1	1.0
2811.147658115129	2812.6518804861294	cham2	1.0
2813.5690254504425	2815.3946847694424	cham1	1.0
2813.7962447665327	2815.3270192729615	cham2	1.0
2816.9603281485784	2818.3454240060782	cham2	1.0
2817.539619889417	2819.1281003724166	cham1	1.0
2821.3708952252687	2822.9540063509685	cham1	1.0
2822.230837079049	2823.7696382371155	cham2	1.0
2825.101620596677	2826.6522859179895	cham2	1.0
2825.202170561121	2826.8270476011207	cham1	1.0
2828.852303707557	2830.37418181348	cham2	1.0
2829.9390200672656	2831.574156549084	cham1	1.0
2832.363013452524	2833.893802601424	cham2	1.0
2833.6847060275018	2835.236586482402	cham1	1.0
2835.9537148187214	2837.539840439055	cham2	1.0
2837.369372233766	2838.957852716766	cham1	1.0
2839.7043979286013	2841.2500013124013	cham2	1.0
2841.9636135216156	2843.598750003434	cham1	1.0
2843.517295413635	2844.902391271135	cham2	1.0
2846.123255879925	2847.748132919925	cham1	1.0
2848.334523483395	2849.8387458543953	cham2	1.0
2850.481213858147	2852.1956030142896	cham1	1.0
2851.551934114335	2853.0907352724016	cham2	1.0
2854.644941020881	2856.1676154638812	cham1	1.0
2856.849106667752	2858.4976078706686	cham2	1.0
2858.6387553103755	2860.2272357933753	cham1	1.0
2860.777547271612	2862.299425377535	cham2	1.0
2862.6093497493493	2864.192460875049	cham1	1.0
2863.7905360352347	2865.341201356547	cham2	1.0
2866.022667775836	2867.6475448158358	cham1	1.0
2868.6610913538893	2870.1918805027894	cham2	1.0
2870.3879996736555	2872.1093447178223	cham1	1.0
2872.429550214067	2873.960324720496	cham2	1.0
2874.683672019914	2876.2721525029137	cham1	1.0
2876.7846080526897	2878.28883042369	cham2	1.0
2878.932904665132	2880.455579108132	cham1	1.0
2881.228545387192	2882.6136412446917	cham2	1.0
2883.1697021217915	2884.80483860361	cham1	1.0
2885.005892121019	2886.551495504819	cham2	1.0
2887.2688310019253	2888.893708041925	cham1	1.0
2889.5120438296744	2891.050844987741	cham2	1.0
2891.401964394541	2893.123309438708	cham1	1.0
2894.1159629078584	2895.702088528192	cham2	1.0
2895.442218385076	2897.030698868076	cham1	1.0
2898.8087599841433	2900.3395491330434	cham2	1.0
2899.7146708808145	2901.2977820065144	cham1	1.0
2902.0528342390303	2903.583608745459	cham2	1.0
2903.940683675512	2905.5911155320123	cham1	1.0
2906.079041464029	2907.617842622096	cham2	1.0
2908.7471927332176	2910.382329215036	cham1	1.0
2910.6118567966323	2911.996952654132	cham2	1.0
2912.6481276206305	2914.3490364966306	cham1	1.0
2914.691391269525	2916.213269375448	cham2	1.0
2916.943799966889	2918.466474409889	cham1	1.0
2919.2686467237627	2920.9171479266793	cham2	1.0
2921.518110519391	2923.106591002391	cham1	1.0
2924.094761919782	2925.640365303582	cham2	1.0
2925.7209034635684	2927.3040145892683	cham1	1.0
2928.876438491947	2930.407227640847	cham2	1.0
2929.1342214900546	2930.7590985300544	cham1	1.0
2933.370779743338	2935.085168899481	cham1	1.0
2933.4181416991983	2934.948916205627	cham2	1.0
2937.9577646877747	2939.480439130775	cham1	1.0
2939.8085235858325	2941.359188907145	cham2	1.0
2941.881919425708	2943.5323512822083	cham1	1.0
2944.048039054018	2945.5868402120846	cham2	1.0
2946.285371920484	2948.111031239484	cham1	1.0
2948.056470529719	2949.642596150052	cham2	1.0
2950.705462623428	2952.293943106428	cham1	1.0
2951.0339085441356	2952.4190044016354	cham2	1.0
2954.931475418126	2956.454149861126	cham1	1.0
2956.3577447214993	2957.8796228274223	cham2	1.0
2958.8556301560593	2960.4907666378776	cham1	1.0
2960.6683639362664	2962.207165094333	cham2	1.0
2962.9191039971147	2964.543981037115	cham1	1.0
2965.334497388604	2966.880100772404	cham2	1.0
2967.4663087579847	2969.1806979141274	cham1	1.0
2970.2761557044505	2971.7803780754507	cham2	1.0
2971.998065550558	2973.7194105947246	cham1	1.0
2973.8757449452974	2975.4065340941975	cham2	1.0
2976.804574608263	2978.4550064647633	cham1	1.0
2981.545980035999	2983.0966453573114	cham2	1.0
2981.6807432175297	2983.2692237005294	cham1	1.0
2984.950036034568	2986.4808105409966	cham2	1.0
2985.883536161707	2987.406210604707	cham1	1.0
2989.6339452362035	2991.1727463942702	cham2	1.0
2989.9470100027625	2991.5301211284623	cham1	1.0
2993.4201798446793	2995.068681047596	cham2	1.0
2993.5693066839317	2995.1941837239315	cham1	1.0
2996.5931511013737	2998.1150292072966	cham2	1.0
2998.1203973859133	2999.7555338677316	cham1	1.0
3001.825657282568	3003.377537737468	cham1	1.0
3002.0325296501746	3003.4176255076745	cham2	1.0
3005.875827459699	3007.4643079426987	cham1	1.0
3005.960970254035	3007.5470958743686	cham2	1.0
3010.519797563762	3012.241142607929	cham1	1.0
3014.164477824677	3015.1904933176766	cham2	1.0
3015.1869875183456	3016.837419374846	cham1	1.0
3017.550758072947	3019.054980443947	cham2	1.0
3020.202475230734	3021.8273522707336	cham1	1.0
3021.0881321912507	3022.6337355750507	cham2	1.0
3024.683906381155	3026.319042862973	cham1	1.0
3024.723272182304	3026.2739375036163	cham2	1.0
3028.4561795438863	3029.994980701953	cham2	1.0
3028.7009405211693	3030.4018493971694	cham1	1.0
3032.669032136514	3034.3175333394306	cham2	1.0
3033.2520312231513	3034.7747056661515	cham1	1.0
3036.695238613124	3038.226027762024	cham2	1.0
3037.1529661105646	3038.7414465935644	cham1	1.0
3040.8281003339107	3042.3588748403395	cham2	1.0
3041.7272766630663	3043.448621707233	cham1	1.0
3044.925409807712	3046.310505665212	cham2	1.0
3046.2783673650483	3047.9287992215486	cham1	1.0
3047.6895388295525	3049.1937612005527	cham2	1.0
3050.179994969551	3051.8943841256937	cham1	1.0
3051.529100685922	3053.050978791845	cham2	1.0
3054.8929319080858	3056.4760430337856	cham1	1.0
3056.2130098875577	3057.7586132713577	cham2	1.0
3058.6777675428975	3060.2004419858977	cham1	1.0
3061.2257712015967	3062.7645723596634	cham2	1.0
3062.6715818323914	3064.3220136888917	cham1	1.0
3064.7187059466555	3066.269371267968	cham2	1.0
3067.2923320859345	3068.9172091259347	cham1	1.0
3069.9447755028805	3071.4755500093092	cham2	1.0
3071.5647845816725	3073.199921063491	cham1	1.0
3073.855440357442	3075.3862295063423	cham2	1.0
3075.908676652771	3077.4605571076713	cham1	1.0
3078.805984119675	3080.3921097400084	cham2	1.0
3079.6452925627427	3081.2337730457425	cham1	1.0
3083.3299123270185	3084.8517904329415	cham2	1.0
3083.569447300676	3085.290792344843	cham1	1.0
3087.7954600953735	3089.445891951874	cham1	1.0
3089.3025641041495	3090.951065307066	cham2	1.0
3093.6850855226107	3095.3994746787534	cham1	1.0
3094.7774941515463	3096.162590009046	cham2	1.0
3097.6638965665074	3099.2470076922073	cham1	1.0
3098.839252875141	3100.384856258941	cham2	1.0
3101.286193247677	3102.9110702876774	cham1	1.0
3103.718695319055	3105.2574964771215	cham2	1.0
3105.419326640293	3107.0544631221114	cham1	1.0
3108.2870628996434	3109.873188519977	cham2	1.0
3109.3202615277064	3110.908742010706	cham1	1.0
3113.6391537244854	3115.1618281674855	cham1	1.0
3116.081728235431	3117.612517384331	cham2	1.0
3117.9116062202233	3119.5620380767236	cham1	1.0
3121.7077529002504	3123.238527406679	cham2	1.0
3122.504220966515	3124.2186101226575	cham1	1.0
3125.165135398324	3126.7158007196363	cham2	1.0
3127.6639434387557	3129.299079920574	cham1	1.0
3129.253557745866	3130.792358903933	cham2	1.0
3131.866736382933	3133.491613422933	cham1	1.0
3134.0352343180302	3135.683735520947	cham2	1.0
3136.208848430232	3137.797328913232	cham1	1.0
3138.6302647721755	3140.1521428780984	cham2	1.0
3140.3884215238886	3141.9110959668888	cham1	1.0
3143.8207835791945	3145.2058794366944	cham2	1.0
3144.800193122749	3146.4506249792494	cham1	1.0
3147.5803538153336	3149.084576186334	cham2	1.0
3150.3057712309546	3152.0201603870973	cham1	1.0
3151.2599339280214	3152.8055373118214	cham2	1.0
3154.7847288464845	3156.3678399721844	cham1	1.0
3155.9705075029938	3157.501296651894	cham2	1.0
3158.7321034349384	3160.356980474938	cham1	1.0
3160.716631827173	3162.2672971484853	cham2	1.0
3163.004555930677	3164.5930364136766	cham1	1.0
3164.947260170099	3166.478034676528	cham2	1.0
3166.9515250554928	3168.586661537311	cham1	1.0
3169.017906018953	3170.403001876453	cham2	1.0
3171.061844061226	3172.5845185042263	cham1	1.0
3174.3417429457068	3175.8805441037734	cham2	1.0
3175.589714912688	3177.172826038388	cham1	1.0
3178.750128781613	3180.3362544019465	cham2	1.0
3179.328110846459	3180.978542702959	cham1	1.0
3183.229616866322	3184.751494972245	cham2	1.0
3183.948861100002	3185.5737381400018	cham1	1.0
3187.753545072665	3189.284334221565	cham2	1.0
3188.207837896545	3189.9222270526875	cham1	1.0
3192.135266535234	3193.680869919034	cham2	1.0
3192.6563050451205	3194.291441526939	cham1	1.0
3196.6374993957656	3198.189379850666	cham1	1.0
3198.587863545412	3200.1266647034786	cham2	1.0
3200.945791680873	3202.5342721638726	cham1	1.0
3203.556184736816	3205.2046859397324	cham2	1.0
3204.544868511522	3206.266213555689	cham1	1.0
3207.662382833656	3209.193157340085	cham2	1.0
3208.608342352577	3210.2587742090773	cham1	1.0
3213.0319965431263	3214.7329054191264	cham1	1.0
3213.1195378801444	3214.5046337376443	cham2	1.0
3218.1052612153867	3219.627935658387	cham1	1.0
3219.509919018389	3221.0141413893894	cham2	1.0
3221.6341210645014	3223.172922222568	cham2	1.0
3222.05263580384	3223.64111628684	cham1	1.0
3225.0737285606656	3226.659854180999	cham2	1.0
3227.1023694330906	3228.737505914909	cham1	1.0
3229.4376742749378	3230.968463423838	cham2	1.0
3231.363795862487	3232.988672902487	cham1	1.0
3233.7660692380027	3235.3116726218027	cham2	1.0
3236.4953828274765	3238.0838633104763	cham1	1.0
3238.6188480589694	3240.169513380282	cham2	1.0
3239.8158214518817	3241.5371664960485	cham1	1.0
3242.00512830724	3243.3902241647397	cham2	1.0
3244.2043732002217	3245.854805056722	cham1	1.0
3246.5023928906367	3248.1508940935532	cham2	1.0
3248.4089336091783	3250.2345929281782	cham1	1.0
3251.9830231245273	3253.571503607527	cham1	1.0
3252.3239500493446	3253.8547245557734	cham2	1.0
3256.371574872867	3257.9546859985667	cham1	1.0
3257.967750464463	3259.498539613363	cham2	1.0
3260.063531105597	3261.7139629620974	cham1	1.0
3262.1717144340523	3263.6759368050525	cham2	1.0
3264.2521908615463	3265.9672329257746	cham1	1.0
3266.5089972727665	3268.0308753786894	cham2	1.0
3268.8638544527967	3270.498990934615	cham1	1.0
3271.2195700983493	3272.758371256416	cham2	1.0
3272.76478934021	3274.28746378321	cham1	1.0
3274.588074597322	3276.138739918634	cham2	1.0
3276.990802134908	3278.5792826179077	cham1	1.0
3280.116332642003	3281.6471071484316	cham2	1.0
3281.0078362749223	3282.729181319089	cham1	1.0
3283.9292301260357	3285.3143259835356	cham2	1.0
3285.2338490696197	3286.88428092612	cham1	1.0
3286.880004515505	3288.384226886505	cham2	1.0
3290.086797828366	3291.711674868366	cham1	1.0
3290.5506967545443	3292.0963001383443	cham2	1.0
3294.9165267365915	3296.55166321841	cham1	1.0
3297.1277232604175	3298.666524418484	cham2	1.0
