1803.9045333085214	1805.5574716471215	frye3	1.0
1805.1553033112161	1806.9298007988161	frye1	1.0
1808.5484960759227	1810.223678924256	frye3	1.0
1809.4531840331879	1811.1455702044957	frye1	1.0
1813.6800749339006	1815.6549493058099	frye3	1.0
1813.9136872689637	1815.640812478297	frye1	1.0
1818.8620580461527	1820.4876861867526	frye1	1.0
1818.997412302575	1820.2878436257417	frye3	1.0
1822.4629851375346	1824.2374826251346	frye1	1.0
1823.9432326498572	1825.3723783784408	frye3	1.0
1826.7376340718197	1828.3789657302198	frye1	1.0
1828.7032944864432	1830.3597632055971	frye3	1.0
1830.3385611632016	1832.052510642285	frye1	1.0
1833.8116535305846	1835.486836378918	frye3	1.0
1835.240468365018	1836.920173709927	frye1	1.0
1839.1201769086356	1840.8473021179689	frye1	1.0
1839.523727734488	1840.9884898229045	frye3	1.0
1843.8594615966476	1845.5831367910112	frye1	1.0
1846.2342539333824	1847.8871922719825	frye3	1.0
1847.5533158387746	1849.267265317858	frye1	1.0
1850.7853374454355	1852.0757687686023	frye3	1.0
1852.315832314473	1853.941460455073	frye1	1.0
1854.6862661700525	1856.115411898636	frye3	1.0
1855.9632229812273	1857.7377204688273	frye1	1.0
1859.0283713575723	1860.6848400767262	frye3	1.0
1860.9812891214754	1862.6226207798754	frye1	1.0
1864.5314672369427	1866.2066500852761	frye3	1.0
1864.9771566035247	1866.704281812858	frye1	1.0
1869.4144280516143	1871.1283775306977	frye1	1.0
1870.8008169729342	1872.4474982962674	frye3	1.0
1874.6415802810393	1876.3652554754028	frye1	1.0
1877.0469468950887	1878.5117089835053	frye3	1.0
1878.7536067015205	1880.4333120464296	frye1	1.0
1881.4819313379567	1883.1348696765567	frye3	1.0
1882.1919112790977	1883.9664087666977	frye1	1.0
1887.163513843973	1888.8604359545732	frye1	1.0
1888.0299188399922	1889.320350163159	frye3	1.0
1891.3684674151996	1893.082416894283	frye1	1.0
1893.0221788149481	1894.4513245435314	frye3	1.0
1895.782507075603	1897.408135216203	frye1	1.0
1897.5036028854904	1899.1600716046444	frye3	1.0
1899.47636131773	1901.25085880533	frye1	1.0
1903.472228799779	1905.113560458179	frye1	1.0
1904.33022815357	1905.7949902419866	frye3	1.0
1907.4680962818286	1909.1952214911619	frye1	1.0
1909.276048500852	1910.9227298241854	frye3	1.0
1912.1376856067816	1913.9121830943816	frye1	1.0
1913.0840979701209	1914.7592808184543	frye3	1.0
1916.6678842056167	1918.3475895505258	frye1	1.0
1920.2590204457556	1921.8836184358556	frye3	1.0
1920.2688112969981	1921.9657334075982	frye1	1.0
1924.3343741421068	1926.04832362119	frye1	1.0
1925.2702475455787	1926.6508060650785	frye3	1.0
1927.9447788258044	1929.409540914221	frye3	1.0
1928.8413409532552	1930.5650161476187	frye1	1.0
1931.3510603948935	1932.780206123477	frye3	1.0
1932.7675130722455	1934.4946382815788	frye1	1.0
1935.6769768335273	1937.3334455526813	frye3	1.0
1937.2280163080218	1938.8536444486217	frye1	1.0
1940.183660812892	1941.8303421362252	frye3	1.0
1940.736016248658	1942.510513736258	frye1	1.0
1945.4520691489838	1947.093400807384	frye1	1.0
1946.7063884061047	1947.9968197292715	frye3	1.0
1949.2388505418562	1950.9528000209395	frye1	1.0
1951.214009535463	1952.6431552640465	frye3	1.0
1953.072095510101	1954.7644816814088	frye1	1.0
1955.9478743132331	1957.9227486851423	frye3	1.0
1957.2305855059549	1958.9577107152882	frye1	1.0
1962.1557244954574	1963.9302219830574	frye1	1.0
1967.0237255134846	1968.698908361818	frye3	1.0
1970.472704487165	1972.1866539662483	frye1	1.0
1972.8054591588989	1974.458397497499	frye3	1.0
1974.9796712983134	1976.6765934089135	frye1	1.0
1979.324015595658	1981.098513083258	frye1	1.0
1981.1645921402207	1982.593737868804	frye3	1.0
1983.8309824068065	1985.55465760117	frye1	1.0
1986.1104124875033	1987.5751745759198	frye3	1.0
1988.0591677657194	1989.7862929750527	frye1	1.0
1991.7528272498955	1993.399508573229	frye3	1.0
1992.1247306108276	1993.838680089911	frye1	1.0
1996.1413720650892	1997.7978407842431	frye3	1.0
1996.538770271231	1998.21847561614	frye1	1.0
2000.0700019995536	2001.7971272088869	frye1	1.0
2002.5268208702657	2004.2020037185991	frye3	1.0
2004.3678827215253	2006.1423802091253	frye1	1.0
2008.3637502035745	2009.9893783441744	frye1	1.0
2008.8193904200946	2010.4723287586946	frye3	1.0
2011.6626640550342	2013.3766135341175	frye1	1.0
2015.4370373636407	2016.7274686868075	frye3	1.0
2016.541339469164	2018.233725640472	frye1	1.0
2020.653365889645	2022.3804910989784	frye1	1.0
2022.3101022593944	2023.7392479879777	frye3	1.0
2024.626001584008	2025.8948458050081	frye1	1.0
2027.372021675862	2028.8367837642786	frye3	1.0
2027.6693657709177	2029.4438632585177	frye1	1.0
2032.4783458219888	2034.175267932589	frye1	1.0
2036.0562320509018	2037.7029133742353	frye3	1.0
2037.1247033592554	2038.7660350176554	frye1	1.0
2041.280690164228	2042.937158883382	frye3	1.0
2041.3761205058545	2043.0900699849378	frye1	1.0
2046.5980275329023	2048.2732103812355	frye3	1.0
2046.7194316737111	2048.4431068680747	frye1	1.0
2050.5759084296424	2052.3030336389756	frye1	1.0
2052.9602565242417	2054.935130896151	frye3	1.0
2055.895987809813	2057.521615950413	frye1	1.0
2059.33429238739	2061.10878987499	frye1	1.0
2059.531463840114	2060.8218951632807	frye3	1.0
2064.6776035552466	2066.3745256658467	frye1	1.0
2065.0809993471585	2066.7339376857585	frye3	1.0
2069.1148750033362	2070.756206661736	frye1	1.0
2070.978832061758	2072.4435941501747	frye3	1.0
2073.203669636131	2074.917619115214	frye1	1.0
2075.994311850551	2077.4234575791347	frye3	1.0
2078.012649687202	2079.7397748965354	frye1	1.0
2080.916912383996	2082.57338110315	frye3	1.0
2082.868093313646	2084.3512301518	frye1	1.0
2083.91226836897	2085.2928268884702	frye3	1.0
2086.4922521927137	2088.2667496803138	frye1	1.0
2086.5825469602255	2088.257729808559	frye3	1.0
2091.0921461546077	2092.7845323259153	frye1	1.0
2091.180070099953	2093.154944471862	frye3	1.0
2095.1809407874025	2096.8948902664856	frye1	1.0
2096.188658822794	2097.8353401461272	frye3	1.0
2099.804066536983	2101.0597482069834	frye1	1.0
2101.5128872574196	2102.803318580586	frye3	1.0
2104.0090201082094	2105.7361453175427	frye1	1.0
2105.924651886451	2107.577590225051	frye3	1.0
2108.097814741004	2109.723442881604	frye1	1.0
2111.1644107156	2112.9389082032	frye1	1.0
2111.3580883243103	2112.822850412727	frye3	1.0
2115.5784503760033	2117.2753724866034	frye1	1.0
2117.464899363443	2118.8940450920263	frye3	1.0
2119.551086070366	2121.2650355494493	frye1	1.0
2121.992763061659	2123.649231780813	frye3	1.0
2124.1045164568877	2125.7458481152876	frye1	1.0
2127.426199499518	2129.1013823478515	frye3	1.0
2128.6811786310955	2130.4083038404287	frye1	1.0
2133.257840805303	2135.032338292903	frye1	1.0
2133.622677452021	2135.2693587753542	frye3	1.0
2137.857734767197	2139.581409961561	frye1	1.0
2139.175425301043	2140.4658566242097	frye3	1.0
2141.5748207970105	2143.2887702760936	frye1	1.0
2143.726508813096	2145.351106803196	frye3	1.0
2147.289840567849	2149.016965777182	frye1	1.0
2147.8181115763746	2149.1986700958746	frye3	1.0
2151.5180259267613	2153.1977312716704	frye1	1.0
2153.014434347898	2154.4791964363144	frye3	1.0
2155.1886483812023	2156.9631458688023	frye1	1.0
2157.5896876297816	2159.018833358365	frye3	1.0
2159.8350059184686	2161.5319280290687	frye1	1.0
2162.7203165317665	2164.010747854933	frye3	1.0
2164.3419727296177	2166.055922208701	frye1	1.0
2168.709548814648	2170.3508804730477	frye1	1.0
2172.2404402049383	2173.8969089240923	frye3	1.0
2173.030661324306	2174.7577865336393	frye1	1.0
2177.444700984709	2179.070329125309	frye1	1.0
2179.4247175775076	2180.853863306091	frye3	1.0
2181.0920916514638	2182.8665891390638	frye1	1.0
2186.667720696184	2188.080221034684	frye1	1.0
2188.395661227535	2190.3705355994443	frye3	1.0
2190.152488849134	2191.866438328217	frye1	1.0
2194.3806742080465	2196.0603795529555	frye1	1.0
2194.5779011161376	2195.868332439304	frye3	1.0
2197.609892696447	2199.33701790578	frye1	1.0
2198.153752447037	2199.5828981756204	frye3	1.0
2201.721919116928	2203.496416604528	frye1	1.0
2203.7265077679176	2205.3794461065177	frye3	1.0
2206.5076673803123	2208.148999038712	frye1	1.0
2208.90452625357	2210.5797091019035	frye3	1.0
2210.8752434653434	2212.5891929444265	frye1	1.0
2215.0113372927026	2216.658018616036	frye3	1.0
2215.4054420641783	2217.031070204778	frye1	1.0
2218.6431895314226	2220.3401116420227	frye1	1.0
2223.0686126941437	2224.7250814132976	frye3	1.0
2223.4668723913355	2225.1082040497354	frye1	1.0
2228.0376528552624	2229.502414943679	frye3	1.0
2228.113229928603	2229.827179407686	frye1	1.0
2232.8905939471965	2234.5435322857966	frye3	1.0
2233.0383689181053	2234.7180742630144	frye1	1.0
2236.4534417079963	2238.1805669173295	frye1	1.0
2239.0670644278403	2240.357495751007	frye3	1.0
2241.0068720945173	2242.730547288881	frye1	1.0
2244.779138631744	2246.2082843603275	frye3	1.0
2244.8168852750764	2246.5308347541595	frye1	1.0
2249.254156723166	2251.028654210766	frye1	1.0
2249.7400336559203	2251.3646316460204	frye3	1.0
2253.7146599589423	2255.3402880995422	frye1	1.0
2257.5732560559336	2259.248438904267	frye3	1.0
2257.966077105541	2259.662999216141	frye1	1.0
2262.2407260398263	2263.9546755189094	frye1	1.0
2262.4494169617046	2264.096098285038	frye3	1.0
2265.6769710850485	2267.3334398042025	frye3	1.0
2267.0961696662703	2268.579306504424	frye1	1.0
2270.3021563669845	2272.0292815763178	frye1	1.0
2272.0392000763877	2273.5039621648043	frye3	1.0
2275.227295356487	2276.868627014887	frye1	1.0
2278.9354847859786	2280.5884231245786	frye3	1.0
2279.153467475477	2280.927964963077	frye1	1.0
2283.3704692288466	2284.660900552013	frye3	1.0
2284.2412289787844	2285.933615150092	frye1	1.0
2288.422950762324	2290.1500759716573	frye1	1.0
2290.2899737522744	2291.719119480858	frye3	1.0
2292.8602222104137	2294.574171689497	frye1	1.0
2294.2141222907285	2296.1889966626377	frye3	1.0
2297.0884075693266	2298.7140357099265	frye1	1.0
2298.5330076644113	2300.2081905127447	frye3	1.0
2300.851957174513	2302.626454662113	frye1	1.0
2303.5925802058946	2304.9731387253946	frye3	1.0
2305.2427650472296	2306.9664402415933	frye1	1.0
2309.0980229602483	2310.7544916794022	frye3	1.0
2310.2608311874774	2311.6628412380774	frye1	1.0
2314.187003306468	2315.866708651377	frye1	1.0
2315.762109531469	2317.2268716198855	frye3	1.0
2318.2422614235093	2319.9391835341094	frye1	1.0
2321.5206233630465	2322.94976909163	frye3	1.0
2323.1312415657067	2324.7725732241065	frye1	1.0
2326.2806851996324	2328.2555595715417	frye3	1.0
2327.0574136846967	2328.77136316378	frye1	1.0
2329.5546789506507	2331.201360273984	frye3	1.0
2331.332062618982	2333.0591878283153	frye1	1.0
2333.618146372126	2334.9085776952925	frye3	1.0
2336.001651943935	2337.627280084535	frye1	1.0
2338.285328953364	2339.938267291964	frye3	1.0
2339.9045922752393	2341.6790897628393	frye1	1.0
2344.6011183170294	2346.065880405446	frye3	1.0
2345.062049141605	2346.7033808000047	frye1	1.0
2349.1973073497725	2350.8942294603726	frye1	1.0
2351.8457002341756	2353.820574606085	frye3	1.0
2353.6578105855483	2355.3849357948816	frye1	1.0
2357.498359025496	2358.878917544996	frye3	1.0
2357.6072144922255	2359.3211639713086	frye1	1.0
2361.6030819742746	2363.295468145582	frye1	1.0
2362.341056088502	2363.9975248076557	frye3	1.0
2365.5524858809513	2367.3269833685513	frye1	1.0
2368.308548244612	2369.9837310929456	frye3	1.0
2370.0594526921	2371.739158037009	frye1	1.0
2373.3815983312456	2375.108723540579	frye1	1.0
2375.065514071181	2376.718452409781	frye3	1.0
2378.1905783823167	2379.8319100407166	frye1	1.0
2381.4277430625207	2382.8925051509373	frye3	1.0
2382.697545193465	2384.411494672548	frye1	1.0
2387.5994523952813	2389.291838566589	frye1	1.0
2388.5794457243182	2390.2261270476515	frye3	1.0
2391.6417834527037	2393.4162809403037	frye1	1.0
2393.5252660716	2395.181734790754	frye3	1.0
2396.009359537735	2397.6349876783347	frye1	1.0
2398.9354826956223	2400.6106655439557	frye3	1.0
2399.6799819921753	2401.4071072015086	frye1	1.0
2404.3728031048145	2406.0867525838976	frye1	1.0
2405.994306102072	2407.4234518306557	frye3	1.0
2408.5777566760407	2410.2190883344406	frye1	1.0
2410.9865660770283	2412.276997400195	frye3	1.0
2411.853438739814	2413.627936227414	frye1	1.0
2416.0252656796583	2417.6498636697584	frye3	1.0
2416.6159552155123	2418.3128773261124	frye1	1.0
2420.8209087867385	2422.5348582658216	frye1	1.0
2422.875110761575	2424.3398728499915	frye3	1.0
2425.4672663240053	2426.950403162159	frye1	1.0
2428.7497236623376	2430.4061923814916	frye3	1.0
2429.648988107545	2431.376113316878	frye1	1.0
2433.7884232649676	2435.463606113301	frye3	1.0
2434.016564192576	2435.7089503638836	frye1	1.0
2437.8265773731346	2439.5405268522177	frye1	1.0
2439.5440578805656	2441.5316854765656	frye3	1.0
2442.2870806089104	2443.9127087495103	frye1	1.0
2445.8859462740475	2447.176377597214	frye3	1.0
2445.9344712756647	2447.7089687632647	frye1	1.0
2450.460249599938	2451.8893953285215	frye3	1.0
2451.068696354345	2452.7100280127447	frye1	1.0
2454.8255746012946	2456.4820433204486	frye3	1.0
2455.2968817132573	2457.0240069225906	frye1	1.0
2460.0129346135827	2461.692639958492	frye1	1.0
2460.375110108339	2462.0502929566724	frye3	1.0
2463.6835570680237	2465.4580545556237	frye1	1.0
2467.1552957487443	2468.8019770720775	frye3	1.0
2468.1905238791724	2469.8874459897725	frye1	1.0
2471.4277414947533	2472.89250358317	frye3	1.0
2473.4409078962835	2475.0822395546834	frye1	1.0
2477.227689289156	2478.941638768239	frye1	1.0
2477.650651603071	2479.303589941671	frye3	1.0
2482.036669340227	2483.760344534591	frye1	1.0
2482.712571019538	2484.0030023427043	frye3	1.0
2486.613331514435	2488.340456723768	frye1	1.0
2488.8890415001815	2490.318187228765	frye3	1.0
2491.5384705039373	2493.3129679915373	frye1	1.0
2493.834861847464	2495.809736219373	frye3	1.0
2496.6262320072447	2498.2518601478446	frye1	1.0
2499.1304441562907	2500.5110026757907	frye3	1.0
2500.8079537907843	2502.5219032698674	frye1	1.0
2503.819381797376	2505.47585051653	frye3	1.0
2505.036139149697	2506.810636637297	frye1	1.0
2508.7187625169845	2510.393945365318	frye3	1.0
2509.7986556253954	2511.4399872837953	frye1	1.0
2513.864218470504	2515.561140581104	frye1	1.0
2515.4060689020416	2516.870830990458	frye3	1.0
2518.464112432398	2520.143817777307	frye1	1.0
2520.909164781412	2522.562103120012	frye3	1.0
2521.6468673454256	2523.373992554759	frye1	1.0
2525.9679798550837	2527.681929334167	frye1	1.0
2526.8998767513594	2528.190308074526	frye3	1.0
2530.289092364742	2532.0127675591057	frye1	1.0
2533.053127418166	2535.028001790075	frye3	1.0
2534.981913477381	2536.756410964981	frye1	1.0
2538.324025159166	2539.7887872475826	frye3	1.0
2539.6747345900203	2541.31606624842	frye1	1.0
2543.8099927981875	2545.5239422772706	frye1	1.0
2545.3364089379415	2546.765554666525	frye3	1.0
2549.0139132399263	2550.7410384492596	frye1	1.0
2556.598018648889	2558.2732014972225	frye3	1.0
2561.659938065356	2563.3066193886893	frye3	1.0
2562.1166414950185	2563.7422696356184	frye1	1.0
2565.0206149558107	2566.7951124434107	frye1	1.0
2566.4432197157794	2568.0678177058794	frye3	1.0
2569.295263890096	2570.992186000696	frye1	1.0
2572.294612802705	2573.7593748911218	frye3	1.0
2573.63960818744	2575.319313532349	frye1	1.0
2576.9617538265857	2578.688879035919	frye1	1.0
2579.028358815436	2580.681297154036	frye3	1.0
2582.0495153298925	2583.7634648089756	frye1	1.0
2586.690897381648	2587.9813287048146	frye3	1.0
2586.835263593278	2588.5589387876416	frye1	1.0
2590.598813198464	2592.373310686064	frye1	1.0
2592.6351697239215	2594.064315452505	frye3	1.0
2595.2451707357304	2596.9722959450637	frye1	1.0
2597.5113306296926	2599.486205001602	frye3	1.0
2599.8450646976244	2601.5247700425334	frye1	1.0
2603.0840859505743	2604.7592687989077	frye3	1.0
2603.3298328505743	2605.1043303381743	frye1	1.0
2607.906495024782	2609.620444503865	frye1	1.0
2609.2837762450545	2610.9367145836545	frye3	1.0
2613.0407201034614	2614.764395297825	frye1	1.0
2615.715664677905	2617.1804267663215	frye3	1.0
2617.1527465239424	2618.8798717332756	frye1	1.0
2621.1723209296015	2622.8190022529348	frye3	1.0
2621.6364815474044	2623.2621096880043	frye1	1.0
2625.3767993649044	2627.1512968525044	frye1	1.0
2625.955602580025	2627.6120712991788	frye3	1.0
2630.2554747790346	2631.8968064374344	frye1	1.0
2633.9432185399546	2635.618401388288	frye3	1.0
2635.2270773439104	2636.9239994545105	frye1	1.0
2639.081679858884	2641.069307454884	frye3	1.0
2639.8269713058044	2641.5409207848875	frye1	1.0
2643.9389977262854	2645.662672920649	frye1	1.0
2646.5980170811226	2647.888448404289	frye3	1.0
2649.235845318769	2650.7189821569227	frye1	1.0
2651.5670572422414	2653.1916552323414	frye3	1.0
2652.4418320194827	2654.168957228816	frye1	1.0
2655.932382243598	2657.3971443320147	frye3	1.0
2658.7841100578526	2660.4097381984525	frye1	1.0
2662.3178310487747	2663.9742997679286	frye3	1.0
2662.3850371492335	2664.1595346368335	frye1	1.0
2667.3798715017956	2669.0212031601955	frye1	1.0
2669.446313896736	2671.121496745069	frye3	1.0
2671.143421106982	2672.857370586065	frye1	1.0
2675.3441466113345	2676.773292339918	frye3	1.0
2675.4413018289533	2677.164977023317	frye1	1.0
2679.6694871878663	2681.3966123971995	frye1	1.0
2680.4525056554767	2681.7429369786432	frye3	1.0
2684.4087718758783	2686.1832693634783	frye1	1.0
2686.1413600455426	2687.7942983841426	frye3	1.0
2689.217751926949	2690.914674037549	frye1	1.0
2692.1088522016535	2693.57361429007	frye3	1.0
2693.957036614961	2695.63674195987	frye1	1.0
2697.465036555597	2699.1921617649305	frye1	1.0
2699.8178303955383	2701.4645117188716	frye3	1.0
2701.94877157906	2703.59010323746	frye1	1.0
2704.740430928984	2706.4156137773175	frye3	1.0
2706.3860430271498	2708.099992506233	frye1	1.0
2710.2522366912926	2712.227111063202	frye3	1.0
2711.1020959274747	2712.8257711218384	frye1	1.0
2715.026808458777	2716.683277177931	frye3	1.0
2715.237354135642	2717.011851623242	frye1	1.0
2720.1857249128316	2721.8826470234317	frye1	1.0
2722.4107092589447	2723.7011405821113	frye3	1.0
2724.9250096008436	2726.6389590799267	frye1	1.0
2729.0138042336384	2730.6551358920383	frye1	1.0
2729.701730803765	2731.1308765323483	frye3	1.0
2733.427843894042	2735.154969103375	frye1	1.0
2735.78532202906	2737.441790748214	frye3	1.0
2737.8883471298177	2739.5680524747268	frye1	1.0
2741.2104927689634	2742.9849902565634	frye1	1.0
2742.7744859939985	2744.449668842332	frye3	1.0
2746.507340361447	2748.1997265327545	frye1	1.0
2749.647550889752	2751.300489228352	frye3	1.0
2750.5961349942418	2752.323260203575	frye1	1.0
2755.219260743822	2756.933210222905	frye1	1.0
2755.615043045863	2757.0798051342795	frye3	1.0
2759.586836828853	2761.212464969453	frye1	1.0
2763.2574592832934	2765.0319567708934	frye1	1.0
2764.8100893253168	2766.434687315417	frye3	1.0
2767.7876578821288	2769.484579992729	frye1	1.0
2769.9416681832954	2771.232099506462	frye3	1.0
2773.293591563789	2774.973296908698	frye1	1.0
2775.351884807317	2777.0048231459173	frye3	1.0
2776.8480550797985	2778.575180289132	frye1	1.0
2780.437024037621	2782.1122068859545	frye3	1.0
2781.3085583155753	2782.949889973975	frye1	1.0
2785.350889372997	2787.06483885208	frye1	1.0
2788.099562603834	2789.746243927167	frye3	1.0
2790.624505177794	2792.348180372158	frye1	1.0
2793.1847018341377	2794.8411705532917	frye3	1.0
2794.829458749021	2796.603956236621	frye1	1.0
2799.221853431759	2800.6866155201756	frye3	1.0
2799.4990480739734	2801.1246762145734	frye1	1.0
2803.4716837683363	2805.1988089776696	frye1	1.0
2805.8627201891422	2807.2918659177258	frye3	1.0
2807.9554187917993	2809.6693682708824	frye1	1.0
2811.505134951535	2813.129732941635	frye3	1.0
2812.555312753693	2814.278987948057	frye1	1.0
2816.737034537233	2818.511532024833	frye1	1.0
2818.3781998472887	2819.6686311704552	frye3	1.0
2821.890864030048	2823.5321956884477	frye1	1.0
2823.324020194571	2824.976958533171	frye3	1.0
2825.983286036394	2827.697235515477	frye1	1.0
2828.037642403483	2829.5024044918996	frye3	1.0
2830.9084250258966	2832.6053471364967	frye1	1.0
2835.299232898614	2836.7823697367676	frye1	1.0
2836.4896546401524	2838.1461233593063	frye3	1.0
2839.1324778668586	2840.859603076192	frye1	1.0
2843.7556036164387	2845.5301011040387	frye1	1.0
2851.048477915955	2852.6951592392884	frye3	1.0
2854.14021271223	2855.854162191313	frye1	1.0
2854.4617905499945	2856.136973398328	frye3	1.0
2858.623947735692	2860.3510729450254	frye1	1.0
2860.7543600998233	2862.7292344717325	frye3	1.0
2863.5258549375085	2865.1671865959083	frye1	1.0
2866.9076107666297	2868.198042089796	frye3	1.0
2867.1500138165766	2868.9245113041766	frye1	1.0
2872.0983845937662	2873.7953067043663	frye1	1.0
2872.248167949141	2873.901106287741	frye3	1.0
2876.675046767973	2878.300674908573	frye1	1.0
2880.955598138018	2882.6307809863515	frye3	1.0
2881.4375632436722	2883.1646884530055	frye1	1.0
2886.037457205566	2887.717162550475	frye1	1.0
2888.4788178212075	2889.943579909624	frye3	1.0
2889.150516755534	2890.9250142431342	frye1	1.0
2894.098887532723	2895.8225627270867	frye1	1.0
2896.67541210567	2898.1045578342537	frye3	1.0
2898.582622556186	2900.296572035269	frye1	1.0
2903.0431257919618	2904.770251001295	frye1	1.0
2904.4772695549045	2906.1337382740585	frye3	1.0
2907.689483329229	2909.315111469829	frye1	1.0
2909.933925806601	2911.6091086549345	frye3	1.0
2911.6156554482195	2913.3296049273026	frye1	1.0
2916.052926896309	2917.776602090673	frye1	1.0
2920.3131825917426	2922.288056963652	frye3	1.0
2920.629589070516	2922.404086558116	frye1	1.0
2925.972900238373	2927.6142318967727	frye1	1.0
2929.4385694296852	2930.729000752852	frye3	1.0
2930.0384630834815	2931.7524125625646	frye1	1.0
2933.9432133140645	2935.5961516526645	frye3	1.0
2935.102992799102	2936.7999149097022	frye1	1.0
2939.935204637859	2941.709702125459	frye1	1.0
2942.6506435029414	2944.115405591358	frye3	1.0
2945.525361088018	2947.150989228618	frye1	1.0
2949.40760932951	2951.0640780486638	frye3	1.0
2949.553164740001	2951.2802899493345	frye1	1.0
2954.245985852641	2955.959935331724	frye1	1.0
2956.8868029470086	2958.533484270342	frye3	1.0
2958.6832573007305	2960.375643472038	frye1	1.0
2961.3193738278933	2962.9945566762267	frye3	1.0
2963.492237351801	2965.17194269671	frye1	1.0
2966.86084656632	2968.63534405392	frye1	1.0
2971.814729682221	2973.78960405413	frye3	1.0
2971.8583381914423	2973.499669849842	frye1	1.0
2975.433376222577	2977.14732570166	frye1	1.0
2977.9912001628636	2979.420345891447	frye3	1.0
2980.8231509658062	2982.5200730764063	frye1	1.0
2983.494296042234	2984.7847273654006	frye3	1.0
2985.539203866132	2987.164832006732	frye1	1.0
2989.140130957514	2990.8672561668473	frye1	1.0
2990.0887231719435	2991.7416615105435	frye3	1.0
2993.275389165681	2995.049886653281	frye1	1.0
2995.4525001682914	2996.917262256708	frye3	1.0
2998.0611374290656	2999.7024690874655	frye1	1.0
3002.359018151037	3004.0729676301203	frye1	1.0
3005.019063469138	3006.675532188292	frye3	1.0
3007.1447664144216	3008.6279032525754	frye1	1.0
3010.536607416627	3012.26373262596	frye1	1.0
3010.940115997574	3012.6152988459075	frye3	1.0
3015.1365013785207	3016.9109988661207	frye1	1.0
3019.7363953404147	3021.3777269988145	frye1	1.0
3022.550022916077	3024.5248972879863	frye3	1.0
3024.26659393925	3025.980543418333	frye1	1.0
3029.2846600794983	3031.008335273862	frye1	1.0
3031.008335273862	3032.664803993016	frye3	1.0
3035.128554372124	3036.5410547106244	frye1	1.0
3040.166688758566	3041.846394103475	frye1	1.0
3041.4894904878624	3043.164673336196	frye3	1.0
3045.254450261873	3046.9815754712063	frye1	1.0
3050.0403435668622	3052.0152179387715	frye3	1.0
3050.737152155848	3052.362780296448	frye1	1.0
3054.361311034916	3056.058233145516	frye1	1.0
3058.6359599692014	3060.3499094482845	frye1	1.0
3060.311740541862	3061.6021718650286	frye3	1.0
3062.70152281431	3064.34285447271	frye1	1.0
3066.3721452687505	3068.1466427563505	frye1	1.0
3071.6662295878623	3073.130991676279	frye3	1.0
3076.4315093369323	3078.1112146818414	frye1	1.0
3079.9395092775694	3081.7140067651694	frye1	1.0
3084.121743357862	3085.778212077016	frye3	1.0
3084.725257540954	3086.4489327353176	frye1	1.0
3088.604966084572	3090.318915563655	frye1	1.0
3093.9947408278013	3095.620368968401	frye1	1.0
3095.721956891862	3097.3971397401956	frye3	1.0
3097.5027407684374	3099.2298659777707	frye1	1.0
3104.170263834415	3105.944761322015	frye1	1.0
3105.944761322015	3107.2351926451815	frye3	1.0
3108.5714325833055	3110.2683546939056	frye1	1.0
3113.264253695945	3114.943959040854	frye1	1.0
3116.080763471015	3117.737232190169	frye3	1.0
3116.6560946981494	3118.3832199074827	frye1	1.0
3121.814078855015	3123.2788409434315	frye3	1.0
3121.97617407832	3123.61750573672	frye1	1.0
3125.5306375943287	3127.3051350819287	frye1	1.0
3130.5951673099494	3132.318842504313	frye1	1.0
3130.906061372015	3132.5812442203483	frye3	1.0
3135.0789023334123	3136.7928518124954	frye1	1.0
3139.5858691445615	3141.2114972851614	frye1	1.0
3146.1382593560147	3147.6030214444313	frye3	1.0
3148.1583988008183	3149.9328962884183	frye1	1.0
3152.6885973996527	3154.3299290580526	frye1	1.0
3154.3299290580526	3156.005111906386	frye3	1.0
3155.1353743251943	3156.776705983594	frye1	1.0
3159.100247521759	3160.827372731092	frye1	1.0
3168.8291219720527	3170.4855906912067	frye3	1.0
3171.6454128723785	3173.3251182172876	frye1	1.0
3174.5776068660525	3176.042368954469	frye3	1.0
3176.45439292345	3178.15131503405	frye1	1.0
3181.8673994543656	3183.6418969419656	frye1	1.0
3186.280393122053	3187.5708244452194	frye3	1.0
3186.7228430808095	3188.3484712214095	frye1	1.0
3190.6490151998	3192.362964678883	frye1	1.0
3191.179773876053	3192.832712214653	frye3	1.0
3195.620617764675	3197.3442929590387	frye1	1.0
3197.4491236560525	3199.124306504386	frye3	1.0
3201.614418987749	3203.294124332658	frye1	1.0
3204.6240461820526	3206.5989205539618	frye3	1.0
3205.5405911067396	3207.267716316073	frye1	1.0
3210.442498308556	3212.216995796156	frye1	1.0
3210.9630554040527	3212.2534867272193	frye3	1.0
3215.8856559720525	3217.5385943106526	frye3	1.0
3216.3666041685706	3218.0079358269704	frye1	1.0
3220.1069219860706	3221.8208714651537	frye1	1.0
3220.9475754240525	3222.412337512469	frye3	1.0
3224.7068159479645	3226.4037380585646	frye1	1.0
3227.1944337500527	3228.8509024692066	frye3	1.0
3229.5622595744076	3231.3367570620076	frye1	1.0
3233.9738910780525	3235.649073926386	frye3	1.0
3234.3015442624196	3235.9271724030195	frye1	1.0
3238.343875319842	3240.0710005291753	frye1	1.0
3240.2896804860525	3242.2645548579617	frye3	1.0
3243.2457825216584	3244.9597320007415	frye1	1.0
3247.7200209660527	3249.0104522892193	frye3	1.0
3247.915371846612	3249.6390470409756	frye1	1.0
3252.1203254178376	3253.8948229054376	frye1	1.0
3252.6890611620524	3254.118206890636	frye3	1.0
3256.7434511674187	3258.3847828258185	frye1	1.0
3257.7277608000527	3259.1925228884693	frye3	1.0
3261.0413318893893	3262.7552813684724	frye1	1.0
3264.2060889060526	3265.8625576252066	frye3	1.0
3266.012934454265	3267.6926397991742	frye1	1.0
3269.755624452053	3271.4308073003863	frye3	1.0
3269.7997158471376	3271.526841056471	frye1	1.0
3275.1430270149935	3276.9175245025936	frye1	1.0
3279.264901512053	3280.917839850653	frye3	1.0
3280.0217024291246	3281.6630340875245	frye1	1.0
3283.8781791850556	3285.5751012956557	frye1	1.0
3284.6859648540526	3285.976396177219	frye3	1.0
3288.8497817499315	3290.5637312290146	frye1	1.0
3289.4228069100527	3291.0474049001527	frye3	1.0
3293.7052253763745	3295.3308535169745	frye1	1.0
3294.1132093380525	3295.577971426469	frye3	1.0
3297.7010928584236	3299.428218067757	frye1	1.0
3300.3128996760524	3301.9595809993857	frye3	1.0
3302.34745039569	3304.0711255900537	frye1	1.0
3306.2107324320527	3307.885915280386	frye3	1.0
3307.9230794404107	3309.637028919494	frye1	1.0
3312.546205189991	3314.2259105349	frye1	1.0
3315.2200202640524	3316.8729586026525	frye3	1.0
3316.077436918313	3317.8045621276465	frye1	1.0
3319.9800821340527	3321.4448442224693	frye3	1.0
3320.1197679757356	3321.8942654633356	frye1	1.0
3325.672165232769	3327.395840427133	frye1	1.0
3327.3175433580527	3328.9740120772067	frye3	1.0
3330.5508406468994	3332.2647901259825	frye1	1.0
3335.4527478487157	3337.0940795071156	frye1	1.0
3335.5524441010525	3337.227626949386	frye3	1.0
3339.727396783001	3341.501894270601	frye1	1.0
3342.1705490960526	3344.145423467962	frye3	1.0
3345.2797940400346	3346.9767161506347	frye1	1.0
3347.9367381900524	3349.365883918636	frye3	1.0
3350.065542303419	3351.691170444019	frye1	1.0
3352.2324037800527	3353.522835103219	frye3	1.0
3354.200800511587	3355.9279257209205	frye1	1.0
3357.5265213720527	3359.1794597106527	frye3	1.0
3358.428985870499	3360.1429353495823	frye1	1.0
3362.4259021260527	3363.8906642144693	frye3	1.0
3362.889489106276	3364.6131643006397	frye1	1.0
3367.349992342052	3369.124489829652	frye1	1.0
3368.1379763700525	3369.7944450892064	frye3	1.0
3372.205435968495	3373.8467676268947	frye1	1.0
3375.405778152053	3377.080961000386	frye3	1.0
3376.201303450545	3377.915252929628	frye1	1.0
3380.824429200125	3382.521351310725	frye1	1.0
3381.2803910940524	3383.2552654659617	frye3	1.0
3385.5172503127646	3387.2917478003646	frye1	1.0
3387.642620130053	3389.289301453386	frye3	1.0
3390.3494621515215	3392.0291674964305	frye1	1.0
3392.3794621860525	3393.669893509219	frye3	1.0
3394.15947533208	3395.8866005414134	frye1	1.0
3397.3485023820526	3399.0014407206527	frye3	1.0
3399.3169321984465	3401.0308816775296	frye1	1.0
3402.944477556053	3404.619660404386	frye3	1.0
3404.7067069416757	3406.3990931129833	frye1	1.0
3409.74800486961	3411.52250235721	frye1	1.0
3411.7447870620526	3413.719661433962	frye3	1.0
3415.4862564281343	3417.1118845687342	frye1	1.0
3417.1085640960528	3418.5733261844694	frye3	1.0
3420.922494746737	3422.64961995607	frye1	1.0
3423.7262110860524	3425.155356814636	frye3	1.0
3425.150680105649	3426.925177593249	frye1	1.0
3427.812898350053	3429.469367069207	frye3	1.0
3430.4475276981334	3432.0888593565332	frye1	1.0
3433.5080881810527	3435.183271029386	frye3	1.0
3440.3326140464064	3441.6014582674065	frye1	1.0
3447.038904342053	3448.3293356652193	frye3	1.0
3452.2122353743885	3453.935910568752	frye1	1.0
3458.3005141320527	3460.275388503962	frye3	1.0
3460.891619845182	3462.605569324265	frye1	1.0
3463.3392137700525	3465.014396618386	frye3	1.0
3464.9793167691946	3466.6049449097945	frye1	1.0
3468.8626191171184	3470.5897443264516	frye1	1.0
3475.3438576080525	3477.0003263272065	frye3	1.0
3478.4642185454227	3480.1055502038225	frye1	1.0
3482.3007170441806	3484.0146665232637	frye1	1.0
3482.7045386460527	3484.1693007344693	frye3	1.0
3486.920609584587	3488.617531695187	frye1	1.0
3492.127914845959	3493.807620190868	frye1	1.0
3494.4931691060524	3496.146107444652	frye3	1.0
3496.7709112346033	3498.4980364439366	frye1	1.0
3501.6739728587604	3503.448470346361	frye1	1.0
3501.9305446380527	3503.220975961219	frye3	1.0
3508.6423832703535	3510.3660584647173	frye1	1.0
3510.3660584647173	3512.0412413130503	frye3	1.0
3512.9408917590686	3514.6378138696687	frye1	1.0
3517.7373747625147	3519.378706420915	frye1	1.0
3519.378706420915	3520.6691377440816	frye3	1.0
3523.276337403667	3524.9560427485762	frye1	1.0
3526.994805412916	3528.6477437515155	frye3	1.0
3527.458069236222	3529.2325667238224	frye1	1.0
3533.7982109149157	3535.2629730033327	frye3	1.0
3534.3579267599357	3536.054848870536	frye1	1.0
3539.2366138979155	3540.950563376999	frye1	1.0
3540.950563376999	3542.625746225332	frye3	1.0
3543.960930534347	3545.5865586749474	frye1	1.0
3547.496650597182	3549.2106000762656	frye1	1.0
3552.792668516999	3554.7675428889083	frye3	1.0
3552.928422130824	3554.6520973251877	frye1	1.0
3557.6828664645286	3559.409991673862	frye1	1.0
3562.010934674999	3563.3013659981657	frye3	1.0
3562.662564563269	3564.4370620508694	frye1	1.0
3567.4018606401637	3569.043192298564	frye1	1.0
3567.467590964999	3568.8967366935826	frye3	1.0
3571.490665098661	3573.2046145777445	frye1	1.0
3572.7384887429994	3574.3949574621533	frye3	1.0
3576.7410617328674	3578.4207670777764	frye1	1.0
3580.527852225681	3582.224774336281	frye1	1.0
3583.6518013229993	3585.3269841713322	frye3	1.0
3584.895438806348	3586.6699362939485	frye1	1.0
3588.798388516732	3590.4240166573322	frye1	1.0
3590.5448626579987	3592.1978009965983	frye3	1.0
3592.2367013568323	3593.9638265661656	frye1	1.0
3595.8654234869987	3597.3301855754157	frye3	1.0
3596.7436789985845	3598.457628477668	frye1	1.0
3600.87894714411	3602.602622338474	frye1	1.0
3603.3654234089986	3605.0218921281526	frye3	1.0
3605.385924785863	3607.065630130772	frye1	1.0
3608.382832599193	3610.1573300867935	frye1	1.0
3608.7708234179986	3610.061254741165	frye3	1.0
3613.558921754999	3615.1835197450996	frye3	1.0
3613.8887795120568	3615.530111170457	frye1	1.0
3618.813930337065	3620.5278798161485	frye1	1.0
3619.712172464999	3621.1769345534162	frye3	1.0
3623.460299039902	3625.0859271805025	frye1	1.0
3627.4185760329096	3629.145701242243	frye1	1.0
3630.3468472769987	3631.6372786001652	frye3	1.0
3632.7298046020637	3634.371136260464	frye1	1.0
3634.828271378999	3636.4812097175986	frye3	1.0
3637.0573141457285	3638.771263624812	frye1	1.0
3641.395282232857	3643.1189574272207	frye1	1.0
3645.6719245169993	3647.3471073653322	frye3	1.0
3645.925491718124	3647.605197063033	frye1	1.0
3649.9678324895926	3651.742329977193	frye1	1.0
3651.8841257029994	3653.8590000749086	frye3	1.0
3655.102069906228	3656.798992016828	frye1	1.0
3657.815887238999	3659.280649327416	frye3	1.0
3659.8413659831226	3661.466994123723	frye1	1.0
3664.3715754683894	3666.0987006777227	frye1	1.0
3665.803503254999	3667.2326489835827	frye3	1.0
3669.459349197997	3671.2338466855977	frye1	1.0
3671.5387973129987	3673.1952660321526	frye3	1.0
3674.432084194223	3676.0734158526234	frye1	1.0
3677.4134102549992	3679.088593103332	frye3	1.0
3678.8914776647575	3680.605427143841	frye1	1.0
3684.6529748562766	3686.0654751947764	frye1	1.0
3684.8739762849987	3686.861603880999	frye3	1.0
3688.462997192604	3690.2374946802042	frye1	1.0
3691.809694934999	3693.1001262581653	frye3	1.0
3692.9978145208247	3694.4809513589785	frye1	1.0
3697.2431314109986	3698.672277139582	frye3	1.0
3697.476952476109	3699.173874586709	frye1	1.0
3701.283379046999	3702.939847766153	frye3	1.0
3701.8213072132626	3703.535256692346	frye1	1.0
3706.3282848550157	3708.055410064349	frye1	1.0
3706.856134406999	3708.320896495416	frye3	1.0
3711.4857541151655	3713.111382255766	frye1	1.0
3714.1007163749987	3715.725314365099	frye3	1.0
3715.830108852319	3717.6046063399194	frye1	1.0
3720.0914283869993	3721.381859710166	frye3	1.0
3720.964346268954	3722.6782957480377	frye1	1.0
3725.2462270949986	3726.8991654335982	frye3	1.0
3725.5410194412493	3727.264694635613	frye1	1.0
3730.5823294838287	3732.309454693162	frye1	1.0
3732.5140288769994	3734.1892117253324	frye3	1.0
3735.6004076828935	3737.314357161977	frye1	1.0
3740.640963776999	3742.2876451003326	frye3	1.0
3740.7578769430434	3742.3992086014437	frye1	1.0
3744.727651040999	3746.3841197601528	frye3	1.0
3745.868882516165	3747.6433800037653	frye1	1.0
3750.2597009403466	3751.9394062852557	frye1	1.0
3751.1827593329986	3752.6475214214156	frye3	1.0
3754.1394188072168	3755.836340917817	frye1	1.0
3758.042256437999	3759.4714021665827	frye3	1.0
3758.297918796257	3760.0118682753405	frye1	1.0
3762.5836880069987	3764.558562378908	frye3	1.0
3763.6644746480347	3765.290102788635	frye1	1.0
3767.449466215359	3769.176591424692	frye1	1.0
3767.970684854999	3769.2611161781656	frye3	1.0
3772.399647809369	3774.1741452969695	frye1	1.0
3774.0774959369987	3775.7304342755983	frye3	1.0
3777.8417425644043	3779.324879402558	frye1	1.0
3780.1843070189993	3781.8594898673323	frye3	1.0
3782.064094711272	3783.7877699056357	frye1	1.0
3786.454913135454	3788.1688626145374	frye1	1.0
3787.661087126999	3789.125849215416	frye3	1.0
3791.449759491005	3793.176884700338	frye1	1.0
3793.6517991389987	3795.3082678581527	frye3	1.0
3796.189055567899	3797.9635530554992	frye1	1.0
3799.2245544989987	3800.8997373473317	frye3	1.0
3801.114206392907	3802.7398345335073	frye1	1.0
3805.2855056874637	3806.982427798064	frye1	1.0
3805.737483747999	3807.7251113439993	frye3	1.0
3809.8261477107285	3811.540097189812	frye1	1.0
3811.8096936869993	3813.100125010166	frye3	1.0
3815.1230080319633	3816.7643396903636	frye1	1.0
3816.894832952999	3818.3239786815825	frye3	1.0
3819.327971708032	3821.1024691956322	frye1	1.0
3822.3979288709993	3824.0543975901533	frye3	1.0
3824.2763543765536	3825.9560597214627	frye1	1.0
3827.9702174953095	3829.697342704643	frye1	1.0
3832.1966903789994	3833.6614524674164	frye3	1.0
3833.4761644081723	3835.16855057948	frye1	1.0
3837.2629549009857	3838.9769043800693	frye1	1.0
3839.325173276999	3840.9497712670995	frye3	1.0
3841.8628599167955	3843.488488057396	frye1	1.0
3844.2709936589986	3845.561424982165	frye3	1.0
3846.1142872798914	3847.8112093904915	frye1	1.0
3848.7291979469987	3850.3758792703325	frye3	1.0
3850.528337547588	3852.3028350351883	frye1	1.0
3854.0697551669987	3855.7262238861526	frye3	1.0
3855.3821160237917	3856.8652528619455	frye1	1.0
3858.705946464582	3860.4330716739155	frye1	1.0
3860.919600296999	3862.594783145332	frye3	1.0
3863.445242541477	3865.0865741998773	frye1	1.0
3867.5461588369994	3869.533786433	frye3	1.0
3867.603742530517	3869.3176920096007	frye1	1.0
3872.5288933555244	3874.252568549888	frye1	1.0
3876.4783067529374	3878.252804240538	frye1	1.0
3877.893284330999	3879.3224300595825	frye3	1.0
3881.3762564309986	3882.8410185194157	frye3	1.0
3882.1004128833706	3883.726041023971	frye1	1.0
3885.608421254013	3887.3355464633464	frye1	1.0
3886.4613956969993	3888.117864416153	frye3	1.0
3889.9063123041383	3891.620261783222	frye1	1.0
3891.9644916149987	3893.6396744633316	frye3	1.0
3894.402372280693	3896.043703939093	frye1	1.0
3898.0761902889994	3900.0510646609087	frye3	1.0
3898.5020944043886	3900.276591891989	frye1	1.0
3903.481519358999	3904.7719506821654	frye3	1.0
3903.5666362904817	3905.263558401082	frye1	1.0
3908.1200776192622	3909.834027098346	frye1	1.0
3908.5962827499993	3910.025428478583	frye3	1.0
3913.164181796999	3914.628943885416	frye3	1.0
3913.266443069829	3914.749579907983	frye1	1.0
3917.0499691243067	3918.451979174907	frye1	1.0
3919.479971205	3921.1329095435985	frye3	1.0
3921.4783876399224	3923.252885127523	frye1	1.0
3924.820528424999	3926.4957112733327	frye3	1.0
3925.96213343816	3927.6034650965603	frye1	1.0
3929.7256920874597	3931.4396415665424	frye1	1.0
3930.973779134999	3932.6204604583336	frye3	1.0
3934.581147381924	3936.3048225762877	frye1	1.0
3935.1533456549996	3936.8098143741527	frye3	1.0
3939.506298206933	3941.2807956945335	frye1	1.0
3941.445915248999	3942.7363465721655	frye3	1.0
3944.9890132762803	3946.6146414168807	frye1	1.0
3948.6596445515233	3950.3867697608557	frye1	1.0
3950.083686056999	3951.7082840470985	frye3	1.0
3953.398940628417	3955.1128901075017	frye1	1.0
3957.4443670949995	3958.9091291834166	frye3	1.0
3960.554348430788	3962.278023625152	frye1	1.0
3963.4350791069983	3965.091547826153	frye3	1.0
3967.918842824786	3969.6933403123867	frye1	1.0
3968.7059768849986	3970.3811597333324	frye3	1.0
3972.681370745194	3974.361076090104	frye1	1.0
3974.741947039999	3976.7295746359987	frye3	1.0
3978.3731724061718	3980.070094516771	frye1	1.0
3981.035698118999	3982.3261294421654	frye3	1.0
3982.4155131776397	3984.1294626567224	frye1	1.0
3985.726100546998	3987.1552462755817	frye3	1.0
3987.247736628592	3988.9748618379244	frye1	1.0
3991.6617868962867	3993.303118554687	frye1	1.0
3992.1347692109985	3993.7912379301533	frye3	1.0
3995.6112002936998	3997.3856977813	frye1	1.0
3997.568205686998	3999.243388535332	frye3	1.0
4001.0474516760196	4002.67307981662	frye1	1.0
4004.3019517469993	4005.954890085598	frye3	1.0
4004.9504013864034	4006.6473234970044	frye1	1.0
4009.816621190762	4011.5305706698464	frye1	1.0
4013.4505584629997	4014.9153205514167	frye3	1.0
4014.2663706355934	4015.990045829957	frye1	1.0
4019.1394128929996	4020.764010883099	frye3	1.0
4020.2362060502337	4021.638216100834	frye1	1.0
4024.4651499383226	4026.1448552832308	frye1	1.0
4025.8499391389987	4027.1403704621653	frye3	1.0
4028.55395439682	4030.3284518844202	frye1	1.0
4032.1889483609984	4033.618094089582	frye3	1.0
4032.8750772904596	4034.51640894886	frye1	1.0
4036.5689404092145	4038.282889888299	frye1	1.0
4036.9490102309983	4038.624193079332	frye3	1.0
4041.5870186082802	4043.279404779588	frye1	1.0
4045.9815178769995	4047.6379865961526	frye3	1.0
4046.186923624088	4047.9140488334224	frye1	1.0
4051.1130967709987	4052.5778588594158	frye3	1.0
4051.205001823154	4052.9794993107544	frye1	1.0
4055.78167499545	4057.4073031360504	frye1	1.0
4056.9877097129984	4058.640648051599	frye3	1.0
4060.149261576117	4061.8632110552016	frye1	1.0
4061.9335300949997	4063.6087129433317	frye3	1.0
4065.37642636681	4067.073348477409	frye1	1.0
4068.603068268999	4070.577942640909	frye3	1.0
4069.9995632261334	4071.726688435466	frye1	1.0
4074.936625934998	4076.2270572581647	frye3	1.0
4075.234155320705	4077.0086528083057	frye1	1.0
4080.732674929689	4082.3740065880893	frye1	1.0
4081.972229577	4083.5968275670994	frye3	1.0
4084.821479388186	4086.535428867269	frye1	1.0
4086.755511261	4088.220273349417	frye3	1.0
4092.3950603738112	4094.074765718721	frye1	1.0
4094.5341489509983	4096.190617670153	frye3	1.0
4096.344473771224	4098.118971258825	frye1	1.0
4100.153343939	4101.828526787332	frye3	1.0
4100.7817558824345	4102.478677993034	frye1	1.0
4105.172574306615	4106.798202447216	frye1	1.0
4110.004797757568	4111.7319229669	frye1	1.0
4111.902569822999	4113.5492511463335	frye3	1.0
4115.371353609345	4117.085303088429	frye1	1.0
4116.476873180999	4117.767304504166	frye3	1.0
4120.482359182467	4122.206034376831	frye1	1.0
4122.421145564999	4124.074083903598	frye3	1.0
4125.314582633418	4127.089080121018	frye1	1.0
4129.270990694999	4130.7357527834165	frye3	1.0
4129.728632901114	4131.408338246024	frye1	1.0
4133.538655237441	4135.23557734804	frye1	1.0
4137.003188756999	4138.6596574761525	frye3	1.0
4137.999169192165	4139.640500850565	frye1	1.0
4142.63792481793	4144.4124223055305	frye1	1.0
4143.133219652999	4144.808402501331	frye3	1.0
4147.454529502441	4149.168478981524	frye1	1.0
4151.3530338089995	4153.327908180908	frye3	1.0
4153.866518312357	4155.593643521689	frye1	1.0
4159.60478366036	4161.230411800961	frye1	1.0
4159.758606476999	4161.049037800166	frye3	1.0
4163.832886292846	4165.607383780446	frye1	1.0
4165.540340162998	4166.969485891582	frye3	1.0
4168.432884195753	4170.156559390117	frye1	1.0
4171.113095522999	4172.769564242152	frye3	1.0
4175.014574811744	4176.283419032744	frye1	1.0
4176.987708464999	4178.662891313333	frye3	1.0
4179.351850647422	4181.0658001265065	frye1	1.0
4183.463886949433	4185.105218607833	frye1	1.0
4183.930432851	4185.583371189598	frye3	1.0
4187.278865531119	4189.053363018719	frye1	1.0
4189.990804304999	4191.455566393416	frye3	1.0
4193.453579660535	4195.150501771134	frye1	1.0
4197.072847574999	4198.697445565099	frye3	1.0
4197.449456744976	4199.176581954308	frye1	1.0
4202.351375726469	4204.065325205554	frye1	1.0
4202.808141633	4204.098572956166	frye3	1.0
4207.485613143105	4209.165318488015	frye1	1.0
4209.6115471349995	4211.2680158541525	frye3	1.0
4212.968328212454	4214.742825700055	frye1	1.0
4216.368513008999	4218.043695857333	frye3	1.0
4220.402518136993	4222.028146277594	frye1	1.0
4224.514554439006	4226.211476549605	frye1	1.0
4228.396376660999	4229.861138749416	frye3	1.0
4228.719518115074	4230.433467594158	frye1	1.0
4234.155769497395	4235.797101155796	frye1	1.0
4234.642506626999	4236.295444965598	frye3	1.0
4238.081951051293	4239.809076260625	frye1	1.0
4240.493899754999	4241.784331078165	frye3	1.0
4243.335719999693	4245.059395194056	frye1	1.0
4247.250865628998	4248.680011357582	frye3	1.0
4248.034709055498	4249.748658534582	frye1	1.0
4252.103806754999	4253.760275474154	frye3	1.0
4252.851348848187	4254.334485686341	frye1	1.0
4256.992671671843	4258.719796881175	frye1	1.0
4258.373156535	4260.048339383332	frye3	1.0
4262.057213557936	4263.698545216336	frye1	1.0
4264.226189590999	4266.201063962909	frye3	1.0
4268.097492871625	4269.723121012225	frye1	1.0
4272.3050449349985	4273.595476258165	frye3	1.0
4272.372152078236	4274.146649565836	frye1	1.0
4277.274071059729	4278.97099317033	frye1	1.0
4279.688945786999	4281.341884125598	frye3	1.0
4282.733554285564	4284.447503764647	frye1	1.0
4285.586778542999	4287.261961391331	frye3	1.0
4288.843529129795	4290.523234474705	frye1	1.0
4293.698984424261	4295.426109633593	frye1	1.0
4294.085230467	4295.741699186153	frye3	1.0
4298.554439718727	4300.328937206327	frye1	1.0
4301.7942087149995	4303.258970803417	frye3	1.0
4305.254196353636	4306.933901698544	frye1	1.0
4307.993899052998	4309.618497043098	frye3	1.0
4311.843054208844	4313.484385867244	frye1	1.0
4317.049626513	4318.340057836166	frye3	1.0
4317.511624026304	4319.235299220668	frye1	1.0
4321.902442450487	4323.616391929571	frye1	1.0
4322.250864848999	4323.903803187598	frye3	1.0
4327.199302771723	4328.824930912323	frye1	1.0
4329.240028862999	4330.704790951416	frye3	1.0
4332.40690810047	4333.93643071347	frye1	1.0
4334.534146454999	4336.180827778332	frye3	1.0
4336.863749673624	4338.590874882958	frye1	1.0
4339.851483861	4341.526666709332	frye3	1.0
4342.915269893888	4344.689767381488	frye1	1.0
4348.595830648291	4350.237162306691	frye1	1.0
4349.023310390999	4350.6797791101535	frye3	1.0
4353.311894881671	4355.025844360754	frye1	1.0
4356.500090498998	4357.790521822165	frye3	1.0
4358.446132298307	4360.169807492671	frye1	1.0
4362.444362882999	4364.419237254909	frye3	1.0
4362.534936756804	4364.309434244405	frye1	1.0
4367.622710486411	4369.302415831319	frye1	1.0
4370.037242060999	4371.712424909331	frye3	1.0
4371.139018196475	4372.866143405808	frye1	1.0
4376.961911579115	4378.603243237515	frye1	1.0
4379.348387474999	4381.001325813598	frye3	1.0
4381.747671343038	4383.461620822122	frye1	1.0
4386.662628884999	4388.127390973416	frye3	1.0
4386.905140603188	4388.530768743788	frye1	1.0
4391.188099149221	4392.915224358553	frye1	1.0
4393.326715503	4394.983184222153	frye3	1.0
4396.4301964440065	4398.204693931607	frye1	1.0
4401.750288608756	4403.47396380312	frye1	1.0
4405.099161200999	4406.528306929583	frye3	1.0
4405.982379243239	4407.384389293839	frye1	1.0
4409.743124000998	4411.033555324165	frye3	1.0
4411.530894728229	4413.210600073137	frye1	1.0
4415.457076282127	4417.153998392726	frye1	1.0
4418.520213692999	4420.144811683099	frye3	1.0
4419.52264889711	4421.236598376195	frye1	1.0
4425.2539597529985	4426.718721841416	frye3	1.0
4425.3421735524125	4426.967801693013	frye1	1.0
4429.442646077668	4431.217143565268	frye1	1.0
4431.314331207	4432.970799926153	frye3	1.0
4434.042551093477	4435.683882751878	frye1	1.0
4437.003185637	4438.678368485332	frye3	1.0
4438.73631662953	4440.450266108614	frye1	1.0
4443.817773807409	4445.541449001773	frye1	1.0
4446.848386772998	4448.495068096333	frye3	1.0
4449.550973685499	4450.9529837361	frye1	1.0
4451.236931618999	4452.527362942165	frye3	1.0
4454.533037072993	4456.2127424179025	frye1	1.0
4457.390182328999	4459.043120667599	frye3	1.0
4458.598609687976	4460.3731071755765	frye1	1.0
4463.663151574069	4465.36007368467	frye1	1.0
4464.031049132999	4465.706231981331	frye3	1.0
4469.076171112875	4470.79012059196	frye1	1.0
4472.088324590998	4473.744793310153	frye3	1.0
4474.558886182224	4476.184514322825	frye1	1.0
4477.4985412529995	4478.963303341417	frye3	1.0
4478.392140362065	4480.119265571398	frye1	1.0
4483.73546437033	4485.509961857931	frye1	1.0
4487.1579838769985	4488.587129605582	frye3	1.0
4488.2424420120815	4489.883773670482	frye1	1.0
4492.586796749235	4494.300746228319	frye1	1.0
4492.855187482998	4494.479785473098	frye3	1.0
4497.906888913984	4499.599275085292	frye1	1.0
4501.507828928999	4502.798260252165	frye3	1.0
4502.229355213242	4503.9564804225765	frye1	1.0
4507.943045312114	4509.7175427997145	frye1	1.0
4509.472225130999	4511.125163469599	frye3	1.0
4512.883466501161	4514.366603339314	frye1	1.0
4516.980232439134	4518.677154549735	frye1	1.0
4519.294206452999	4520.758968541416	frye3	1.0
4522.346788290911	4524.060737769995	frye1	1.0
4526.027952512998	4527.684421232153	frye3	1.0
4528.82847263137	4530.45410077197	frye1	1.0
4532.290017314984	4534.064514802584	frye1	1.0
4535.571296067	4537.246478915332	frye3	1.0
4537.749500540819	4539.390832199219	frye1	1.0
4542.41910108717	4544.1330505662545	frye1	1.0
4544.905661295	4546.552342618333	frye3	1.0
4547.181629007579	4548.908754216914	frye1	1.0
4551.592967726999	4553.249436446154	frye3	1.0
4552.455257485301	4554.147643656609	frye1	1.0
4556.915771440025	4558.629720919108	frye1	1.0
4559.719902626998	4561.010333950165	frye3	1.0
4562.328790978831	4564.00849632374	frye1	1.0
4566.301436219756	4567.998358330357	frye1	1.0
4568.472378689999	4570.447253061909	frye3	1.0
4571.528601010449	4573.30309849805	frye1	1.0
4576.3032569647885	4577.928885105389	frye1	1.0
4577.854577360999	4579.5297602093315	frye3	1.0
4581.495061878038	4583.20901135712	frye1	1.0
4587.256559069557	4588.9802342639205	frye1	1.0
4589.1161871509985	4590.769125489599	frye3	1.0
4592.390796486191	4593.792806536791	frye1	1.0
4597.455338372284	4599.229835859885	frye1	1.0
4598.2183542389985	4599.508785562165	frye3	1.0
4602.426952884322	4604.052581024923	frye1	1.0
4605.718354160998	4607.374822880153	frye3	1.0
4608.327841136926	4610.102338624526	frye1	1.0
4615.322091547542	4617.019013658143	frye1	1.0
4615.958292134998	4617.423054223415	frye3	1.0
4620.199313172677	4621.913262651759	frye1	1.0
4625.11088912958	4626.790594474488	frye1	1.0
4625.803493270999	4627.478676119333	frye3	1.0
4628.957718177525	4630.684843386859	frye1	1.0
4634.658120880146	4636.299452538547	frye1	1.0
4636.386523011998	4638.361397383908	frye3	1.0
4638.924179045113	4640.698676532714	frye1	1.0
4644.244271209863	4645.9679464042265	frye1	1.0
4650.764793320998	4652.421262040153	frye3	1.0
4654.187500233936	4655.813128374536	frye1	1.0
4658.415695753517	4660.142820962851	frye1	1.0
4660.142820962851	4661.607583051268	frye3	1.0
4663.18162963007	4664.878551740671	frye1	1.0
4666.13353297485	4667.562678703433	frye3	1.0
4667.887133331177	4669.601082810262	frye1	1.0
4670.893594844852	4672.184026168018	frye3	1.0
4673.2410178717155	4674.920723216624	frye1	1.0
4676.39669076285	4678.049629101451	frye3	1.0
4676.958112833986	4678.732610321586	frye1	1.0
4682.271303704852	4683.946486553184	frye3	1.0
4682.822194374971	4684.545869569335	frye1	1.0
4687.946774816198	4689.67390002553	frye1	1.0
4688.842511066851	4690.22306958635	frye3	1.0
4692.848693797691	4694.474321938292	frye1	1.0
4697.2162803783585	4698.990777865959	frye1	1.0
4700.08090104285	4701.737369762005	frye3	1.0
4704.7201658334425	4706.361497491843	frye1	1.0
4708.297869734627	4710.01181921371	frye1	1.0
4711.179972134852	4712.855154983184	frye3	1.0
4718.05792467085	4720.03279904276	frye3	1.0
4719.51885015198	4721.211236323287	frye1	1.0
4723.352104331821	4725.126601819421	frye1	1.0
4726.342510676851	4727.989192000184	frye3	1.0
4727.71969091249	4729.416613023089	frye1	1.0
4731.03291310485	4732.323344428017	frye3	1.0
4733.388260729952	4735.115385939284	frye1	1.0
4737.348702512852	4739.00164085145	frye3	1.0
4738.589952601696	4740.215580742296	frye1	1.0
4743.385854152851	4744.850616241268	frye3	1.0
4752.828989635288	4754.470321293688	frye1	1.0
4754.113408220851	4755.769876940004	frye3	1.0
4760.05841708424	4761.47091742274	frye1	1.0
4764.864182102851	4766.539364951183	frye3	1.0
4773.221675348549	4774.704812186704	frye1	1.0
4773.4090736548505	4775.03367164495	frye3	1.0
4777.761081842052	4779.535579329652	frye1	1.0
4782.879729409219	4784.5210610676195	frye1	1.0
4784.5210610676195	4785.811492390786	frye3	1.0
4784.7044135041915	4786.431538713524	frye1	1.0
4791.209329688164	4792.983827175764	frye1	1.0
4794.85387829762	4796.47847628772	frye3	1.0
4795.434612860726	4797.060241001326	frye1	1.0
4799.9212710059865	4801.635220485069	frye1	1.0
4799.939017563619	4801.403779652036	frye3	1.0
4804.7302626134215	4806.4271847240225	frye1	1.0
4809.528800745619	4811.185269464774	frye3	1.0
4809.562486064374	4811.0456229025285	frye1	1.0
4812.861407843388	4814.635905330989	frye1	1.0
4817.4380810156845	4819.079412674085	frye1	1.0
4819.65263964962	4821.327822497952	frye3	1.0
4822.502622901778	4824.21657238086	frye1	1.0
4827.1722234481285	4828.895898642492	frye1	1.0
4827.53934955262	4829.526977148621	frye3	1.0
4831.237796063112	4832.964921272444	frye1	1.0
4836.4173453576195	4837.707776680786	frye3	1.0
4837.278075376801	4839.052572864402	frye1	1.0
4841.583716600989	4843.209344741589	frye1	1.0
4844.056664163621	4845.68126215372	frye3	1.0
4848.753277656954	4850.527775144555	frye1	1.0
4850.024156361619	4851.488918450036	frye3	1.0
4853.377742932135	4855.0574482770435	frye1	1.0
4856.96688074762	4858.623349466773	frye3	1.0
4857.257460799004	4858.954382909605	frye1	1.0
4862.11291609347	4863.826865572552	frye1	1.0
4863.826865572552	4865.502048420884	frye3	1.0
4864.61391544038	4866.341040649714	frye1	1.0
4868.519308095551	4870.165989418886	frye3	1.0
4868.77241542942	4870.546912917021	frye1	1.0
4874.231898655254	4875.873230313654	frye1	1.0
4876.528103830552	4878.184572549707	frye3	1.0
4879.505527132976	4881.219476612058	frye1	1.0
4883.703026356553	4885.16778844497	frye3	1.0
4883.733722652557	4885.457397846921	frye1	1.0
4889.564915374619	4891.339412862219	frye1	1.0
4891.040487580552	4892.693425919152	frye3	1.0
4895.177824496816	4896.660961334969	frye1	1.0
4896.288165544552	4897.578596867718	frye3	1.0
4899.299057807065	4900.995979917664	frye1	1.0
4902.223245682552	4903.652391411136	frye3	1.0
4903.527253326646	4905.168584985046	frye1	1.0
4906.806741286552	4908.463210005707	frye3	1.0
4907.337275662973	4909.051225142058	frye1	1.0
4912.286617390552	4913.961800238886	frye3	1.0
4912.680599671238	4914.404274865602	frye1	1.0
4917.443127591646	4919.17025280098	frye1	1.0
4923.501787552553	4924.96654964097	frye3	1.0
4926.642937623265	4928.417435110866	frye1	1.0
4929.910456216553	4931.535054206653	frye3	1.0
4933.96681170295	4935.646517047858	frye1	1.0
4937.944511860552	4939.234943183718	frye3	1.0
4937.980077258188	4939.707202467523	frye1	1.0
4943.091082831311	4944.8050323103935	frye1	1.0
4943.261849266552	4944.914787605151	frye3	1.0
4947.399715607532	4949.041047265932	frye1	1.0
4950.111694396553	4951.57645648497	frye3	1.0
4951.198996217762	4952.973493705363	frye1	1.0
4956.472624695484	4958.169546806083	frye1	1.0
4958.610146320551	4960.266615039706	frye3	1.0
4964.464378864365	4966.17832834345	frye1	1.0
4966.899619918552	4968.574802766886	frye3	1.0
4970.388498960484	4972.014127101084	frye1	1.0
4973.942971018155	4975.670096227487	frye1	1.0
4975.165873702553	4976.812555025886	frye3	1.0
4978.612571564506	4980.387069052106	frye1	1.0
4978.746048685552	4980.720923057462	frye3	1.0
4983.07308551923	4984.71441717763	frye1	1.0
4985.011074838551	4986.301506161718	frye3	1.0
4988.160859248838	4989.874808727921	frye1	1.0
4991.326864246553	4992.756009975136	frye3	1.0
4993.109241917361	4994.832917111725	frye1	1.0
4997.131817746552	4998.788286465707	frye3	1.0
4997.639451402626	4999.4139488902265	frye1	1.0
5003.145398315491	5004.84232042609	frye1	1.0
5003.517266596552	5005.192449444886	frye3	1.0
5007.931158079414	5009.610863424322	frye1	1.0
5011.648253041682	5013.375378251017	frye1	1.0
5013.873303640553	5015.526241979152	frye3	1.0
5016.596635710205	5018.31058518929	frye1	1.0
5019.074541976553	5020.53930406497	frye3	1.0
5021.730873126841	5023.454548321205	frye1	1.0
5025.982300489938	5027.756797977539	frye1	1.0
5026.226244688552	5027.655390417135	frye3	1.0
5031.697333994428	5033.322962135028	frye1	1.0
5033.494046470551	5035.150515189706	frye3	1.0
5036.854803254578	5038.581928463912	frye1	1.0
5041.268853522274	5043.043351009875	frye1	1.0
5043.014170210553	5044.689353058885	frye3	1.0
5045.925230562457	5047.566562220857	frye1	1.0
5051.630255729603	5053.327177840202	frye1	1.0
5051.791259902552	5053.171818422053	frye3	1.0
5056.574541586552	5058.199139576652	frye3	1.0
5056.83418867678	5058.548138155865	frye1	1.0
5061.798999736552	5063.263761824969	frye3	1.0
5061.87549871936	5063.64999620696	frye1	1.0
5068.450110433875	5070.173785628239	frye1	1.0
5077.890330838552	5079.543269177152	frye3	1.0
5081.9013478285915	5083.303357879192	frye1	1.0
5085.808287412553	5087.483470260885	frye3	1.0
5087.3145973504825	5088.994302695392	frye1	1.0
5090.775912051012	5092.550409538612	frye1	1.0
5094.353178964552	5095.999860287887	frye3	1.0
5095.491976284392	5097.133307942792	frye1	1.0
5099.5079776725515	5101.164446391706	frye3	1.0
5099.627244429918	5101.341193909001	frye1	1.0
5106.288163360553	5107.963346208885	frye3	1.0
5107.2008254155435	5108.927950624876	frye1	1.0
5111.963353335953	5113.588981476553	frye1	1.0
5117.247915568551	5119.222789940462	frye3	1.0
5121.672022849448	5123.3956980438115	frye1	1.0
5126.92466055909	5128.638610038174	frye1	1.0
5127.3949742865525	5128.685405609719	frye3	1.0
5132.686157750609	5134.38307986121	frye1	1.0
5136.543581002553	5137.972726731136	frye3	1.0
5138.506124555858	5140.233249765192	frye1	1.0
5141.396522128552	5142.861284216969	frye3	1.0
5144.464702412303	5146.090330552904	frye1	1.0
5147.972710782945	5149.747208270545	frye1	1.0
5151.125624194553	5152.782092913706	frye3	1.0
5155.15135042883	5156.79268208723	frye1	1.0
5157.162775834552	5158.837958682886	frye3	1.0
5160.494674437093	5162.208623916177	frye1	1.0
5162.208623916177	5163.861562254776	frye3	1.0
5163.564633978426	5165.190262119027	frye1	1.0
5167.502741508176	5168.967503596593	frye3	1.0
5167.685303892947	5169.087313943547	frye1	1.0
5174.006164254294	5175.780661741895	frye1	1.0
5176.395930270176	5178.020528260276	frye3	1.0
5179.369243501876	5180.85238034003	frye1	1.0
5181.736487490177	5183.026918813343	frye3	1.0
5184.003607139458	5185.700529250057	frye1	1.0
5188.725651504176	5190.378589842777	frye3	1.0
5188.781616729318	5190.495566208402	frye1	1.0
5193.977695212433	5195.701370406797	frye1	1.0
5195.993453286176	5197.66863613451	frye3	1.0
5199.770278711531	5201.497403920864	frye1	1.0
5205.369152998449	5207.143650486049	frye1	1.0
5214.778282812177	5216.43475153133	frye3	1.0
5216.636597102831	5218.350546581915	frye1	1.0
5223.00863687002	5224.705558980621	frye1	1.0
5224.623483948176	5226.088246036593	frye3	1.0
5227.694954615586	5229.320582756186	frye1	1.0
5231.644368012999	5233.418865500599	frye1	1.0
5235.435288990176	5236.864434718759	frye3	1.0
5236.197809341779	5237.924934551112	frye1	1.0
5240.864497541109	5242.347634379264	frye1	1.0
5245.281460155827	5247.055957643427	frye1	1.0
5245.289118408177	5246.964301256509	frye3	1.0
5249.974292545693	5251.666678717001	frye1	1.0
5253.993401473647	5255.707350952732	frye1	1.0
5254.092409692176	5256.067284064086	frye3	1.0
5259.66197129111	5261.389096500444	frye1	1.0
5262.073366583177	5263.7200479065095	frye3	1.0
5264.749745020717	5266.391076679117	frye1	1.0
5266.999644498176	5268.290075821343	frye3	1.0
5269.279954505983	5270.993903985068	frye1	1.0
5274.3444963920765	5276.06817158644	frye1	1.0
5277.193142844176	5278.846081182776	frye3	1.0
5279.432270121685	5281.206767609286	frye1	1.0
5283.067755786177	5284.532517874594	frye3	1.0
5286.796764515683	5288.422392656284	frye1	1.0
5292.811570910421	5294.508493021022	frye1	1.0
5295.735240134177	5297.1157986536755	frye3	1.0
5298.3894544292625	5300.103403908347	frye1	1.0
5299.878901122177	5301.53536984133	frye3	1.0
5303.0358231321	5304.71552847701	frye1	1.0
5305.9624923901765	5307.637675238509	frye3	1.0
5306.776149937886	5308.503275147218	frye1	1.0
5311.190200205582	5312.964697693183	frye1	1.0
5313.252120171176	5315.226994543086	frye3	1.0
5317.486029797928	5319.127361456328	frye1	1.0
5322.457644309964	5324.171593789047	frye1	1.0
5322.611099028177	5323.901530351343	frye3	1.0
5326.546448768461	5328.270123962825	frye1	1.0
5328.137414760177	5329.790353098776	frye3	1.0
5330.867571662099	5332.594696871433	frye1	1.0
5333.849489004176	5335.314251092593	frye3	1.0
5337.053756681175	5338.679384821776	frye1	1.0
5340.211718040177	5341.8681867593305	frye3	1.0
5340.462323033459	5342.23682052106	frye1	1.0
5345.410705701982	5347.107627812581	frye1	1.0
5350.498095642176	5352.17327849051	frye3	1.0
5351.032811832415	5352.7467613114995	frye1	1.0
5358.717909798176	5360.14705552676	frye3	1.0
5363.539955888177	5365.514830260086	frye3	1.0
5363.637790817137	5365.279122475537	frye1	1.0
5368.003298504346	5369.422896494346	frye1	1.0
5368.729584164176	5370.110142683677	frye3	1.0
5373.671470014176	5374.961901337342	frye3	1.0
5374.102032442005	5375.798954552606	frye1	1.0
5378.457279683328	5380.136985028238	frye1	1.0
5380.289117004176	5381.942055342776	frye3	1.0
5382.999828507941	5384.774325995541	frye1	1.0
5386.210169574176	5387.674931662593	frye3	1.0
5387.878515645921	5389.519847304321	frye1	1.0
5392.037015634961	5393.7509651140435	frye1	1.0
5395.080138522176	5396.736607241331	frye3	1.0
5397.450035173765	5399.075663314366	frye1	1.0
5400.211717416177	5401.886900264509	frye3	1.0
5401.7246943803775	5403.45181958971	frye1	1.0
5406.301367552672	5408.075865040272	frye1	1.0
