1439.2106996671612	1440.595795524661	cham2	1.0
1441.5835540731714	1443.1054321790946	cham2	1.0
1443.5073400277229	1445.142476509541	cham1	1.0
1444.6966286324139	1446.3451298353305	cham2	1.0
1446.8277786521282	1448.4526556921282	cham1	1.0
1450.3989813209364	1452.0998901969365	cham1	1.0
1451.7591261399489	1453.2979272980156	cham2	1.0
1453.9562727618652	1455.5393838875652	cham1	1.0
1454.6631136019287	1456.2087169857286	cham2	1.0
1457.1373922831483	1458.6600667261482	cham1	1.0
1458.8913193465712	1460.422108495471	cham2	1.0
1460.8757882169193	1462.5109246987374	cham1	1.0
1462.4922637994262	1464.0230383058547	cham2	1.0
1464.3587657949665	1465.9836428349665	cham1	1.0
1465.8451591051862	1467.3493814761862	cham2	1.0
1467.9517602279482	1469.336856085448	cham2	1.0
1468.1900411308188	1469.7785216138188	cham1	1.0
1470.158790699053	1471.7094560203655	cham2	1.0
1471.4176003531427	1473.1389453973093	cham1	1.0
1472.876922963466	1474.4157241215328	cham2	1.0
1475.0863367353527	1476.7367685918528	cham1	1.0
1476.0364613221	1477.6225869424334	cham2	1.0
1479.0101444831676	1480.5409336320677	cham2	1.0
1479.3355693805704	1480.9186805062704	cham1	1.0
1482.216146641193	1483.7380247471162	cham2	1.0
1482.6327881544553	1484.2576651944553	cham1	1.0
1485.1265477476782	1486.6307701186781	cham2	1.0
1486.8355810986325	1488.4707175804506	cham1	1.0
1489.1160208508572	1490.654822008924	cham2	1.0
1490.537232407611	1492.089112862511	cham1	1.0
1492.2659401924873	1493.9144413954039	cham2	1.0
1494.219493564093	1495.807974047093	cham1	1.0
1496.5592921134653	1497.979672638846	cham2	1.0
1497.7256909926605	1499.447036036827	cham1	1.0
1499.2451291182429	1500.6302249757427	cham2	1.0
1501.8123846842363	1503.4628165407364	cham1	1.0
1502.811627922787	1504.3977535431204	cham2	1.0
1504.6116979479814	1506.150499106048	cham2	1.0
1505.248922561243	1506.832033686943	cham1	1.0
1508.561120896274	1510.0918954027024	cham2	1.0
1508.70868028877	1510.33355732877	cham1	1.0
1511.8135868536913	1513.3443760025912	cham2	1.0
1512.7489342793049	1514.384070761123	cham1	1.0
1515.2983718080673	1516.8202499139904	cham2	1.0
1515.8603942490274	1517.5613031250275	cham1	1.0
1518.9381083383316	1520.488773659644	cham2	1.0
1520.1096268942454	1521.6323013372453	cham1	1.0
1522.5931883125602	1524.1319894706269	cham2	1.0
1524.5213984931054	1526.1045096188054	cham1	1.0
1526.5193793611572	1528.0649827449572	cham2	1.0
1527.79539741647	1529.42027445647	cham1	1.0
1530.3758747106663	1531.7609705681662	cham2	1.0
1531.7427720049236	1533.3779084867417	cham1	1.0
1534.2091381604796	1535.7399126669081	cham2	1.0
1535.89912524806	1537.42179969106	cham1	1.0
1537.9262421118137	1539.4304644828137	cham2	1.0
1539.3356631250667	1540.9241436080667	cham1	1.0
1539.9938811847433	1541.5246703336434	cham2	1.0
1543.0043995072767	1544.7257445514433	cham1	1.0
1543.5251299385109	1545.1736311414274	cham2	1.0
1546.6266961884462	1548.2771280449463	cham1	1.0
1547.497784786499	1549.0196628924223	cham2	1.0
1550.4946998472624	1552.0453651685748	cham2	1.0
1551.5297832900499	1553.23069216605	cham1	1.0
1554.7461374916008	1556.2849386496675	cham2	1.0
1554.8929629736786	1556.7186222926784	cham1	1.0
1557.8127482514515	1559.3583516352514	cham2	1.0
1558.6545787579696	1560.1772532009695	cham1	1.0
1561.3672289049148	1562.8714512759148	cham2	1.0
1562.509073944342	1564.14421042616	cham1	1.0
1564.944941458074	1566.330037315574	cham2	1.0
1566.8744058421614	1568.4992828821614	cham1	1.0
1568.5923497103204	1570.1784753306538	cham2	1.0
1570.589581925412	1572.178062408412	cham1	1.0
1570.8458439808169	1572.3846451388836	cham2	1.0
1574.258318307622	1575.9796633517885	cham1	1.0
1574.3770927345843	1575.9078672410128	cham2	1.0
1578.228912746596	1579.8793446030961	cham1	1.0
1578.3962113819643	1579.9270005308645	cham2	1.0
1582.2459066415474	1584.0715659605473	cham1	1.0
1582.3882026771569	1584.0367038800734	cham2	1.0
1584.7849837983201	1586.3068619042433	cham2	1.0
1586.5183993823487	1588.0410738253486	cham1	1.0
1588.4788558499583	1590.017657008025	cham2	1.0
1590.0478166614366	1591.6362971444366	cham1	1.0
1591.4255674108633	1592.9762327321757	cham2	1.0
1593.8326522962482	1595.4677887780663	cham1	1.0
1594.426222172093	1595.971825555893	cham2	1.0
1597.2372820352894	1598.6223778927892	cham2	1.0
1597.780026884702	1599.302701327702	cham1	1.0
1600.1180375975734	1601.6222599685734	cham2	1.0
1601.4719831174323	1603.0604636004323	cham1	1.0
1603.6725182510368	1605.2032927574653	cham2	1.0
1604.7227621902764	1606.444107234443	cham1	1.0
1608.0401153938544	1609.5709045427543	cham2	1.0
1608.9952146860144	1610.5783258117144	cham1	1.0
1610.8744071567467	1612.425072478059	cham2	1.0
1612.5942915166636	1614.2447233731637	cham1	1.0
1616.448786703036	1618.073663743036	cham1	1.0
1616.845005378577	1618.3668834845002	cham2	1.0
1620.0510075366028	1621.6371331569362	cham2	1.0
1620.4426009925303	1622.0777374743484	cham1	1.0
1624.0648976736998	1625.7658065496998	cham1	1.0
1625.185257369383	1626.730860753183	cham2	1.0
1628.3141303189173	1629.8972414446173	cham1	1.0
1629.3437674149382	1630.8825685730048	cham2	1.0
1631.239831484477	1632.762505927477	cham1	1.0
1632.5650597081963	1634.0692820791962	cham2	1.0
1635.0246671192886	1636.6131476022886	cham1	1.0
1635.267901837377	1636.6529976948768	cham2	1.0
1638.4844248468157	1640.2057698909823	cham1	1.0
1638.6132953935776	1640.1440699000061	cham2	1.0
1642.3157001826678	1643.9661320391679	cham1	1.0
1644.6303574147998	1646.1691585728665	cham2	1.0
1646.518493126845	1648.101604252545	cham1	1.0
1648.2080699679589	1649.729948073882	cham2	1.0
1650.4426478647783	1651.9653223077783	cham1	1.0
1652.2039567156432	1653.7347458645431	cham2	1.0
1654.1346040975088	1655.769740579327	cham1	1.0
1655.7352054694106	1657.2808088532106	cham2	1.0
1657.9890992838812	1659.6139763238812	cham1	1.0
1659.9411109670218	1661.5896121699384	cham2	1.0
1661.5048202744276	1663.2192094305706	cham1	1.0
1663.2391090711665	1664.6242049286664	cham2	1.0
1665.2336926462199	1666.81680377192	cham1	1.0
1667.0026768218922	1668.5334513283208	cham2	1.0
1668.3683724664622	1669.9932495064622	cham1	1.0
1670.1725648746428	1671.6767872456428	cham2	1.0
1672.176427951794	1673.764908434794	cham1	1.0
1674.3904209251689	1675.9765465455023	cham2	1.0
1675.9143906758836	1677.5495271577017	cham1	1.0
1677.991365378024	1679.5301665360907	cham2	1.0
1679.5371205667343	1681.0597950097342	cham1	1.0
1681.4529184327039	1682.974796538627	cham2	1.0
1683.275516500505	1684.8586276262051	cham1	1.0
1685.3094137822131	1686.8402029311133	cham2	1.0
1686.9674727332356	1688.6179045897356	cham1	1.0
1689.3031206328715	1690.8537859541839	cham2	1.0
1691.263145079494	1692.888022119494	cham1	1.0
1692.9991725815357	1694.5299470879643	cham2	1.0
1695.094420415346	1696.729556897164	cham1	1.0
1696.6698127334782	1698.0549085909781	cham2	1.0
1698.9953553027592	1700.5180297457591	cham1	1.0
1700.712163280554	1702.257766664354	cham2	1.0
1703.0820489943346	1704.6705294773346	cham1	1.0
1705.228491402182	1706.732713773182	cham2	1.0
1707.4471015897147	1709.2727609087146	cham1	1.0
1709.7029084628434	1711.233682969272	cham2	1.0
1711.8817809316042	1713.5826898076043	cham1	1.0
1713.6058676117443	1715.1565329330567	cham2	1.0
1715.7833072289475	1717.504652273114	cham1	1.0
1717.415899161862	1718.9547003199286	cham2	1.0
1719.6145825647995	1721.1372570077995	cham1	1.0
1720.993611715021	1722.6421129179375	cham2	1.0
1723.32975864805	1724.9801905045501	cham1	1.0
1725.430904556926	1726.9616937058258	cham2	1.0
1727.578991293268	1729.162102418968	cham1	1.0
1728.7298343137352	1730.2517124196584	cham2	1.0
1730.7368909640309	1732.2595654070308	cham1	1.0
1733.1438952559445	1734.5289911134444	cham2	1.0
1735.1951022639314	1736.8302387457495	cham1	1.0
1735.897713769053	1737.401936140053	cham2	1.0
1738.7941790945806	1740.4190561345806	cham1	1.0
1740.2296246631752	1741.7752280469751	cham2	1.0
1742.648674280953	1744.237154763953	cham1	1.0
1744.3416709093387	1745.8923362306512	cham2	1.0
1746.2709709621222	1747.9923160062888	cham1	1.0
1747.8032239640186	1749.3420251220853	cham2	1.0
1750.2415654010963	1751.8919972575964	cham1	1.0
1752.0778935080527	1753.6086826569526	cham2	1.0
1754.7229965515173	1756.2456709945172	cham1	1.0
1755.7253017602995	1757.311427380633	cham2	1.0
1758.4149527842474	1760.0398298242474	cham1	1.0
1759.6979566082878	1761.0830524657877	cham2	1.0
1761.7121715581322	1763.3473080399503	cham1	1.0
1763.4382924593178	1764.9690669657464	cham2	1.0
1765.4970071929438	1767.0854876759438	cham1	1.0
1767.410947307306	1768.9497484653727	cham2	1.0
1769.188963425674	1770.711637868674	cham1	1.0
1771.035123659857	1772.5570017657801	cham2	1.0
1773.0898983130871	1774.8112433572537	cham1	1.0
1775.4956484014579	1777.026437550358	cham2	1.0
1777.5713294635082	1779.1544405892082	cham1	1.0
1779.6309265473171	1781.176529931117	cham2	1.0
1781.505002016411	1783.155433872911	cham1	1.0
1783.5106537965223	1784.8957496540222	cham2	1.0
1785.3267595372936	1786.9618960191117	cham1	1.0
1787.5530043435983	1789.0837788500269	cham2	1.0
1789.1812547236661	1790.8821635996662	cham1	1.0
1791.6650505897614	1793.1692729607614	cham2	1.0
1793.4304873688839	1794.9531618118838	cham1	1.0
1795.8467925350124	1797.385593693079	cham2	1.0
1797.6100604625406	1799.1931715882406	cham1	1.0
1801.1162578911085	1802.7666897476086	cham1	1.0
1801.538607960493	1803.0604860664162	cham2	1.0
1803.920561356979	1805.5690625598957	cham2	1.0
1804.9243133764403	1806.5491904164403	cham1	1.0
1807.2071914862775	1808.7379806351773	cham2	1.0
1809.2664254237395	1810.9015619055576	cham1	1.0
1810.6455126412618	1812.1911160250618	cham2	1.0
1812.9687026108454	1814.5193679321578	cham2	1.0
1813.074480909071	1814.597155352071	cham1	1.0
1815.2686606807335	1816.8074618388002	cham2	1.0
1816.6934975740817	1818.2819780570817	cham1	1.0
1818.6140542369344	1820.2001798572678	cham2	1.0
1820.8643584050358	1822.6900177240357	cham1	1.0
1822.4705495864434	1823.8556454439433	cham2	1.0
1825.324163415443	1827.038552571586	cham1	1.0
1826.2573492368651	1827.7881237432937	cham2	1.0
1828.7701725504824	1830.2743949214823	cham2	1.0
1829.1890571701704	1830.8241936519885	cham1	1.0
1831.8330051638663	1833.3637943127665	cham2	1.0
1832.9506729544617	1834.4733473974616	cham1	1.0
1834.6903384133977	1836.2410037347101	cham2	1.0
1836.6426291871917	1838.2311096701917	cham1	1.0
1840.1732571546722	1841.6951352605954	cham2	1.0
1840.6132236261658	1842.3345686703324	cham1	1.0
1843.820665406919	1845.4691666098356	cham2	1.0
1845.7448105911556	1847.3696876311556	cham1	1.0
1846.1903191758945	1847.7291203339612	cham2	1.0
1849.2569299357451	1850.761152306745	cham2	1.0
1849.645808709668	1851.360197865811	cham1	1.0
1852.5093958931627	1854.0549992769627	cham2	1.0
1854.6380133404366	1856.2211244661366	cham1	1.0
1856.6911378384136	1858.0762336959135	cham2	1.0
1858.2136603822353	1859.8640922387353	cham1	1.0
1860.082995194006	1861.6691208143393	cham2	1.0
1862.0451456564176	1863.6700226964176	cham1	1.0
1864.3808966377362	1865.919697795803	cham2	1.0
1865.9925202448712	1867.6276567266893	cham1	1.0
1867.9586091908952	1869.4893836973238	cham2	1.0
1870.3346322921702	1871.9231127751702	cham1	1.0
1872.326206333713	1873.8768716550253	cham2	1.0
1873.840829720738	1875.3635041637378	cham1	1.0
1876.4150206801803	1877.9458098290802	cham2	1.0
1878.1365020669964	1879.7196131926964	cham1	1.0
1880.0159651330353	1881.5378432389584	cham2	1.0
1881.6194796450436	1883.2699115015437	cham1	1.0
1884.499721774332	1886.1482229772487	cham2	1.0
1885.984811542863	1887.573292025863	cham1	1.0
1888.5885361207997	1890.1341395045997	cham2	1.0
1890.2572640386013	1891.8403751643013	cham1	1.0
1891.6551468806506	1893.0402427381505	cham2	1.0
1893.5777026630064	1895.2281345195065	cham1	1.0
1894.2803515462801	1895.78457391728	cham2	1.0
1897.6876162051024	1899.3227526869205	cham1	1.0
1898.3691658927478	1899.8999403991763	cham2	1.0
1901.5983999504692	1903.137201108536	cham2	1.0
1901.6582106440765	1903.2466911270765	cham1	1.0
1905.7449043356519	1907.2675787786518	cham1	1.0
1906.662954084162	1908.2490797044954	cham2	1.0
1909.9012575787885	1911.5261346187885	cham1	1.0
1910.1942028379294	1911.7249919868295	cham2	1.0
1913.9113067892638	1915.4569101730638	cham2	1.0
1915.1953834974206	1916.8305199792387	cham1	1.0
1918.7944603280696	1920.4953692040697	cham1	1.0
1918.8597014244774	1920.398502582544	cham2	1.0
1923.0879071691197	1924.6186816755483	cham2	1.0
1923.1133525248483	1924.9390118438482	cham1	1.0
1926.7820889070583	1928.3047633500582	cham1	1.0
1927.8039828073752	1929.189078664875	cham2	1.0
1930.729463495512	1932.317943978512	cham1	1.0
1932.0274111427145	1933.578076464027	cham2	1.0
1934.5180018194724	1936.0398799253956	cham2	1.0
1934.8161571870876	1936.5375022312542	cham1	1.0
1938.9088308619857	1940.4476320200524	cham2	1.0
1939.344028038549	1940.994459895049	cham1	1.0
1942.788558111191	1944.334161494991	cham2	1.0
1943.4771614311653	1945.0602725568654	cham1	1.0
1946.7976000555705	1948.4224770955705	cham1	1.0
1947.4625771487667	1949.1110783516833	cham2	1.0
1951.166061889313	1952.8804510454559	cham1	1.0
1953.5681595700598	1955.09894871896	cham2	1.0
1954.9851633730177	1956.6202998548358	cham1	1.0
1957.773133415007	1959.3039079214354	cham2	1.0
1958.5655710143037	1960.1174514692036	cham1	1.0
1961.4902373663408	1962.8753332238407	cham2	1.0
1961.7047440896133	1963.2932245726133	cham1	1.0
1964.8626437603762	1966.5839888045427	cham1	1.0
1966.2992406033793	1967.8853662237127	cham2	1.0
1968.577819843627	1970.228251700127	cham1	1.0
1971.363794737072	1972.9025958951388	cham2	1.0
1972.7341730867636	1974.3590501267636	cham1	1.0
1975.7546237795857	1977.2765018855089	cham2	1.0
1976.8673064793795	1978.5024429611976	cham1	1.0
1980.0716458511833	1981.6235263060832	cham1	1.0
1980.8191779132785	1982.3647812970785	cham2	1.0
1983.856481485995	1985.444961968995	cham1	1.0
1986.1625148433213	1987.7131801646337	cham2	1.0
1987.4323384661234	1989.15368351029	cham1	1.0
1990.669503384314	1992.200292533214	cham2	1.0
1991.4725924566583	1993.1230243131583	cham1	1.0
1994.71185393139	1996.3603551343065	cham2	1.0
1995.419967045112	1997.044844085112	cham1	1.0
1999.2653062717743	2000.7871843776975	cham2	1.0
1999.5995401387688	2001.234676620587	cham1	1.0
2003.5864396152	2005.1252407732668	cham2	1.0
2003.6397941293037	2005.3407030053038	cham1	1.0
2007.8378772595386	2009.424002879872	cham2	1.0
2008.5856222901314	2010.1082967331313	cham1	1.0
2012.1382594197396	2013.7267399027396	cham1	1.0
2012.2287063020522	2013.613802159552	cham2	1.0
2015.481917894665	2017.2032629388316	cham1	1.0
2017.7346665299658	2019.2802699137658	cham2	1.0
2019.6847108388422	2021.3351426953423	cham1	1.0
2022.2416550709586	2023.7724442198587	cham2	1.0
2024.0500427366617	2025.6331538623617	cham1	1.0
2026.0981504204676	2027.6289249268962	cham2	1.0
2027.6955592683512	2029.3204363083512	cham1	1.0
2030.7722513966696	2032.2764737676696	cham2	1.0
2031.27141624848	2032.906552730298	cham1	1.0
2034.7171852076237	2036.2559863656904	cham2	1.0
2034.731173976007	2036.4320828520072	cham1	1.0
2038.8875272191433	2040.4102016621432	cham1	1.0
2039.0383185510498	2040.560196656973	cham2	1.0
2042.5794834518738	2044.1679639348738	cham1	1.0
2044.5442787789634	2046.0949441002758	cham2	1.0
2046.7126168444897	2048.4339618886565	cham1	1.0
2048.8886440220854	2050.2737398795853	cham2	1.0
2050.636771582423	2052.2872034389234	cham1	1.0
2052.814835070682	2054.4633362735985	cham2	1.0
2054.8395645266005	2056.4644415666007	cham1	1.0
2057.4379831101537	2058.9835864939537	cham2	1.0
2059.0423574707775	2060.677493952596	cham1	1.0
2061.550029356317	2063.080818505217	cham2	1.0
2062.9897320592313	2064.5124065022314	cham1	1.0
2066.010554097918	2067.5413286043467	cham2	1.0
2066.960326498205	2068.548806981205	cham1	1.0
2070.2387598425607	2071.742982213561	cham2	1.0
2071.0005804887405	2072.7219255329073	cham1	1.0
2074.09525519207	2075.6340563501367	cham2	1.0
2074.878295525633	2076.528727382133	cham1	1.0
2078.509316134279	2080.031194240202	cham2	1.0
2079.127528170851	2080.752405210851	cham1	1.0
2083.0984694540225	2084.649134775335	cham2	1.0
2083.2606615634672	2084.843772689167	cham1	1.0
2086.9200362539527	2088.5085167369525	cham1	1.0
2086.9424957238684	2088.3275915813683	cham2	1.0
2091.016091637253	2092.651228119071	cham1	1.0
2091.7050351615158	2093.291160781849	cham2	1.0
2094.608489558397	2096.1603700132973	cham1	1.0
2097.0019082921667	2098.5475116759667	cham2	1.0
2098.585762906876	2100.1742433898758	cham1	1.0
2101.2068821371136	2102.7376712860137	cham2	1.0
2102.300938990126	2104.0222840342926	cham1	1.0
2105.574479279931	2107.1052537863598	cham2	1.0
2106.8055899910673	2108.388701116767	cham1	1.0
2110.1028087649524	2111.7532406214527	cham1	1.0
2111.475381802674	2113.0260471239862	cham2	1.0
2113.841204698723	2115.466081738723	cham1	1.0
2116.052066042754	2117.590867200821	cham2	1.0
2117.9046785397786	2119.539815021597	cham1	1.0
2120.187344188613	2121.83584539153	cham2	1.0
2122.4477283251135	2124.1486372011136	cham1	1.0
2124.973115525956	2126.494993631879	cham2	1.0
2126.8443209901	2128.3669954331003	cham1	1.0
2128.945770373945	2130.330866231445	cham2	1.0
2130.9310146816756	2132.5194951646754	cham1	1.0
2133.1275123191954	2134.713637939529	cham2	1.0
2134.785509868048	2136.3686209937478	cham1	1.0
2136.798152471138	2138.343755854938	cham2	1.0
2138.384586698697	2140.0094637386974	cham1	1.0
2141.3748367112175	2142.9136378692842	cham2	1.0
2142.6338193439146	2144.268955825733	cham1	1.0
2145.7192019543395	2147.367703157256	cham2	1.0
2146.2561160250843	2147.9570249010844	cham1	1.0
2150.0171033980696	2151.5478925469697	cham2	1.0
2150.598228072383	2152.120902515383	cham1	1.0
2153.965106397829	2155.553586880829	cham1	1.0
2154.0826858448413	2155.61346035127	cham2	1.0
2157.842821434722	2159.6684807537217	cham1	1.0
2157.985644993742	2159.5363103150544	cham2	1.0
2161.697316621094	2163.2199910640943	cham1	1.0
2161.9118360423386	2163.2969318998385	cham2	1.0
2165.80723016319	2167.39571064619	cham1	1.0
2167.8824342641697	2169.38665663517	cham2	1.0
2169.847484153725	2171.4826206355433	cham1	1.0
2172.110640008812	2173.632518114735	cham2	1.0
2173.691524516654	2175.2434049715544	cham1	1.0
2176.1297586561923	2177.6804239775047	cham2	1.0
2177.3939355728276	2178.9824160558273	cham1	1.0
2180.6367471971844	2182.175548355251	cham2	1.0
2180.8072535993138	2182.5285986434806	cham1	1.0
2184.330619248823	2185.9167448691564	cham2	1.0
2185.2654648992147	2186.915896755715	cham1	1.0
2188.8376077898156	2190.2227036473155	cham2	1.0
2189.596071145417	2191.31046030156	cham1	1.0
2193.356837609965	2194.902440993765	cham2	1.0
2193.867430286436	2195.450541412136	cham1	1.0
2197.479106272901	2199.1039833129007	cham1	1.0
2201.9140977222814	2203.5492342041	cham1	1.0
2203.5492342041	2205.099899525412	cham2	1.0
2205.162150225548	2206.7972867073663	cham1	1.0
2208.0642745357936	2209.6030756938603	cham2	1.0
2209.73646077805	2211.25913522105	cham1	1.0
2211.663863027251	2212.8542186642508	cham2	1.0
2213.3355376086993	2214.924018091699	cham1	1.0
2215.7967247490383	2217.3186028549612	cham2	1.0
2217.4222313002747	2219.1435763444415	cham1	1.0
2220.87170043623	2222.4578260565636	cham2	1.0
2221.3928257392486	2223.043257595749	cham1	1.0
2225.6188385339465	2227.2437155739462	cham1	1.0
2230.3060582400326	2232.0204473961753	cham1	1.0
2232.0204473961753	2233.559248554242	cham2	1.0
2232.642330703012	2234.2254418287116	cham1	1.0
2236.5888149757634	2238.1344183595634	cham2	1.0
2236.593663427691	2238.145543882591	cham1	1.0
2240.4442004778384	2242.032680960838	cham1	1.0
2242.668120500293	2244.2542461206262	cham2	1.0
2244.438014767333	2246.073151249151	cham1	1.0
2247.8053120594177	2249.1904079169176	cham2	1.0
2247.851332793819	2249.552241669819	cham1	1.0
2251.7959677858203	2253.326742292249	cham2	1.0
2251.891586784354	2253.414261227354	cham1	1.0
2255.444223913962	2257.032704396962	cham1	1.0
2255.955492382165	2257.4862815310653	cham2	1.0
2259.4148183529364	2261.1361633971032	cham1	1.0
2261.208226310727	2262.7301044166497	cham2	1.0
2263.640831147634	2265.291263004134	cham1	1.0
2267.7971843907703	2269.38029551647	cham1	1.0
2269.625042873944	2271.1638440320107	cham2	1.0
2271.5588001750616	2273.1836772150614	cham1	1.0
2273.14464124295	2274.6953065642624	cham2	1.0
2275.337439960128	2277.0518291162707	cham1	1.0
2277.7041201984994	2279.2497235822993	cham2	1.0
2279.4767692024893	2281.1119056843077	cham1	1.0
2281.836981920287	2283.222077777787	cham2	1.0
2283.21516513626	2284.7378395792603	cham1	1.0
2285.9965072650207	2287.6450084679373	cham2	1.0
2286.83746181743	2288.4259423004296	cham1	1.0
2290.9938150605662	2292.576926186266	cham1	1.0
2292.7424033902257	2294.2812045482924	cham2	1.0
2294.453572788093	2296.1040046445933	cham1	1.0
2297.1774528500787	2298.681675221079	cham2	1.0
2298.930440892337	2300.756100211337	cham1	1.0
2302.0302316700454	2303.5610208189455	cham2	1.0
2302.649039704971	2304.363428861114	cham1	1.0
2305.9853358978526	2307.5161104042813	cham2	1.0
2307.7121074351935	2309.347243917012	cham1	1.0
2309.7626826316796	2311.1477784891795	cham2	1.0
2311.8452408278094	2313.3679152708096	cham1	1.0
2313.6289073646067	2315.21503298494	cham2	1.0
2315.56041691106	2317.14889739406	cham1	1.0
2318.06395682446	2319.6146221457725	cham2	1.0
2319.2523731437905	2320.9737181879573	cham1	1.0
2321.9657338033726	2323.4876119092955	cham2	1.0
2323.3855065364064	2324.968617662106	cham1	1.0
2326.9149238154946	2328.5398008554944	cham1	1.0
2326.9251671201278	2328.4639682781944	cham2	1.0
2330.6314108567626	2332.135633227763	cham2	1.0
2331.0944969091515	2332.72963339097	cham1	1.0
2333.8132692397166	2335.3588726235166	cham2	1.0
2335.4366089564505	2336.9592833994507	cham1	1.0
2339.0821254881403	2340.67060597114	cham1	1.0
2339.332639409749	2340.9811406126655	cham2	1.0
2343.0527199271146	2344.7740649712814	cham1	1.0
2344.656476335502	2346.0415721930017	cham2	1.0
2346.837555561926	2348.487987418426	cham1	1.0
2348.913767553986	2350.4445420604147	cham2	1.0
2351.179667609225	2352.8940567653676	cham1	1.0
2353.526574506819	2355.0772398281315	cham2	1.0
2355.661098759646	2357.486758078646	cham1	1.0
2360.235409312148	2361.860286352148	cham1	1.0
2363.107702651056	2364.6938282713895	cham2	1.0
2364.3685427047644	2365.957023187764	cham1	1.0
2368.1533783395757	2369.676052782576	cham1	1.0
2369.586962535791	2371.1257636938576	cham2	1.0
2372.3329514332327	2373.983383289733	cham1	1.0
2375.239650825558	2376.743873196558	cham2	1.0
2376.6982833310517	2378.2813944567515	cham1	1.0
2378.8214635677164	2380.3522527166165	cham2	1.0
2380.459899115343	2382.0847761553428	cham1	1.0
2383.772009758212	2385.3027842646406	cham2	1.0
2384.6394722090004	2386.2746086908187	cham1	1.0
2388.2521766980826	2389.8040571529828	cham1	1.0
2388.4825833331847	2390.033248654497	cham2	1.0
2392.3949022827856	2393.9833827657853	cham1	1.0
2396.040418814475	2397.7617638586416	cham1	1.0
2397.8770661097933	2399.3989442157163	cham2	1.0
2400.2664316091727	2401.916863465673	cham1	1.0
2402.2410118230646	2403.889513025981	cham2	1.0
2404.49244440387	2406.11732144387	cham1	1.0
2408.3825332195265	2409.9281366033265	cham2	1.0
2408.7798428141155	2410.4807516901155	cham1	1.0
2413.315302911334	2414.700398768834	cham2	1.0
2413.6642853593953	2415.2994218412136	cham1	1.0
2418.230297603234	2419.7610721096626	cham2	1.0
2418.252218522323	2419.804098977223	cham1	1.0
2422.2324102013913	2423.820890684391	cham1	1.0
2424.265163755518	2425.7693861265184	cham2	1.0
2426.017245836203	2427.73859088037	cham1	1.0
2428.1936043583783	2429.7243935072784	cham2	1.0
2430.429017435063	2432.0794492915634	cham1	1.0
2434.34520765847	2436.17086697747	cham1	1.0
2434.7884073629393	2436.3102854688623	cham2	1.0
2438.416646014052	2439.939320457052	cham1	1.0
2438.699071469112	2440.2497367904243	cham2	1.0
2442.0157228447006	2443.6042033277004	cham1	1.0
2444.822817115276	2446.4089427356093	cham2	1.0
2446.3578348919996	2447.992971373818	cham1	1.0
2450.7696064908596	2452.4705153668597	cham1	1.0
2452.8752308168846	2454.4140319749513	cham2	1.0
2455.6225552496057	2457.145229692606	cham1	1.0
2457.4347105218235	2459.08321172474	cham2	1.0
2459.6395893896206	2461.290021246121	cham1	1.0
2461.9408622304795	2463.4864656142795	cham2	1.0
2464.0513609884806	2465.6344721141804	cham1	1.0
2466.9891750421134	2468.3742708996133	cham2	1.0
2467.7665370717314	2469.3914141117316	cham1	1.0
2470.659866531763	2472.164088902763	cham2	1.0
2472.2247483716314	2473.85988485345	cham1	1.0
2474.401661766994	2475.932436273423	cham2	1.0
2476.4043214652884	2477.9269959082885	cham1	1.0
2479.2188898377544	2480.757690995821	cham2	1.0
2480.9554121672704	2482.6767572114372	cham1	1.0
2483.4139659326947	2484.944755081595	cham2	1.0
2485.2046448124884	2486.8550766689887	cham1	1.0
2488.391175747137	2489.9418410684493	cham2	1.0
2489.430657607186	2491.0191380901856	cham1	1.0
2493.110636447369	2494.632514553292	cham2	1.0
2493.5870108503223	2495.170121976022	cham1	1.0
2497.421255662136	2499.0073812824694	cham2	1.0
2497.8594633460607	2499.484340386061	cham1	1.0
2501.598556756168	2502.983652613668	cham2	1.0
2502.008619941878	2503.709528817878	cham1	1.0
2505.8736237239505	2507.4192271077504	cham2	1.0
2506.7322454612236	2508.367381943042	cham1	1.0
2510.015373319386	2511.5541744774528	cham2	1.0
2510.8151664558654	2512.3670469107656	cham1	1.0
2513.7927200532126	2515.296942424213	cham2	1.0
2515.320790937338	2517.042135981505	cham1	1.0
2517.827814404471	2519.3585889109	cham2	1.0
2519.7557823867182	2521.344262869718	cham1	1.0
2522.102882120643	2523.653547441955	cham2	1.0
2523.796036377253	2525.3187108202533	cham1	1.0
2525.818013731926	2527.348802880826	cham2	1.0
2527.859510218309	2529.442621344009	cham1	1.0
2529.959762578973	2531.481640684896	cham2	1.0
2531.296048095315	2532.9209251353154	cham1	1.0
2534.1104000490577	2535.7589012519743	cham2	1.0
2535.3629417597494	2537.077330915892	cham1	1.0
2538.660991130959	2540.2065945147588	cham2	1.0
2540.049931741474	2541.6850682232925	cham1	1.0
2542.1717016253156	2543.5567974828155	cham2	1.0
2543.927646778367	2545.450321221367	cham1	1.0
2545.8601696126525	2547.3643919836527	cham2	1.0
2547.6892625626583	2549.277743045658	cham1	1.0
2549.850824590666	2551.3896257487327	cham2	1.0
2551.9849349089172	2553.706279953084	cham1	1.0
2557.209401275988	2558.8598331324883	cham1	1.0
2557.4499574325646	2559.000622753877	cham2	1.0
2561.2717427912467	2562.8025172976754	cham2	1.0
2561.996144117605	2563.821803436605	cham1	1.0
2565.0224259011266	2566.5532150500267	cham2	1.0
2566.4973414841147	2568.020015927115	cham1	1.0
2568.604239392675	2570.1903650130084	cham2	1.0
2570.0267587632025	2571.6152392462022	cham1	1.0
2573.974133351656	2575.609269833474	cham1	1.0
2574.7013206665024	2576.2231987724253	cham2	1.0
2577.181037699575	2578.685260070575	cham2	1.0
2577.7589689864676	2579.3838460264674	cham1	1.0
2581.116776206646	2582.831165362789	cham1	1.0
2581.8738355242494	2583.2589313817493	cham2	1.0
2585.001088247254	2586.546691631054	cham2	1.0
2585.514399060253	2587.0975101859526	cham1	1.0
2588.47752565507	2590.0281909763826	cham2	1.0
2589.252794994024	2590.8776720340243	cham1	1.0
2592.6192752505062	2594.158076408573	cham2	1.0
2593.2273480172244	2594.8624844990427	cham1	1.0
2598.1386446711485	2599.787145874065	cham2	1.0
2598.7497138568333	2600.338194339833	cham1	1.0
2602.884769744717	2604.4066478506397	cham2	1.0
2603.277584708295	2604.800259151295	cham1	1.0
2606.9909670931675	2608.5217562420676	cham2	1.0
2607.8286754102764	2609.4791072667767	cham1	1.0
2610.830528949537	2612.4166545698704	cham2	1.0
2612.913822674226	2614.5386997142264	cham1	1.0
2615.7988508893304	2617.3444542731304	cham2	1.0
2618.0221897886954	2619.610670271695	cham1	1.0
2620.0205906082183	2621.5248129792185	cham2	1.0
2622.3875216865144	2623.9101961295146	cham1	1.0
2623.611291974416	2624.996387831916	cham2	1.0
2626.7449856759595	2628.3954175324598	cham1	1.0
2630.037224611256	2631.567999117685	cham2	1.0
2631.4897030904785	2633.124839572297	cham1	1.0
2635.187210009939	2636.739090464839	cham1	1.0
2637.218627343652	2638.7574285017186	cham2	1.0
2639.2915728653047	2641.0129179094715	cham1	1.0
2641.244833820261	2642.766711926184	cham2	1.0
2643.424706257921	2645.013186740921	cham1	1.0
2647.4930097125116	2649.0237988614117	cham2	1.0
2647.9525771093827	2649.475251552383	cham1	1.0
2651.783852445235	2653.4342843017353	cham1	1.0
2652.0524886690614	2653.700989871978	cham2	1.0
2655.803171778941	2657.348775162741	cham2	1.0
2656.3813828482575	2658.0062598882573	cham1	1.0
2659.856042627887	2661.4067079491992	cham2	1.0
2660.0733390809874	2661.7084755628057	cham1	1.0
2663.1978827545227	2664.7366839125893	cham2	1.0
2663.893283311018	2665.6076724671607	cham1	1.0
2667.5884928411315	2669.174618461465	cham2	1.0
2668.7575631755853	2670.2802376185855	cham1	1.0
2671.792457560111	2673.177553417611	cham2	1.0
2672.4495194083156	2674.0379998913154	cham1	1.0
2674.894325070223	2676.3985474412234	cham2	1.0
2676.652312352493	2678.37365739666	cham1	1.0
2679.027186792011	2680.5579612984397	cham2	1.0
2681.0873038018735	2682.737735658374	cham1	1.0
2683.4533483762148	2684.984137525115	cham2	1.0
2685.1275577924084	2686.752434832408	cham1	1.0
2689.0882601682943	2690.6389254896067	cham2	1.0
2689.621964995238	2691.336354151381	cham1	1.0
2691.7901740675916	2693.3289752256583	cham2	1.0
2693.9511009901285	2695.5342121158283	cham1	1.0
2697.3362071121805	2698.8580852181035	cham2	1.0
2697.9636866571464	2699.5155671120465	cham1	1.0
2700.998011475571	2702.6465126784874	cham2	1.0
2702.612105234206	2704.2472417160243	cham1	1.0
2703.522167881888	2704.907263739388	cham2	1.0
2706.489820271099	2708.1146973110986	cham1	1.0
2707.3172903650125	2708.8628937488124	cham2	1.0
2710.2978757564306	2711.8863562394304	cham1	1.0
2710.5613638705095	2712.0655862415097	cham2	1.0
2714.059491540722	2715.7808365848887	cham1	1.0
2716.3473702800115	2717.8861714380782	cham2	1.0
2718.842780747907	2720.4932126044073	cham1	1.0
2721.049055230945	2722.6351808512786	cham2	1.0
2723.6044285050543	2725.318817661197	cham1	1.0
2726.2929012858576	2727.8236904347577	cham2	1.0
2727.944962151871	2729.4676365948712	cham1	1.0
2731.8122707065004	2733.343045212929	cham2	1.0
2731.822677188764	2733.4057883144637	cham1	1.0
2735.166335663689	2736.8167675201894	cham1	1.0
2735.6873840614658	2737.2261852195325	cham2	1.0
2739.1269915586304	2740.677656879943	cham2	1.0
2739.4852278604676	2741.120364342286	cham1	1.0
2743.2700634952794	2744.894940535279	cham1	1.0
2743.7397977630744	2745.2616758689974	cham2	1.0
2748.7267283675537	2750.3152088505535	cham1	1.0
2750.5479097592115	2752.196410962128	cham2	1.0
2753.0224007138117	2754.545075156812	cham1	1.0
2755.320697708338	2756.7057935658377	cham2	1.0
2757.1974441653447	2758.832580647163	cham1	1.0
2757.587105748834	2759.091328119834	cham2	1.0
2760.7867406294754	2762.3323440132754	cham2	1.0
2761.079688844362	2762.704565884362	cham1	1.0
2765.3985810411405	2766.9870615241402	cham1	1.0
2765.7461739462306	2767.2769630951307	cham2	1.0
2769.415615181155	2771.1369602253217	cham1	1.0
2769.416866184269	2771.0029918046025	cham2	1.0
2773.096446296957	2774.6352474550235	cham2	1.0
2773.6416279758528	2775.292059832353	cham1	1.0
2777.4515041355794	2778.982278642008	cham2	1.0
2778.7964347913626	2780.3795459170624	cham1	1.0
2781.8243384728894	2783.5931251002226	cham2	1.0
2782.4187314725323	2784.0436085125325	cham1	1.0
2785.2106187221602	2786.7612840434726	cham2	1.0
2786.330653817226	2788.0450429733687	cham1	1.0
2789.5212371875377	2791.0431152934607	cham2	1.0
2790.7082181082847	2792.343354590103	cham1	1.0
2792.943068935405	2794.4818700934716	cham2	1.0
2794.7226268151703	2796.2745072700704	cham1	1.0
2798.41720848103	2800.0056889640296	cham1	1.0
2798.889056340199	2800.537557543116	cham2	1.0
2802.3878029200037	2804.1091479641705	cham1	1.0
2804.59507187686	2806.14067526066	cham2	1.0
2807.4265104829124	2809.0769423394127	cham1	1.0
2809.767814186191	2811.2986033350912	cham2	1.0
2811.6322001496455	2813.3465893057883	cham1	1.0
2813.6429275411565	2815.1471499121567	cham2	1.0
2816.06429487647	2817.8899541954697	cham1	1.0
2816.29151419256	2817.822288698989	cham2	1.0
2819.4555975746057	2820.8406934321056	cham2	1.0
2820.034889315444	2821.623369798444	cham1	1.0
2823.866164651296	2825.449275776996	cham1	1.0
2824.726106505076	2826.264907663143	cham2	1.0
2827.5968900227044	2829.147555344017	cham2	1.0
2827.6974399871483	2829.322317027148	cham1	1.0
2831.3475731335843	2832.8694512395073	cham2	1.0
2832.434289493293	2834.0694259751112	cham1	1.0
2834.858282878551	2836.389072027451	cham2	1.0
2836.179975453529	2837.731855908429	cham1	1.0
2838.4489842447488	2840.035109865082	cham2	1.0
2839.8646416597935	2841.4531221427933	cham1	1.0
2842.1996673546287	2843.7452707384286	cham2	1.0
2844.458882947643	2846.0940194294612	cham1	1.0
2846.0125648396624	2847.3976606971623	cham2	1.0
2848.6185253059525	2850.2434023459523	cham1	1.0
2850.8297929094224	2852.3340152804226	cham2	1.0
2852.9764832841743	2854.690872440317	cham1	1.0
2854.0472035403623	2855.586004698429	cham2	1.0
2857.1402104469084	2858.6628848899086	cham1	1.0
2859.3443760937794	2860.992877296696	cham2	1.0
2861.134024736403	2862.7225052194026	cham1	1.0
2863.2728166976394	2864.7946948035624	cham2	1.0
2865.1046191753767	2866.6877303010765	cham1	1.0
2866.285805461262	2867.8364707825745	cham2	1.0
2868.5179372018633	2870.142814241863	cham1	1.0
2871.1563607799167	2872.687149928817	cham2	1.0
2872.883269099683	2874.6046141438496	cham1	1.0
2874.9248196400945	2876.4555941465233	cham2	1.0
2877.1789414459413	2878.767421928941	cham1	1.0
2879.279877478717	2880.784099849717	cham2	1.0
2881.4281740911592	2882.9508485341594	cham1	1.0
2883.723814813219	2885.108910670719	cham2	1.0
2885.664971547819	2887.300108029637	cham1	1.0
2887.501161547046	2889.046764930846	cham2	1.0
2889.7641004279526	2891.3889774679524	cham1	1.0
2892.007313255702	2893.5461144137685	cham2	1.0
2893.8972338205685	2895.6185788647354	cham1	1.0
2896.6112323338857	2898.197357954219	cham2	1.0
2897.9374878111034	2899.525968294103	cham1	1.0
2901.3040294101706	2902.8348185590708	cham2	1.0
2902.209940306842	2903.7930514325417	cham1	1.0
2904.5481036650576	2906.0788781714864	cham2	1.0
2906.4359531015393	2908.0863849580396	cham1	1.0
2908.5743108900565	2910.113112048123	cham2	1.0
2911.242462159245	2912.8775986410633	cham1	1.0
2913.1071262226596	2914.4922220801595	cham2	1.0
2915.143397046658	2916.844305922658	cham1	1.0
2917.1866606955523	2918.7085388014752	cham2	1.0
2919.4390693929163	2920.9617438359164	cham1	1.0
2921.76391614979	2923.4124173527066	cham2	1.0
2924.0133799454184	2925.601860428418	cham1	1.0
2926.590031345809	2928.135634729609	cham2	1.0
2928.216172889596	2929.7992840152956	cham1	1.0
2931.371707917974	2932.9024970668743	cham2	1.0
2931.629490916082	2933.2543679560818	cham1	1.0
2935.8660491693654	2937.580438325508	cham1	1.0
2935.9134111252256	2937.4441856316544	cham2	1.0
2940.453034113802	2941.975708556802	cham1	1.0
2942.30379301186	2943.8544583331723	cham2	1.0
2944.3771888517354	2946.0276207082356	cham1	1.0
2946.543308480045	2948.082109638112	cham2	1.0
2948.7806413465114	2950.6063006655113	cham1	1.0
2950.551739955746	2952.1378655760795	cham2	1.0
2953.2007320494554	2954.789212532455	cham1	1.0
2953.529177970163	2954.914273827663	cham2	1.0
2957.4267448441533	2958.9494192871534	cham1	1.0
2958.8530141475267	2960.3748922534496	cham2	1.0
2961.3508995820866	2962.986036063905	cham1	1.0
2963.1636333622937	2964.7024345203604	cham2	1.0
2965.414373423142	2967.0392504631423	cham1	1.0
2967.8297668146315	2969.3753701984315	cham2	1.0
2969.961578184012	2971.675967340155	cham1	1.0
2972.771425130478	2974.275647501478	cham2	1.0
2974.493334976585	2976.214680020752	cham1	1.0
2976.3710143713247	2977.901803520225	cham2	1.0
2979.2998440342903	2980.9502758907906	cham1	1.0
2984.0412494620264	2985.591914783339	cham2	1.0
2984.176012643557	2985.7644931265568	cham1	1.0
2987.445305460595	2988.976079967024	cham2	1.0
2988.3788055877344	2989.9014800307345	cham1	1.0
2992.129214662231	2993.6680158202976	cham2	1.0
2992.44227942879	2994.0253905544896	cham1	1.0
2995.9154492707066	2997.563950473623	cham2	1.0
2996.064576109959	2997.689453149959	cham1	1.0
2999.088420527401	3000.610298633324	cham2	1.0
3000.6156668119406	3002.250803293759	cham1	1.0
3004.3209267085954	3005.8728071634955	cham1	1.0
3004.527799076202	3005.912894933702	cham2	1.0
3008.3710968857263	3009.959577368726	cham1	1.0
3008.4562396800625	3010.042365300396	cham2	1.0
3013.0150669897894	3014.736412033956	cham1	1.0
3016.659747250704	3017.685762743704	cham2	1.0
3017.682256944373	3019.3326888008733	cham1	1.0
3020.046027498974	3021.5502498699743	cham2	1.0
3022.697744656761	3024.322621696761	cham1	1.0
3023.583401617278	3025.129005001078	cham2	1.0
3027.179175807182	3028.8143122890006	cham1	1.0
3027.218541608331	3028.7692069296436	cham2	1.0
3030.9514489699136	3032.4902501279803	cham2	1.0
3031.1962099471966	3032.8971188231967	cham1	1.0
3035.1643015625414	3036.812802765458	cham2	1.0
3035.7473006491787	3037.269975092179	cham1	1.0
3039.190508039151	3040.7212971880513	cham2	1.0
3039.648235536592	3041.2367160195918	cham1	1.0
3043.323369759938	3044.854144266367	cham2	1.0
3044.2225460890936	3045.9438911332604	cham1	1.0
3047.4206792337395	3048.8057750912394	cham2	1.0
3048.7736367910757	3050.424068647576	cham1	1.0
3050.18480825558	3051.68903062658	cham2	1.0
3052.6752643955783	3054.389653551721	cham1	1.0
3054.0243701119493	3055.5462482178723	cham2	1.0
3057.388201334113	3058.971312459813	cham1	1.0
3058.708279313585	3060.253882697385	cham2	1.0
3061.173036968925	3062.695711411925	cham1	1.0
3063.721040627624	3065.2598417856907	cham2	1.0
3065.166851258419	3066.817283114919	cham1	1.0
3067.213975372683	3068.7646406939953	cham2	1.0
3069.787601511962	3071.412478551962	cham1	1.0
3072.440044928908	3073.9708194353366	cham2	1.0
3074.0600540077	3075.695190489518	cham1	1.0
3076.3507097834695	3077.8814989323696	cham2	1.0
3078.4039460787985	3079.9558265336987	cham1	1.0
3081.3012535457024	3082.8873791660358	cham2	1.0
3082.14056198877	3083.72904247177	cham1	1.0
3085.825181753046	3087.347059858969	cham2	1.0
3086.0647167267034	3087.78606177087	cham1	1.0
3090.290729521401	3091.941161377901	cham1	1.0
3091.797833530177	3093.4463347330934	cham2	1.0
3096.180354948638	3097.894744104781	cham1	1.0
3097.2727635775736	3098.6578594350735	cham2	1.0
3100.159165992535	3101.7422771182346	cham1	1.0
3101.3345223011684	3102.8801256849683	cham2	1.0
3103.7814626737045	3105.4063397137047	cham1	1.0
3106.213964745082	3107.752765903149	cham2	1.0
3107.9145960663204	3109.5497325481388	cham1	1.0
3110.7823323256707	3112.368457946004	cham2	1.0
3111.8155309537337	3113.4040114367335	cham1	1.0
3116.1344231505127	3117.657097593513	cham1	1.0
3118.5769976614583	3120.1077868103584	cham2	1.0
3120.4068756462507	3122.057307502751	cham1	1.0
3124.2030223262777	3125.7337968327065	cham2	1.0
3124.999490392542	3126.713879548685	cham1	1.0
3127.660404824351	3129.2110701456636	cham2	1.0
3130.159212864783	3131.7943493466014	cham1	1.0
3131.7488271718935	3133.28762832996	cham2	1.0
3134.3620058089605	3135.9868828489602	cham1	1.0
3136.5305037440576	3138.179004946974	cham2	1.0
3138.7041178562595	3140.2925983392593	cham1	1.0
3141.125534198203	3142.6474123041257	cham2	1.0
3142.883690949916	3144.406365392916	cham1	1.0
3146.316053005222	3147.7011488627218	cham2	1.0
3147.2954625487764	3148.9458944052767	cham1	1.0
3150.075623241361	3151.579845612361	cham2	1.0
3152.801040656982	3154.5154298131247	cham1	1.0
3153.7552033540487	3155.3008067378487	cham2	1.0
3157.279998272512	3158.8631093982117	cham1	1.0
3158.465776929021	3159.996566077921	cham2	1.0
3161.2273728609657	3162.8522499009655	cham1	1.0
3163.2119012532003	3164.7625665745127	cham2	1.0
3165.499825356704	3167.088305839704	cham1	1.0
3167.4425295961264	3168.973304102555	cham2	1.0
3169.44679448152	3171.0819309633384	cham1	1.0
3171.5131754449803	3172.89827130248	cham2	1.0
3173.5571134872534	3175.0797879302536	cham1	1.0
3176.837012371734	3178.375813529801	cham2	1.0
3178.0849843387155	3179.6680954644153	cham1	1.0
3181.2453982076404	3182.831523827974	cham2	1.0
3181.8233802724862	3183.4738121289865	cham1	1.0
3185.7248862923493	3187.2467643982723	cham2	1.0
3186.4441305260293	3188.069007566029	cham1	1.0
3190.2488144986924	3191.7796036475925	cham2	1.0
3190.703107322572	3192.417496478715	cham1	1.0
3194.6305359612616	3196.1761393450615	cham2	1.0
3195.151574471148	3196.786710952966	cham1	1.0
3199.132768821793	3200.684649276693	cham1	1.0
3201.083132971439	3202.621934129506	cham2	1.0
3203.4410611069	3205.0295415899	cham1	1.0
3206.051454162843	3207.6999553657597	cham2	1.0
3207.0401379375494	3208.761482981716	cham1	1.0
3210.1576522596833	3211.688426766112	cham2	1.0
3211.1036117786043	3212.7540436351046	cham1	1.0
3215.5272659691536	3217.2281748451537	cham1	1.0
3215.6148073061718	3216.9999031636717	cham2	1.0
3220.600530641414	3222.123205084414	cham1	1.0
3222.0051884444165	3223.5094108154167	cham2	1.0
3224.1293904905287	3225.6681916485954	cham2	1.0
3224.5479052298674	3226.136385712867	cham1	1.0
3227.568997986693	3229.1551236070263	cham2	1.0
3229.597638859118	3231.2327753409363	cham1	1.0
3231.932943700965	3233.463732849865	cham2	1.0
3233.8590652885146	3235.4839423285143	cham1	1.0
3236.26133866403	3237.80694204783	cham2	1.0
3238.990652253504	3240.5791327365037	cham1	1.0
3241.1141174849968	3242.664782806309	cham2	1.0
3242.311090877909	3244.032435922076	cham1	1.0
3244.500397733267	3245.885493590767	cham2	1.0
3246.699642626249	3248.3500744827493	cham1	1.0
3248.997662316664	3250.6461635195806	cham2	1.0
3250.9042030352057	3252.7298623542056	cham1	1.0
3254.4782925505547	3256.0667730335545	cham1	1.0
3254.819219475372	3256.3499939818007	cham2	1.0
3258.866844298894	3260.449955424594	cham1	1.0
3260.46301989049	3261.9938090393903	cham2	1.0
3262.5588005316245	3264.2092323881247	cham1	1.0
3264.6669838600797	3266.17120623108	cham2	1.0
3266.7474602875736	3268.462502351802	cham1	1.0
3269.004266698794	3270.5261448047168	cham2	1.0
3271.359123878824	3272.9942603606423	cham1	1.0
3273.7148395243767	3275.2536406824433	cham2	1.0
3275.2600587662373	3276.7827332092374	cham1	1.0
3277.083344023349	3278.6340093446615	cham2	1.0
3279.486071560935	3281.074552043935	cham1	1.0
3282.61160206803	3284.142376574459	cham2	1.0
3283.5031057009496	3285.2244507451164	cham1	1.0
3286.424499552063	3287.809595409563	cham2	1.0
3287.729118495647	3289.3795503521474	cham1	1.0
3289.375273941532	3290.8794963125324	cham2	1.0
3292.582067254393	3294.2069442943935	cham1	1.0
3293.0459661805717	3294.5915695643716	cham2	1.0
3297.411796162619	3299.046932644437	cham1	1.0
3299.622992686445	3301.1617938445115	cham2	1.0
3301.823567761479	3303.524476637479	cham1	1.0
3306.2121195098184	3307.7347939528186	cham1	1.0
