811.5147484579314	813.6105039780223	BBF9	1.0
813.499241539532	815.2545437097139	BBF8	1.0
815.335817415191	817.2261503457623	BBF9	1.0
817.4486676908443	819.2188184122193	BBF8	1.0
818.7798069210643	820.3882655933143	BBF9	1.0
821.1425427382483	822.9337911804982	BBF8	1.0
822.8899699106096	824.345359600143	BBF9	1.0
824.9293454598007	826.5526352233302	BBF8	1.0
826.2711128889431	828.0852415715431	BBF9	1.0
828.8090758555016	830.2695801062289	BBF8	1.0
829.8407957290401	831.4106436101939	BBF9	1.0
832.3635593916828	834.0157899428494	BBF8	1.0
833.4733250996783	835.5483264572338	BBF9	1.0
836.4059132171436	837.9510649882865	BBF8	1.0
837.7531734401398	839.3616321123898	BBF9	1.0
840.1099381259345	841.52595747148	BBF8	1.0
840.4304355709629	841.4307099849628	BBF9	1.0
841.8570514996879	843.7473844302593	BBF9	1.0
842.9573142446147	844.7126164147966	BBF8	1.0
845.3324645479751	847.2046609653751	BBF9	1.0
846.6511892920186	848.3667395853936	BBF8	1.0
848.6821845371805	850.757185894736	BBF9	1.0
850.4612239321083	851.8389871149084	BBF8	1.0
852.8551937791235	854.6693224617235	BBF9	1.0
853.6207648531581	855.2440546166875	BBF8	1.0
855.727280149422	857.8230356695128	BBF9	1.0
856.9196972854307	858.6898480068057	BBF8	1.0
859.8940047385108	861.7843376690822	BBF9	1.0
860.7297319255204	862.5209803677703	BBF8	1.0
863.5705266781268	865.1789853503768	BBF9	1.0
864.7256219139069	866.1861261646342	BBF8	1.0
867.2596176473082	869.0737463299082	BBF9	1.0
869.2790779471846	870.9023677107141	BBF8	1.0
870.6470455546383	872.1024352441717	BBF9	1.0
872.6244742165317	874.3400245099067	BBF8	1.0
873.7328101229742	875.8078114805297	BBF9	1.0
876.9920749015124	878.3698380843125	BBF8	1.0
877.5978713730689	879.1677192542227	BBF9	1.0
880.8784601818807	882.768793112452	BBF9	1.0
883.8010426400847	885.4532731912514	BBF8	1.0
884.1967566296729	885.8052153019229	BBF9	1.0
885.4949570861025	887.0401088572454	BBF8	1.0
887.8921325288514	889.7062612114514	BBF9	1.0
887.9740711860549	889.3900905316003	BBF8	1.0
890.6292110828086	892.3845132529905	BBF8	1.0
891.8079782077364	893.8829795652919	BBF9	1.0
893.9281435150813	895.6982942364563	BBF8	1.0
895.0698146834729	896.5763946014016	BBF9	1.0
897.3200036215025	899.0355539148775	BBF8	1.0
898.6427269064592	900.5330598370306	BBF9	1.0
900.9674148318321	902.5907045953616	BBF8	1.0
901.5490510276344	903.6448065477252	BBF9	1.0
904.2895791826419	906.0808276248919	BBF8	1.0
906.1174013265914	907.7258599988414	BBF9	1.0
908.0531499856572	909.5136542363845	BBF8	1.0
910.0902664104643	911.9043950930643	BBF9	1.0
911.2591547437814	913.0144569139633	BBF8	1.0
913.1654595179252	915.0376559353252	BBF9	1.0
915.417668161928	916.7954313447281	BBF8	1.0
916.6406053311925	918.715606688748	BBF9	1.0
918.6236729200521	920.1688246911949	BBF8	1.0
920.5068163180954	921.9622060076288	BBF9	1.0
922.1084607006218	923.7606912517884	BBF8	1.0
923.795317618496	925.6856505490674	BBF9	1.0
925.3841612143574	927.0997115077324	BBF8	1.0
927.4748839374519	929.0833426097018	BBF9	1.0
929.3272759462279	930.7432952917734	BBF8	1.0
932.3305048569597	933.9537946204891	BBF8	1.0
932.4965141452802	934.3106428278802	BBF9	1.0
935.7920607189923	937.5833091612423	BBF8	1.0
936.6293603731075	938.704361730663	BBF9	1.0
939.9106796689058	941.371183919633	BBF8	1.0
940.7266550805316	942.616988011103	BBF9	1.0
942.9242597098917	944.6795618800735	BBF8	1.0
944.3262308275102	946.4219863476011	BBF9	1.0
946.9201496982784	948.6903004196533	BBF8	1.0
948.8945812825478	950.7087099651478	BBF9	1.0
950.4746332344594	952.0197850056022	BBF8	1.0
952.9474367823173	954.5558954545672	BBF9	1.0
954.098812526252	955.4765757090521	BBF8	1.0
956.8580869768746	958.9330883344301	BBF9	1.0
957.2118896102276	958.835179373757	BBF8	1.0
960.4411262868889	962.2323747291389	BBF8	1.0
960.7154101234471	962.2219900413758	BBF9	1.0
964.181465171367	965.6419694220942	BBF8	1.0
965.0260130228103	966.9163459533817	BBF9	1.0
967.6662529519367	969.3184835031034	BBF8	1.0
968.6878036601051	970.783559180196	BBF9	1.0
971.0116492212836	972.7271995146587	BBF8	1.0
973.1228364941801	974.9369651767801	BBF9	1.0
975.3792499062644	976.7570130890645	BBF8	1.0
977.0512622153185	978.5066519048519	BBF9	1.0
978.7711100126857	980.5623584549356	BBF8	1.0
980.5530717076583	982.4434046382297	BBF9	1.0
982.6276084898495	984.3829106600314	BBF8	1.0
984.2593015506068	985.8677602228568	BBF9	1.0
986.1910746662596	987.6070940118051	BBF8	1.0
987.8944285078284	989.9694298653839	BBF9	1.0
989.0163860875606	990.5615378587034	BBF8	1.0
991.9117327983555	993.3671224878889	BBF9	1.0
992.6405653793532	994.2638551428827	BBF8	1.0
996.0746518930185	997.5351561437458	BBF8	1.0
996.2045600160576	998.0767564334576	BBF9	1.0
999.4752856327959	1001.3656185633673	BBF9	1.0
1000.8182007044234	1002.5337509977984	BBF8	1.0
1003.0393100144515	1005.114311372007	BBF9	1.0
1004.2565246479189	1006.0266753692939	BBF8	1.0
1006.701100650746	1008.5152293333459	BBF9	1.0
1007.5089932431172	1009.3002416853672	BBF8	1.0
1010.3362276079675	1011.9446862802175	BBF9	1.0
1011.342259801744	1013.0975619719259	BBF8	1.0
1014.6112792980883	1016.5016122286597	BBF9	1.0
1014.8502795008508	1016.3954312719936	BBF8	1.0
1017.9353319628117	1020.0310874829025	BBF9	1.0
1018.590618385329	1019.9683815681291	BBF8	1.0
1021.7269273878418	1023.3791579390085	BBF8	1.0
1021.9348604155969	1023.7489890981968	BBF9	1.0
1025.118787494263	1026.8343377876379	BBF8	1.0
1025.7655200381769	1027.2720999561054	BBF9	1.0
1028.7894306231299	1030.4127203866592	BBF8	1.0
1028.920703717615	1030.9957050751705	BBF9	1.0
1032.181290729551	1033.972539171801	BBF8	1.0
1032.724699660122	1034.294547541276	BBF9	1.0
1035.940613972458	1037.3566333180036	BBF8	1.0
1036.6620133786716	1038.5523463092431	BBF9	1.0
1038.9417790238563	1040.697081194038	BBF8	1.0
1040.9192893861307	1042.5277480583807	BBF9	1.0
1042.589190234186	1044.3593409555608	BBF8	1.0
1044.6077433913374	1046.4218720739375	BBF9	1.0
1046.2133695259784	1047.7585212971212	BBF8	1.0
1048.7939166671495	1050.300496585078	BBF9	1.0
1049.9537084104566	1051.4142126611837	BBF8	1.0
1051.833558409287	1053.9085597668425	BBF9	1.0
1053.0667854944322	1054.6900752579616	BBF8	1.0
1055.6197786691325	1057.510111599704	BBF9	1.0
1056.5515732750018	1058.2671235683767	BBF8	1.0
1059.1482516854649	1061.2440072055558	BBF9	1.0
1060.29191215948	1061.66967534228	BBF8	1.0
1063.1744438173225	1064.9885724999226	BBF9	1.0
1063.5211488361415	1065.2764510063232	BBF8	1.0
1066.6318139479283	1068.2402726201783	BBF9	1.0
1067.2150238835454	1068.7601756546883	BBF8	1.0
1070.8159712568006	1072.4682018079673	BBF8	1.0
1071.4223604352355	1072.928940353164	BBF9	1.0
1074.62600589689	1076.0865101476174	BBF8	1.0
1074.9419456102369	1077.0169469677924	BBF9	1.0
1077.5996914696432	1079.315241763018	BBF8	1.0
1079.083679524315	1080.955875941715	BBF9	1.0
1081.5723495394925	1083.1956393030218	BBF8	1.0
1082.9943297188722	1084.8846626494437	BBF9	1.0
1084.9177458088395	1086.333765154385	BBF8	1.0
1086.3983729565734	1088.0068316288234	BBF9	1.0
1088.0540548113522	1089.809356981534	BBF8	1.0
1090.2112567404113	1092.0253854230114	BBF9	1.0
1091.8176256143674	1093.5877763357423	BBF8	1.0
1094.9395883394031	1096.4461682573317	BBF9	1.0
1094.9771665354174	1096.7684149776674	BBF8	1.0
1098.8057991712258	1100.8808005287813	BBF9	1.0
1099.0195203608782	1100.3972835436782	BBF8	1.0
1102.0164378521683	1103.6397276156977	BBF8	1.0
1103.1786171159852	1104.9927457985852	BBF9	1.0
1106.3604643194158	1107.8158540089491	BBF9	1.0
1107.7776908953874	1109.4932411887623	BBF8	1.0
1109.8533858153448	1111.4618444875948	BBF9	1.0
1112.6922999992426	1114.3445305504092	BBF8	1.0
1114.0484469324876	1115.9387798630592	BBF9	1.0
1115.8134922410416	1117.3586440121844	BBF8	1.0
1117.6391348381355	1119.7348903582265	BBF9	1.0
1119.391197209537	1120.8517014602644	BBF8	1.0
1122.17901926291	1123.9343214330918	BBF8	1.0
1123.2029233691437	1125.2779247266992	BBF9	1.0
1126.7225085441453	1128.2290884620738	BBF9	1.0
1127.2203308094267	1129.0115792516767	BBF8	1.0
1130.4465140697553	1132.2606427523554	BBF9	1.0
1130.553698405487	1132.323849126862	BBF8	1.0
1133.4239407664968	1135.0323994387468	BBF9	1.0
1134.0040311393013	1135.7195814326763	BBF8	1.0
1137.245712547746	1139.1360454783176	BBF9	1.0
1137.7443590609105	1139.3676488244398	BBF8	1.0
1140.543101688477	1142.112949569631	BBF9	1.0
1143.6220172234391	1145.413265665689	BBF8	1.0
1143.6271824821886	1145.702183839744	BBF9	1.0
1147.0134500372283	1148.8275787198284	BBF9	1.0
1147.7961387099244	1149.1739018927244	BBF8	1.0
1150.3286148606205	1152.2008112780204	BBF9	1.0
1154.497012298691	1156.3873452292623	BBF9	1.0
1155.2379424458272	1156.993244616009	BBF8	1.0
1157.518878358167	1159.127337030417	BBF9	1.0
1159.6287621798901	1161.173913951033	BBF8	1.0
1160.7629404509134	1162.269520368842	BBF9	1.0
1162.5327434854871	1164.1849740366538	BBF8	1.0
1163.580386159781	1165.394514842381	BBF9	1.0
1166.1104484539826	1167.8259987473575	BBF8	1.0
1167.2688401649875	1169.3645956850785	BBF9	1.0
1170.7090286139285	1172.1695328646556	BBF8	1.0
1171.7038729990627	1173.594205929634	BBF9	1.0
1173.6375679980904	1175.2608577616197	BBF8	1.0
1173.6414224131795	1175.0968121027129	BBF9	1.0
1176.307774818423	1177.916233490673	BBF9	1.0
1179.5873881214122	1181.4015168040123	BBF9	1.0
1183.5570321853324	1185.3123343555142	BBF8	1.0
1183.5958045706082	1185.165652451762	BBF9	1.0
1186.9261864525026	1188.4713382236455	BBF8	1.0
1187.2487073655718	1189.3237087231273	BBF9	1.0
1189.897282253206	1191.4038621711345	BBF9	1.0
1190.1786455147715	1191.8308760659381	BBF8	1.0
1193.43110457704	1195.146654870415	BBF8	1.0
1193.7634932411092	1195.6538261716805	BBF9	1.0
1196.6342659969612	1198.7300215170521	BBF9	1.0
1197.4502147039864	1199.0735044675157	BBF8	1.0
1200.6249066084156	1202.699907965971	BBF9	1.0
1201.26023817693	1203.0303888983049	BBF8	1.0
1204.791479444536	1206.582727886786	BBF8	1.0
1204.8110798842276	1206.266469573761	BBF9	1.0
1208.4550948378603	1210.2692235204604	BBF9	1.0
1209.9024865423867	1211.5547170935533	BBF8	1.0
1211.8946892858046	1213.5031479580546	BBF9	1.0
1214.2236107251151	1215.768762496258	BBF8	1.0
1216.4541518985109	1218.5291532560664	BBF9	1.0
1219.427545224745	1221.1828473949267	BBF8	1.0
1220.5158953956918	1222.3880918130917	BBF9	1.0
1224.8716197901815	1226.2493829729815	BBF8	1.0
1228.8882417932364	1230.4967004654864	BBF9	1.0
1232.745564939809	1234.559693622409	BBF9	1.0
1236.5584487236467	1238.6542042437377	BBF9	1.0
1237.5716204221158	1239.3417711434906	BBF8	1.0
1240.5313138075196	1242.421646738091	BBF9	1.0
1240.6382246808262	1242.4294731230761	BBF8	1.0
1243.7977563413158	1245.4210461048451	BBF8	1.0
1245.6151589046635	1247.690160262219	BBF9	1.0
1247.2128383566978	1248.6288577022433	BBF8	1.0
1249.3658279552665	1250.872407873195	BBF9	1.0
1250.2562107649637	1251.9717610583386	BBF8	1.0
1252.156610139141	1253.9707388217412	BBF9	1.0
1253.8571475839042	1255.3176518346313	BBF8	1.0
1256.7611288895012	1258.5164310596829	BBF8	1.0
1257.0004835193529	1258.5703314005068	BBF9	1.0
1259.6401724006041	1261.7151737581596	BBF9	1.0
1260.5943842128893	1262.3645349342642	BBF8	1.0
1262.404291061487	1263.8596807510203	BBF9	1.0
1264.1953210318297	1265.7404728029726	BBF8	1.0
1265.1772975627	1267.0676304932713	BBF9	1.0
1267.79625785077	1269.17402103357	BBF8	1.0
1268.1458364181108	1269.7542950903608	BBF9	1.0
1270.90932581037	1272.5326155738994	BBF8	1.0
1271.96760819936	1273.7817368819601	BBF9	1.0
1274.1850167230837	1275.9005670164586	BBF8	1.0
1276.0204638552102	1278.1162193753012	BBF9	1.0
1278.3667498031434	1280.1579982453934	BBF8	1.0
1279.940001736018	1281.8303346665894	BBF9	1.0
1282.0606140238629	1283.5211182745902	BBF8	1.0
1283.5129139590044	1285.58791531656	BBF9	1.0
1285.661550842803	1287.3137813939697	BBF8	1.0
1287.5568817735239	1289.0634616914524	BBF9	1.0
1289.0301691572959	1290.5753209284387	BBF8	1.0
1290.7653923458665	1292.5795210284666	BBF9	1.0
1292.9563518824632	1294.3723712280087	BBF8	1.0
1294.978229145671	1296.586687817921	BBF9	1.0
1295.7209420853915	1297.4762442555732	BBF8	1.0
1297.866777585185	1299.738974002585	BBF9	1.0
1299.3683426052214	1301.0838928985963	BBF8	1.0
1301.1286153605927	1303.2036167181482	BBF9	1.0
1303.364220881723	1304.741984064523	BBF8	1.0
1305.1548073373704	1307.0451402679419	BBF9	1.0
1306.4772888413231	1308.1295193924898	BBF8	1.0
1308.505523526086	1310.601279046177	BBF9	1.0
1309.9852982584844	1311.7765467007343	BBF8	1.0
1312.4872764512897	1314.3014051338898	BBF9	1.0
1314.004408385431	1315.4649126361583	BBF8	1.0
1316.37795469087	1317.98641336312	BBF9	1.0
1316.9083896910279	1318.5316794545572	BBF8	1.0
1320.3002398559652	1322.01579014934	BBF8	1.0
1321.0831299712468	1322.973462901818	BBF9	1.0
1324.3193499829115	1326.0746521530932	BBF8	1.0
1325.4739425537523	1327.5489439113078	BBF9	1.0
1328.1758371567446	1329.9459878781195	BBF8	1.0
1329.493046134564	1331.3071748171642	BBF9	1.0
1332.4040339376938	1333.9491857088367	BBF8	1.0
1334.0697132179164	1335.576293135845	BBF9	1.0
1336.5857670177536	1338.209056781283	BBF8	1.0
1337.9029622978815	1339.977963655437	BBF9	1.0
1340.4190223411417	1342.2102707833917	BBF8	1.0
1342.4563975686278	1344.346730499199	BBF9	1.0
1344.2987413654193	1345.6765045482193	BBF8	1.0
1345.941169459505	1347.549628131755	BBF9	1.0
1347.876446333915	1349.6317485040968	BBF8	1.0
1349.6582594764411	1351.4723881590412	BBF9	1.0
1351.7793972086376	1353.4316277598043	BBF8	1.0
1353.561203994224	1355.6362053517794	BBF9	1.0
1355.473261429357	1356.8892807749025	BBF8	1.0
1358.0914074523644	1359.9817403829356	BBF9	1.0
1358.3075471836196	1360.0230974769945	BBF8	1.0
1361.994351970147	1364.0901074902379	BBF9	1.0
1362.001411404339	1363.4619156550662	BBF8	1.0
1365.1377112143841	1366.7610009779135	BBF8	1.0
1366.1993100518057	1368.0134387344058	BBF9	1.0
1368.429564061967	1369.8849537515005	BBF9	1.0
1368.5992569306559	1370.3905053729059	BBF8	1.0
1371.403236075516	1373.011694747766	BBF9	1.0
1372.5254396558232	1374.295590377198	BBF8	1.0
1375.817280470627	1377.7076134011986	BBF9	1.0
1376.3354631287664	1377.8806148999092	BBF8	1.0
1378.7677206715698	1380.2743005894984	BBF9	1.0
1380.1454866017098	1381.5615059472552	BBF8	1.0
1381.834319935542	1383.9093212930975	BBF9	1.0
1383.0959316081962	1384.7192213717256	BBF8	1.0
1386.3877552062884	1388.2599516236883	BBF9	1.0
1386.464549922689	1388.180100216064	BBF8	1.0
1390.3210370965219	1391.6988002793219	BBF8	1.0
1390.778567788794	1392.592696471394	BBF9	1.0
1394.0845968685758	1395.8758453108258	BBF8	1.0
1394.727975931788	1396.336434604038	BBF9	1.0
1397.9339660713954	1399.8242990019667	BBF9	1.0
1397.9410840424086	1399.6963862125904	BBF8	1.0
1402.1156923404483	1404.2114478605392	BBF9	1.0
1404.260147363388	1405.8052991345307	BBF8	1.0
1406.2741867968953	1408.3491881544508	BBF9	1.0
1407.7216930796596	1409.1821973303868	BBF8	1.0
1409.3803248055647	1410.9501726867186	BBF9	1.0
1411.2064706463761	1412.8297604099055	BBF8	1.0
1411.5013446332111	1413.3154733158112	BBF9	1.0
1413.7780622685843	1415.2334519581177	BBF9	1.0
1414.6912482130924	1416.4067985064673	BBF8	1.0
1416.449720718257	1418.058179390507	BBF9	1.0
1418.5477353869255	1420.1999659380922	BBF8	1.0
1419.4698563570173	1421.3601892875886	BBF9	1.0
1422.5829192462013	1424.4551156636012	BBF9	1.0
1424.3991486959694	1426.1903971382194	BBF8	1.0
1426.0444593244727	1428.1194606820281	BBF9	1.0
1427.7719303572865	1429.1496935400864	BBF8	1.0
1428.9716677128097	1430.4782476307382	BBF9	1.0
1430.4436009890564	1432.0668907525858	BBF8	1.0
1432.921075855804	1434.735204538404	BBF9	1.0
1433.8819249325522	1435.5974752259272	BBF8	1.0
1436.8793054998662	1438.9750610199571	BBF9	1.0
1439.875759915132	1441.6459106365069	BBF8	1.0
1441.1683693308805	1443.0587022614518	BBF9	1.0
1443.035300836182	1444.826549278432	BBF8	1.0
1444.1140079139168	1445.6205878318453	BBF9	1.0
1446.3490635419848	1447.9575222142348	BBF9	1.0
1446.5665524538258	1448.3218546240075	BBF8	1.0
1450.1126171841324	1451.9267458667325	BBF9	1.0
1450.5159786051381	1451.9764828558655	BBF8	1.0
1453.5593599335025	1455.1045117046453	BBF8	1.0
1455.4327022708717	1457.5077036284272	BBF9	1.0
1456.9047562028495	1458.5569867540162	BBF8	1.0
1460.203688635122	1461.919238928497	BBF8	1.0
1460.7527873576112	1462.6431202881827	BBF9	1.0
1464.0137232752118	1465.637013038741	BBF8	1.0
1464.4931091871529	1466.3653056045528	BBF9	1.0
1468.2334310166946	1470.0475596992947	BBF9	1.0
1468.869194249472	1470.660442691722	BBF8	1.0
1472.159607347083	1473.6661872650116	BBF9	1.0
1472.3075181929678	1473.6852813757678	BBF8	1.0
1475.4205952769432	1477.175897447125	BBF8	1.0
1477.1776788699465	1479.068011800518	BBF9	1.0
1478.8124553833645	1480.3576071545074	BBF8	1.0
1480.778609823853	1482.874365343944	BBF9	1.0
1482.6689538605283	1484.4391045819032	BBF8	1.0
1484.4260044029713	1486.5010057605268	BBF9	1.0
1486.2002054781722	1487.8234952417015	BBF8	1.0
1488.8865124232943	1490.7006411058944	BBF9	1.0
1489.5920655845935	1491.3076158779684	BBF8	1.0
1492.9753114419238	1494.5837701141738	BBF9	1.0
1493.7505790027399	1495.1665983482853	BBF8	1.0
1496.9101199237898	1498.6654220939715	BBF8	1.0
1497.0176468353416	1498.9079797659128	BBF9	1.0
1500.7433864824168	1502.3956170335834	BBF8	1.0
1501.5943139186938	1503.408442601294	BBF9	1.0
1504.6463487966546	1506.4375972389046	BBF8	1.0
1506.4265309407103	1507.9331108586389	BBF9	1.0
1508.5957749479671	1510.0562791986945	BBF8	1.0
1509.3072757038356	1510.9157343760855	BBF9	1.0
1511.40683709096	1513.0301268544893	BBF8	1.0
1513.1869884090124	1515.0011170916125	BBF9	1.0
1514.9148567900668	1516.6304070834417	BBF8	1.0
1516.9232029242369	1518.4930508053908	BBF9	1.0
1519.2359936379733	1520.88822418914	BBF8	1.0
1520.8767183815485	1522.951719739104	BBF9	1.0
1522.6743175814688	1524.2194693526117	BBF8	1.0
1525.6857035909593	1527.1922835088878	BBF9	1.0
1526.3914245474098	1527.7691877302098	BBF8	1.0
1528.7523028549313	1530.6426357855025	BBF9	1.0
1529.4580377943112	1531.213339964493	BBF8	1.0
1533.128680923178	1534.898831644553	BBF8	1.0
1533.5380562517362	1535.6338117718271	BBF9	1.0
1537.4642325821246	1539.2783612647247	BBF9	1.0
1539.2850113183297	1540.740401007863	BBF9	1.0
1539.4477627652777	1541.2390112075277	BBF8	1.0
1541.7388861016009	1543.3473447738509	BBF9	1.0
1543.2345654868302	1544.6950697375573	BBF8	1.0
1545.0610353042373	1546.9513682348088	BBF9	1.0
1546.6961213488628	1548.3194111123921	BBF8	1.0
1549.9950537811353	1551.7106040745102	BBF8	1.0
1553.8980160953736	1555.2757792781736	BBF8	1.0
1556.653709794556	1558.4678384771562	BBF9	1.0
1556.9413974237377	1558.6966995939194	BBF8	1.0
1561.114217814879	1562.986414232279	BBF9	1.0
1562.4938259541123	1564.2639766754871	BBF8	1.0
1565.3888713343554	1567.4638726919109	BBF9	1.0
1566.0715414088304	1567.6166931799733	BBF8	1.0
1570.0906633157542	1571.7139530792836	BBF8	1.0
1572.3816469287158	1574.271979859287	BBF9	1.0
1573.923929874381	1575.715178316631	BBF8	1.0
1576.6098368229805	1578.7055923430714	BBF9	1.0
1578.152139048139	1579.9074412183206	BBF8	1.0
1582.4410217870484	1584.2551504696485	BBF9	1.0
1582.4965078145824	1584.148738365749	BBF8	1.0
1586.3297743732091	1588.045324666584	BBF8	1.0
1587.6914114359702	1589.2998701082201	BBF9	1.0
1590.6509112211156	1592.274200984645	BBF8	1.0
1590.665083449519	1592.5554163800903	BBF9	1.0
1594.8162431877815	1596.32282310571	BBF9	1.0
1594.8326565577993	1596.6239050000493	BBF8	1.0
1598.8750103832601	1600.3355146339873	BBF8	1.0
1599.609331302771	1601.6843326603264	BBF9	1.0
1602.1274789784586	1603.8827811486403	BBF8	1.0
1603.4658121953419	1605.279940877942	BBF9	1.0
1606.2395285595308	1607.6172917423307	BBF8	1.0
1607.9263202156646	1609.5347788879146	BBF9	1.0
1609.631388665952	1611.176540437095	BBF8	1.0
1612.247437360353	1614.1377702909244	BBF9	1.0
1613.511119061653	1615.1633496128197	BBF8	1.0
1617.204994109057	1618.920544402432	BBF8	1.0
1620.5876580858526	1622.6834136059435	BBF9	1.0
1621.1776521789063	1622.8009419424357	BBF8	1.0
1624.9552388557522	1626.4106285452856	BBF9	1.0
1625.2664698414417	1626.6824891869871	BBF8	1.0
1629.0997364000682	1630.85503857025	BBF8	1.0
1629.3460514382577	1631.1601801208578	BBF9	1.0
1633.4116186442811	1635.0200773165311	BBF9	1.0
1635.3491224865568	1637.1192732079317	BBF8	1.0
1637.6398085385456	1639.530141469117	BBF9	1.0
1638.5551272446808	1640.3463756869307	BBF8	1.0
1640.845798678153	1642.7179950955529	BBF9	1.0
1644.516425069877	1646.5914264274325	BBF9	1.0
1645.152992109226	1646.6134963599534	BBF8	1.0
1648.4193695876597	1650.2334982702598	BBF9	1.0
1648.6377798897959	1650.2610696533252	BBF8	1.0
1652.215495344514	1653.931045637889	BBF8	1.0
1652.5778640441067	1654.1863227163567	BBF9	1.0
1655.8396746363067	1657.2174378191066	BBF8	1.0
1656.666663062736	1658.5569959933073	BBF9	1.0
1659.0456793944309	1660.8009815646126	BBF8	1.0
1662.786018278909	1664.4382488300757	BBF8	1.0
1665.750301791623	1667.8253031491786	BBF9	1.0
1666.8748359414442	1668.419987712587	BBF8	1.0
1670.2952810105014	1671.7113003560469	BBF8	1.0
1671.1168505035741	1672.6234304215027	BBF9	1.0
1673.3333092947667	1675.0886114649484	BBF8	1.0
1674.55515876924	1676.3692874518401	BBF9	1.0
1677.2130396904677	1678.673543941195	BBF8	1.0
1678.063162472723	1680.158917992814	BBF9	1.0
1680.2564210188318	1681.8015727899747	BBF8	1.0
1683.4064793720684	1685.4814807296239	BBF9	1.0
1684.4381663555155	1686.2083170768904	BBF8	1.0
1688.0855775658451	1689.8768260080951	BBF8	1.0
1688.2386963940849	1690.1290293246561	BBF9	1.0
1692.33701865814	1693.9603084216694	BBF8	1.0
1693.256767916948	1694.865226589198	BBF9	1.0
1696.6116916689723	1698.3272419623472	BBF8	1.0
1697.4384941860012	1699.2526228686013	BBF9	1.0
1701.2580753763987	1702.6358385591986	BBF8	1.0
1703.0838246492224	1705.1588260067779	BBF9	1.0
1704.7428631569685	1706.4981653271502	BBF8	1.0
1706.8706101039759	1708.3771900219044	BBF9	1.0
1708.6458254712065	1710.1909772423494	BBF8	1.0
1714.8158900151761	1716.2712797047095	BBF9	1.0
1718.8814572211998	1720.6955859037998	BBF9	1.0
1721.4466125851661	1723.0988431363328	BBF8	1.0
1723.1096471154644	1725.2054026355554	BBF9	1.0
1724.8384726915874	1726.5540229849623	BBF8	1.0
1727.4307642601523	1729.5057656177078	BBF9	1.0
1729.2204519172258	1730.6364712627712	BBF8	1.0
1732.1468222191395	1733.7552808913895	BBF9	1.0
1733.2019633649547	1734.825253128484	BBF8	1.0
1736.1659257999515	1738.056258730523	BBF9	1.0
1736.4544319601532	1738.2456804024032	BBF8	1.0
1740.7890565085156	1742.3975151807656	BBF9	1.0
1744.042941637818	1745.7982438079998	BBF8	1.0
1745.3192599666559	1747.133388649256	BBF9	1.0
1747.8845358804217	1749.2622990632217	BBF8	1.0
1748.5717137314748	1750.0782936494033	BBF9	1.0
1751.6248747649	1753.1700265360428	BBF8	1.0
1752.0332538097464	1753.6417124819964	BBF9	1.0
1755.990052563483	1757.4505568142104	BBF8	1.0
1757.2139480208507	1759.104280951422	BBF9	1.0
1758.7570737557992	1760.3803635193285	BBF8	1.0
1760.3734745352463	1762.2456709526464	BBF9	1.0
1762.1024700251462	1763.8937184673962	BBF8	1.0
1764.4622735538755	1766.537274911431	BBF9	1.0
1765.6087572715926	1767.3789079929675	BBF8	1.0
1768.8066225111693	1770.6207511937694	BBF9	1.0
1769.3740605272685	1771.0896108206434	BBF8	1.0
1773.319645315965	1774.889493197119	BBF9	1.0
1773.532573945415	1775.2878761155966	BBF8	1.0
1777.4023931753334	1779.2927261059049	BBF9	1.0
1778.295117245527	1780.086365687777	BBF8	1.0
1781.6073512569924	1783.7031067770833	BBF9	1.0
1784.8465182729979	1786.4698080365272	BBF8	1.0
1786.9180421378771	1788.4246220558057	BBF9	1.0
1788.3545379721047	1790.0700882654796	BBF8	1.0
1789.8314129194628	1791.9064142770183	BBF9	1.0
1794.4413006288332	1795.9018048795606	BBF8	1.0
1794.9526507189307	1796.8248471363308	BBF9	1.0
1797.4614500386604	1799.216752208842	BBF8	1.0
1798.0554745819334	1799.8696032645335	BBF9	1.0
1800.7475232796203	1802.3173711607742	BBF9	1.0
1801.5734996197327	1803.1186513908756	BBF8	1.0
1803.16647335522	1804.77493202747	BBF9	1.0
1805.2441427485994	1806.896373299766	BBF8	1.0
1806.418927120039	1808.3092600506102	BBF9	1.0
1808.5079906337546	1810.2992390760046	BBF8	1.0
1809.9375507914497	1812.0333063115406	BBF9	1.0
1812.0776897517171	1813.7009795152464	BBF8	1.0
1814.968068995689	1817.0430703532445	BBF9	1.0
1815.1409400454174	1816.8564903387924	BBF8	1.0
1819.1499604280443	1820.6565403459729	BBF9	1.0
1819.5941688802723	1821.0101882258177	BBF8	1.0
1822.402414192863	1824.2165428754631	BBF9	1.0
1822.505458221688	1824.2607603918698	BBF8	1.0
1825.827622572498	1827.372774343641	BBF8	1.0
1827.2810948400913	1828.8895535123413	BBF9	1.0
1829.4988265986094	1830.8765897814094	BBF8	1.0
1831.7648346730202	1833.6551676035915	BBF9	1.0
1832.2164001702092	1833.868630721376	BBF8	1.0
1835.3923279746643	1837.2645243920642	BBF9	1.0
1835.5153326024817	1837.3065810447317	BBF8	1.0
1839.4914698590935	1841.2616205804684	BBF8	1.0
1841.498964154871	1843.313092837471	BBF9	1.0
1843.2050976382723	1844.8283874018016	BBF8	1.0
1845.1334020952343	1847.2291576153252	BBF9	1.0
1846.5504939076195	1848.2660442009944	BBF8	1.0
1848.9796078139545	1851.05460917151	BBF9	1.0
1850.2676008735605	1851.7281051242876	BBF8	1.0
1853.4968375502217	1855.2521397204034	BBF8	1.0
1853.8350566485767	1855.7253895791482	BBF9	1.0
1857.0513210864028	1858.5964728575457	BBF8	1.0
1857.2965967268483	1858.8031766447768	BBF9	1.0
1860.8468173545577	1862.2245805373577	BBF8	1.0
1860.9207594933607	1862.5292181656107	BBF9	1.0
1863.9976647290052	1865.6209544925346	BBF8	1.0
1865.1721812002313	1866.9863098828314	BBF9	1.0
1867.366292916889	1869.157541359139	BBF8	1.0
1869.0594705665494	1870.6293184477033	BBF9	1.0
1871.3296657758608	1872.7456851214063	BBF8	1.0
1872.5366657962852	1874.6116671538407	BBF9	1.0
1874.4520280707143	1876.207330240896	BBF8	1.0
1875.8820468115275	1877.388626729456	BBF9	1.0
1878.2155988737295	1879.9311491671044	BBF8	1.0
1879.6456004536751	1881.5359333842466	BBF9	1.0
1882.025633513819	1883.6778640649857	BBF8	1.0
1882.898054218494	1884.993809738585	BBF9	1.0
1885.90536390952	1887.4505156806629	BBF8	1.0
1887.8464303035398	1889.4548889757898	BBF9	1.0
1890.5285156984094	1891.9890199491365	BBF8	1.0
1890.9827250053295	1892.7968536879296	BBF9	1.0
1893.7345204565336	1895.357810220063	BBF8	1.0
1895.7229937285247	1897.178383418058	BBF9	1.0
1897.3122359112517	1899.0277862046266	BBF8	1.0
1899.384784364819	1901.4597857223746	BBF9	1.0
1901.2384301440268	1902.6161933268268	BBF8	1.0
1903.4582083746704	1905.3485413052417	BBF9	1.0
1904.3282753094654	1906.0835774796471	BBF8	1.0
1907.384384705059	1909.256581122459	BBF9	1.0
1907.8362950085725	1909.6275434508225	BBF8	1.0
1911.5661109741118	1913.3802396567119	BBF9	1.0
1911.7392573228103	1913.5094080441852	BBF8	1.0
1915.5260600443628	1917.0712118155056	BBF8	1.0
1915.840764493588	1917.449223165838	BBF9	1.0
1920.3709679517283	1922.4459693092838	BBF9	1.0
1921.1481843303486	1922.8004148815153	BBF8	1.0
1924.7026678665297	1926.4182181599047	BBF8	1.0
1925.8304439141032	1927.7207768446747	BBF9	1.0
1928.675325936379	1930.2986156999084	BBF8	1.0
1932.6247520876916	1934.4160005299416	BBF8	1.0
1932.8696831336752	1934.6838118162752	BBF9	1.0
1936.122136898494	1937.730595570744	BBF9	1.0
1936.736801668764	1938.197305919491	BBF8	1.0
1940.0125021824995	1941.7678043526812	BBF8	1.0
1941.34929473481	1942.8558746527385	BBF9	1.0
1943.8922325782005	1945.6623832995754	BBF8	1.0
1945.089616564352	1947.1646179219074	BBF9	1.0
1947.679035299753	1949.2241870708958	BBF8	1.0
1949.583311423784	1951.1531593049378	BBF9	1.0
1951.8607806364366	1953.484070399966	BBF8	1.0
1952.9652010377345	1954.8555339683057	BBF9	1.0
1955.5695352285366	1956.985554574082	BBF8	1.0
1956.7984501176998	1958.8942056377907	BBF9	1.0
1958.830356197576	1960.545906490951	BBF8	1.0
1961.7063265817817	1962.9544233497816	BBF9	1.0
1963.1282611269453	1964.5060243097453	BBF8	1.0
1965.0922072179878	1966.964403635388	BBF9	1.0
1966.7292085002007	1968.4845106703824	BBF8	1.0
1968.5537472962594	1970.444080226831	BBF9	1.0
1970.6321708144387	1972.2844013656054	BBF8	1.0
1971.1557103081143	1972.6622902260428	BBF9	1.0
1974.152614134269	1975.761072806519	BBF9	1.0
1974.209886269157	1976.001134711407	BBF8	1.0
1978.4737312789568	1980.287859961557	BBF9	1.0
1978.763342302435	1980.2238465531623	BBF8	1.0
1981.6684182547842	1983.7641737748752	BBF9	1.0
1982.1784343273932	1983.8017240909226	BBF8	1.0
1985.314743329906	1987.0302936232808	BBF8	1.0
1986.5119384405807	1988.402271371152	BBF9	1.0
1989.961127037332	1991.338890220132	BBF8	1.0
1991.2976918373856	1993.3726931949411	BBF9	1.0
1994.0964085369417	1995.8517107071234	BBF8	1.0
1996.292531547643	1998.106660230243	BBF9	1.0
1998.6266326516823	2000.3967833730571	BBF8	1.0
2000.2651715032434	2001.8736301754934	BBF9	1.0
2002.3437396176232	2003.888891388766	BBF8	1.0
2006.33962960601	2007.9629193695393	BBF8	1.0
2006.3519064059758	2008.2422393365473	BBF9	1.0
2009.9405769792654	2011.7318254215154	BBF8	1.0
2010.161923673335	2011.6685035912635	BBF9	1.0
2013.4718285969095	2014.9323328476366	BBF8	1.0
2013.9487091280882	2016.0237104856437	BBF9	1.0
2016.4919780067366	2018.2472801769184	BBF8	1.0
2019.710198654339	2021.524327336939	BBF9	1.0
2020.3020126468261	2021.847164417969	BBF8	1.0
2024.3211345537497	2025.7371538992952	BBF8	1.0
2024.7922235994233	2026.3620714805772	BBF9	1.0
2028.0614734382277	2029.7137039893944	BBF8	1.0
2029.3514008857662	2031.2417338163377	BBF9	1.0
2031.476565463186	2033.192115756561	BBF8	1.0
2033.8119089060895	2035.4203675783394	BBF9	1.0
2035.7977023110925	2037.1754654938925	BBF8	1.0
2036.5997264187913	2038.0551161083247	BBF9	1.0
2039.0734028248282	2040.6966925883576	BBF8	1.0
2039.2249212432519	2041.039049925852	BBF9	1.0
2042.6278863610096	2044.4191348032596	BBF8	1.0
2042.779388571947	2044.875144092038	BBF9	1.0
2046.28739227543	2048.1777252060015	BBF9	1.0
2046.949023208916	2048.719173930291	BBF8	1.0
2050.6428982563198	2052.1880500274624	BBF8	1.0
2051.9094909260457	2053.9844922836014	BBF9	1.0
2054.476164814946	2055.9366690656734	BBF8	1.0
2056.974026074121	2058.788154756721	BBF9	1.0
2057.403386550625	2059.158688720807	BBF8	1.0
2060.667884278451	2062.1744641963796	BBF9	1.0
2061.3063488648627	2062.9585794160294	BBF8	1.0
2063.664788104605	2065.273246776855	BBF9	1.0
2064.280034437616	2065.995584730991	BBF8	1.0
2067.9042137294086	2069.527503492938	BBF8	1.0
2068.2414551879574	2070.1317881185287	BBF9	1.0
2071.783944125109	2073.575192567359	BBF8	1.0
2073.120135835186	2074.992332252586	BBF9	1.0
2075.9966002262427	2077.412619571788	BBF8	1.0
2076.6438887046893	2078.718890062245	BBF9	1.0
2078.9161431160087	2080.6714452861906	BBF8	1.0
2081.2048066220214	2083.018935304621	BBF9	1.0
2082.658362267163	2084.036125449963	BBF8	1.0
2085.5837037361657	2087.2069934996953	BBF8	1.0
2085.9440963936145	2087.5525550658645	BBF9	1.0
2088.6854502811047	2090.1920301990335	BBF9	1.0
2089.533129887478	2091.248680180853	BBF8	1.0
2090.9853997290834	2092.8757326596547	BBF9	1.0
2094.1449262434794	2096.24068176357	BBF9	1.0
2096.6653288783773	2098.4206310485592	BBF8	1.0
2098.744825139437	2100.558953822037	BBF9	1.0
2100.5682911926156	2102.3384419139907	BBF8	1.0
2104.320626225607	2105.890474106761	BBF9	1.0
2105.284370655653	2106.829522426796	BBF8	1.0
2110.093377792839	2111.7166675563685	BBF8	1.0
2110.168825834281	2112.041022251681	BBF9	1.0
2113.4852378992605	2115.2764863415105	BBF8	1.0
2114.2483450141235	2116.3233463716792	BBF9	1.0
2117.5043598061843	2119.2745105275594	BBF8	1.0
2118.8966860411383	2120.7870189717096	BBF9	1.0
2121.151771016514	2122.867321309889	BBF8	1.0
2122.6968239360676	2124.2034038539964	BBF9	1.0
2127.029446406408	2128.78474857659	BBF8	1.0
2129.0391087774647	2130.6475674497146	BBF9	1.0
2132.194221019285	2133.6547252700125	BBF8	1.0
2133.597175190071	2135.167023071225	BBF9	1.0
2135.694952020758	2137.2401037919008	BBF8	1.0
2138.041095865477	2140.1160972230327	BBF9	1.0
2139.760537764756	2141.4127683159227	BBF8	1.0
2142.8388054653387	2144.6529341479386	BBF9	1.0
2143.895819264366	2145.687067706616	BBF8	1.0
2147.28444873842	2149.3802042585107	BBF9	1.0
2147.6129262303066	2149.236215993836	BBF8	1.0
2151.0280182552647	2152.74356854864	BBF8	1.0
2153.2570781267254	2155.332079484281	BBF9	1.0
2155.1333082633937	2156.511071446194	BBF8	1.0
2158.171801785199	2160.0621347157703	BBF9	1.0
2158.7874790466667	2160.5427812168487	BBF8	1.0
2162.429330400123	2164.301526817523	BBF9	1.0
2162.690441360905	2164.2355931320476	BBF8	1.0
2166.384316408309	2168.036546959476	BBF8	1.0
2167.557454077962	2169.371582760562	BBF9	1.0
2170.333742559621	2172.124991001871	BBF8	1.0
2170.6008215293286	2172.2092802015786	BBF9	1.0
2174.89870686141	2176.994462381501	BBF9	1.0
2175.0934560583205	2176.71674582185	BBF8	1.0
2178.720465151526	2180.436015444901	BBF8	1.0
2180.102632885121	2181.992965815692	BBF9	1.0
2182.949307990443	2184.3653273359882	BBF8	1.0
2183.3318548373336	2184.8384347552624	BBF9	1.0
2186.5728536170764	2188.3281557872583	BBF8	1.0
2189.1862716140076	2191.0004002966075	BBF9	1.0
2192.011818382374	2193.781969103749	BBF8	1.0
2193.0035037566563	2194.57335163781	BBF9	1.0
2195.447446498261	2196.9925982694035	BBF8	1.0
2197.8749695285956	2199.4834282008455	BBF9	1.0
2199.884742938853	2201.5080327023825	BBF8	1.0
2201.777914046378	2203.6682469769494	BBF9	1.0
2203.877297140193	2205.3378013909205	BBF8	1.0
2205.4020768128903	2207.477078170446	BBF9	1.0
2207.522412040075	2209.1746425912415	BBF8	1.0
2209.8625848332135	2211.6767135158134	BBF9	1.0
2210.8966723254534	2212.6122226188286	BBF8	1.0
2214.299861040931	2216.3956165610216	BBF9	1.0
2214.9634749905044	2216.3412381733046	BBF8	1.0
2217.5290829931437	2219.6040843506994	BBF9	1.0
2218.656133116855	2220.2794228803846	BBF8	1.0
2221.8502001378315	2223.3567800557603	BBF9	1.0
2222.1409208974246	2223.9321693396746	BBF8	1.0
2225.729912843008	2227.6202457735794	BBF9	1.0
2227.168326154683	2228.6288304054106	BBF8	1.0
2230.457947733718	2232.2132499039	BBF8	1.0
2231.7004886827112	2233.308947354961	BBF9	1.0
2234.5003015591788	2236.0454533303214	BBF8	1.0
2236.2074603282463	2238.021589010846	BBF9	1.0
2239.1092206944218	2240.7614512455884	BBF8	1.0
2240.3659547846933	2242.2381512020934	BBF9	1.0
2242.654704965712	2244.370255259087	BBF8	1.0
2244.733535554593	2246.8085369121486	BBF9	1.0
2246.7667545467843	2248.390044310314	BBF8	1.0
2249.031420886675	2250.921753817246	BBF9	1.0
2250.8555722093197	2252.6468206515697	BBF8	1.0
2253.8636379086915	2255.4720965809415	BBF9	1.0
2255.1728663280473	2256.5506295108476	BBF8	1.0
2257.348409799569	2258.8549897174976	BBF9	1.0
2258.731192593407	2260.486494763589	BBF8	1.0
2260.415009063541	2262.229137746141	BBF9	1.0
2262.843242174479	2264.6133928958543	BBF8	1.0
2264.89874889647	2266.50720756872	BBF9	1.0
2266.7229725701804	2268.268124341323	BBF8	1.0
2269.034011540311	2270.9243444708823	BBF9	1.0
2270.6723987214928	2272.2956884850223	BBF8	1.0
2272.4026243681587	2273.858014057692	BBF9	1.0
2274.668288709879	2276.459537152129	BBF8	1.0
2276.4449597615767	2278.2590884441765	BBF9	1.0
2279.130071982857	2280.5460913284023	BBF8	1.0
2279.3933199062267	2281.4890754263174	BBF9	1.0
2282.5439090939667	2284.2992112641487	BBF8	1.0
2284.390239672777	2286.465241030333	BBF9	1.0
2286.679190593576	2288.3314211447428	BBF8	1.0
2289.222456694794	2290.7290366127227	BBF9	1.0
2291.6114491354983	2293.3269994288735	BBF8	1.0
2293.636501089905	2295.526834020476	BBF9	1.0
2296.2244053902036	2297.684909640931	BBF8	1.0
2299.7587607299815	2301.382050493511	BBF8	1.0
2299.764252282447	2301.334100163601	BBF9	1.0
2302.6504443809745	2304.72544573853	BBF9	1.0
2303.3829400217737	2305.1741884640237	BBF8	1.0
2306.181273292063	2308.053469709463	BBF9	1.0
2307.5494011379133	2308.9271643207135	BBF8	1.0
2310.2240152904815	2312.1143482210528	BBF9	1.0
2311.7098603208624	2313.362090872029	BBF8	1.0
2314.3360461217167	2316.4318016418074	BBF9	1.0
2315.5937935163497	2317.1389452874923	BBF8	1.0
2317.634963511747	2319.141543429676	BBF9	1.0
2319.4148794995263	2320.8753837502536	BBF8	1.0
2321.4217489665	2323.03020763875	BBF9	1.0
2322.944215430038	2324.5675051935677	BBF8	1.0
2325.9751842372466	2327.7893129198465	BBF9	1.0
2326.6148585589053	2328.3304088522805	BBF8	1.0
2329.9473606194238	2332.0431161395145	BBF9	1.0
2330.8430677326633	2332.6132184540384	BBF8	1.0
2335.535915277164	2337.327163719414	BBF8	1.0
2335.779009156915	2337.6693420874863	BBF9	1.0
2339.635490049486	2341.710491407042	BBF9	1.0
2339.6711967767733	2341.294486540303	BBF8	1.0
2343.876174031994	2345.5917243253693	BBF8	1.0
2344.079027922185	2345.5344176117183	BBF9	1.0
2348.3241879640736	2350.1383166466735	BBF9	1.0
2348.4993258208833	2350.2546279910653	BBF8	1.0
2353.1457095283095	2354.5234727111097	BBF8	1.0
2353.197953147597	2354.767801028751	BBF9	1.0
2356.4678738791195	2358.120104430286	BBF8	1.0
2357.5704493812013	2359.645450738757	BBF9	1.0
2360.5102277045803	2362.055379475723	BBF8	1.0
2362.2865073401886	2364.1587037575887	BBF9	1.0
2364.2737985075955	2366.0291006777775	BBF8	1.0
2366.2823791083947	2368.172712038966	BBF9	1.0
2368.4555438442794	2369.9160480950068	BBF8	1.0
2370.2550190639954	2372.350774584086	BBF9	1.0
2372.0797231360716	2373.8709715783216	BBF8	1.0
2374.808454334742	2376.3150342526706	BBF9	1.0
2376.2614684727555	2378.0316191941306	BBF8	1.0
2379.059876041612	2380.668334713862	BBF9	1.0
2380.582605320662	2382.2058950841915	BBF8	1.0
2382.916356934183	2384.730485616783	BBF9	1.0
2384.6946549017343	2386.4102051951095	BBF8	1.0
2388.5152237721927	2390.1236824444427	BBF9	1.0
2389.1784151794004	2390.80170494293	BBF8	1.0
2391.860604787435	2393.315994476968	BBF9	1.0
2393.127841330713	2394.919089772963	BBF8	1.0
2395.1827539900714	2397.257755347627	BBF9	1.0
2397.8206888752134	2399.236708220759	BBF8	1.0
2399.805884698635	2401.6962176292063	BBF9	1.0
2401.1660851445604	2402.9213873147423	BBF8	1.0
2404.4754790324105	2406.0839377046605	BBF9	1.0
2404.5347133324444	2406.079865103587	BBF8	1.0
2408.391211809608	2410.043442360775	BBF8	1.0
2410.0975776830264	2411.9117063656263	BBF9	1.0
2412.5915661091285	2413.9693292919287	BBF8	1.0
2413.7682040747504	2415.863959594841	BBF9	1.0
2416.0369845310684	2417.7525348244435	BBF8	1.0
2419.0185937236724	2421.093595081228	BBF9	1.0
2421.264150881143	2422.8874406446726	BBF8	1.0
2423.2932472431485	2424.7998271610772	BBF9	1.0
2425.2832610080895	2427.0745094503395	BBF8	1.0
2427.4749735122014	2429.3653064427726	BBF9	1.0
2430.4407318068297	2432.1960339770117	BBF8	1.0
2431.4940770930134	2433.3662735104135	BBF9	1.0
2434.5453121779947	2436.005816428722	BBF8	1.0
2435.536412486431	2437.6114138439866	BBF9	1.0
2438.1769380049404	2439.829168556107	BBF8	1.0
2440.949424823594	2442.763553506194	BBF9	1.0
2441.777874823881	2443.3230265950237	BBF8	1.0
2445.2240783430702	2446.83253701532	BBF9	1.0
2446.2061779061037	2447.583941088904	BBF8	1.0
2450.0019498813317	2451.6252396448613	BBF8	1.0
2451.519899559255	2453.4102324898263	BBF9	1.0
2453.951364456944	2455.666914750319	BBF8	1.0
2456.812405835281	2458.9081613553717	BBF9	1.0
2458.109865686559	2459.8651678567408	BBF8	1.0
2462.128975813505	2463.920224255755	BBF8	1.0
2464.3670919302895	2466.1812206128893	BBF9	1.0
2467.9103210902317	2469.680471811607	BBF8	1.0
2471.328788589637	2472.8739403607797	BBF8	1.0
2472.8931671566365	2474.5016258288865	BBF9	1.0
2475.1620439130247	2476.7853336765543	BBF8	1.0
2478.306179493799	2480.19651242437	BBF9	1.0
2479.3205451426397	2480.781049393367	BBF8	1.0
2482.875018260691	2484.630320430873	BBF8	1.0
2484.764623398225	2486.8396247557807	BBF9	1.0
2487.1032150416404	2488.8733657630155	BBF8	1.0
2490.820311112804	2492.611559555054	BBF8	1.0
2493.0351486859076	2494.8492773685075	BBF9	1.0
2497.8090673483475	2499.1868305311477	BBF8	1.0
2499.1363054571466	2500.7061533383003	BBF9	1.0
2501.948367475852	2503.5716572393817	BBF8	1.0
2504.3955050501677	2506.285837980739	BBF9	1.0
2506.31595535947	2507.9681859106367	BBF8	1.0
2509.065099383943	2511.140100741499	BBF9	1.0
2511.1249484015393	2512.8404986949145	BBF8	1.0
2515.6319273878257	2517.3872295580077	BBF8	1.0
2515.709397789216	2517.581594206616	BBF9	1.0
2523.9215870227113	2525.3376063682567	BBF8	1.0
2526.0010907736073	2527.815219456207	BBF9	1.0
2528.014503674892	2529.6377934384213	BBF8	1.0
2531.042394109076	2532.650852781326	BBF9	1.0
2531.8709908487244	2533.6622392909744	BBF8	1.0
2536.4089428210277	2538.299275751599	BBF9	1.0
2537.00522979702	2538.4657340477474	BBF8	1.0
2543.0764730389064	2545.172228558997	BBF9	1.0
2546.785838834271	2548.4380693854378	BBF8	1.0
2551.3625133718924	2553.0780636652676	BBF8	1.0
2553.066152459421	2554.57273237735	BBF9	1.0
2556.3108975166297	2557.934187280159	BBF8	1.0
2558.5953238596135	2560.4094525422133	BBF9	1.0
2561.46836831537	2563.25961675762	BBF8	1.0
2566.0261981281465	2567.8983945455466	BBF9	1.0
2568.2288367948004	2569.9841389649823	BBF8	1.0
2570.8849527281072	2572.959954085663	BBF9	1.0
2575.8256518902417	2577.3708036613843	BBF8	1.0
2577.8777283224676	2579.4861869947176	BBF9	1.0
2581.1922093429853	2582.5699725257855	BBF8	1.0
2581.3625002133454	2583.2528331439166	BBF9	1.0
2585.2345513203763	2586.9898534905583	BBF8	1.0
2585.8905231022804	2587.986278622371	BBF9	1.0
2590.9960502306812	2592.541202001824	BBF8	1.0
2592.3279157633065	2594.1420444459063	BBF9	1.0
2595.7121158709706	2597.4822665923457	BBF8	1.0
2596.6490329079943	2598.72403426555	BBF9	1.0
2602.8442939575175	2604.467583721047	BBF8	1.0
2603.734735752778	2605.2413156707066	BBF9	1.0
2606.8401722340186	2608.5557225273938	BBF8	1.0
2608.776039088247	2610.6663720188185	BBF9	1.0
2611.4633104725294	2612.923814723257	BBF8	1.0
2612.934533544694	2614.542992216944	BBF9	1.0
2614.9480880392457	2616.7033902094277	BBF8	1.0
2617.557664253258	2619.3717929358577	BBF9	1.0
2619.3156759228636	2620.9679064740303	BBF8	1.0
2621.762622334917	2623.837623692473	BBF9	1.0
2623.125699395807	2624.916947838057	BBF8	1.0
2628.2134746432134	2629.836764406743	BBF8	1.0
2630.3208411245487	2631.8906890057024	BBF9	1.0
2632.093193667491	2633.808743960866	BBF8	1.0
2634.2613375168635	2636.1516704474348	BBF9	1.0
2636.2374173849125	2637.653436730458	BBF8	1.0
2639.4344584080404	2641.1897605782224	BBF8	1.0
2640.4874632952315	2641.9940432131602	BBF9	1.0
2643.732350740324	2645.2775025114665	BBF8	1.0
2644.390407813014	2646.204536495614	BBF9	1.0
2647.333287559264	2648.7110507420643	BBF8	1.0
2649.9892746510236	2651.5977333232736	BBF9	1.0
2654.349306393587	2656.119457114962	BBF8	1.0
2655.5184460512155	2657.408778981787	BBF9	1.0
2657.7643884089694	2659.5556368512193	BBF8	1.0
2661.233471952254	2663.329227472345	BBF9	1.0
2661.8067303863604	2663.2672346370878	BBF8	1.0
2665.1985805512977	2666.8218703148273	BBF8	1.0
2666.971729665899	2668.785858348499	BBF9	1.0
2669.844950640253	2671.560500933628	BBF8	1.0
2671.9898011887626	2673.5982598610126	BBF9	1.0
2673.7943652158647	2675.4465957670313	BBF8	1.0
2676.999783008512	2679.074784366068	BBF9	1.0
2677.348838333916	2679.140086776166	BBF8	1.0
2681.7703942958246	2683.660727226396	BBF9	1.0
2682.7850913379934	2684.5403935081754	BBF8	1.0
2686.8813930691117	2688.753589486512	BBF9	1.0
2686.897128866719	2688.274892049519	BBF8	1.0
2690.335442732546	2691.880594503689	BBF8	1.0
2691.48129196507	2693.371624895641	BBF9	1.0
2694.168698055934	2695.8209286071005	BBF8	1.0
2698.257503734215	2699.97305402759	BBF8	1.0
2701.6546544699536	2703.7296558275093	BBF9	1.0
2702.508932365609	2704.1322221291384	BBF8	1.0
2705.6759294672433	2707.182509385172	BBF9	1.0
2706.5977380438894	2708.3889864861394	BBF8	1.0
2711.2208762824002	2712.6368956279457	BBF8	1.0
2711.274796305253	2713.088924987853	BBF9	1.0
2714.217784989776	2715.973087159958	BBF8	1.0
2717.1989085197447	2718.8073671919947	BBF9	1.0
2718.0278084627193	2719.7979591840945	BBF8	1.0
2721.6984408329945	2723.243592604137	BBF8	1.0
2722.82100717036	2724.7113401009315	BBF9	1.0
2726.458038906481	2727.918543157208	BBF8	1.0
2726.6077926251137	2728.7035481452044	BBF9	1.0
2730.7123988055673	2732.335688569097	BBF8	1.0
2732.8339184034808	2734.6480470860806	BBF9	1.0
2734.568885979401	2735.946649162201	BBF8	1.0
2738.123359097451	2739.8389093908263	BBF8	1.0
2738.27016255325	2739.8786212255	BBF9	1.0
2742.3283240279557	2743.9805545791223	BBF8	1.0
2746.1383475008997	2747.9295959431497	BBF8	1.0
2746.749774154385	2748.8247755119405	BBF9	1.0
2750.4130079827382	2752.16831015292	BBF8	1.0
2751.0476594864667	2752.503049176	BBF9	1.0
2755.5240150805894	2757.069166851732	BBF8	1.0
2756.1193449324783	2757.478482338478	BBF9	1.0
2759.8525164640837	2761.724712881484	BBF9	1.0
2760.6814858793296	2762.4516366007047	BBF8	1.0
2762.686797601997	2764.500926284597	BBF9	1.0
2764.468277501828	2766.259525944078	BBF8	1.0
2765.9137461010328	2767.4835939821864	BBF9	1.0
2768.7429379836667	2770.3662277471963	BBF8	1.0
2772.2509474008284	2773.9664976942036	BBF8	1.0
2773.8239249034555	2775.4323835757054	BBF9	1.0
2776.316521228664	2777.7325405742095	BBF8	1.0
2779.476052889154	2781.231355059336	BBF8	1.0
2781.2008327797994	2783.0911657103707	BBF9	1.0
2783.127005425287	2784.504768608087	BBF8	1.0
2785.164810022341	2787.260565542432	BBF9	1.0
2786.817317629703	2788.362469400846	BBF8	1.0
2790.4797391501666	2792.5547405077223	BBF9	1.0
2790.975818859318	2792.628049410485	BBF8	1.0
2793.945997276183	2795.4525771941117	BBF9	1.0
2794.8787697340404	2796.5943200274155	BBF8	1.0
2797.766834636829	2799.580963319429	BBF9	1.0
2799.3392850194377	2800.9625747829673	BBF8	1.0
2802.229463283398	2804.1016597007983	BBF9	1.0
2802.986685539268	2804.777933981518	BBF8	1.0
2807.95830153445	2809.4188057851775	BBF8	1.0
2808.202092671704	2809.810551343954	BBF9	1.0
2811.4430791011664	2813.1983812713484	BBF8	1.0
2813.8547597711004	2815.7450927016716	BBF9	1.0
2815.8338988352293	2817.379050606372	BBF8	1.0
2819.6671541586174	2821.4373048799926	BBF8	1.0
2821.818265176278	2823.893266533834	BBF9	1.0
2823.6165687342295	2825.4078171764795	BBF8	1.0
2827.20154120844	2829.01566989104	BBF9	1.0
2827.8679973656235	2829.284016711169	BBF8	1.0
2831.2133838296713	2832.836673593201	BBF8	1.0
2834.7811817857664	2836.876937305857	BBF9	1.0
2834.8375524990565	2836.5531027924317	BBF8	1.0
2839.2748359340085	2840.927066485175	BBF8	1.0
2839.585686352046	2841.4760192826175	BBF9	1.0
2843.5727282662924	2845.3639767085424	BBF8	1.0
2846.4020339070735	2847.971881788227	BBF9	1.0
2847.866144106301	2849.3266483570283	BBF8	1.0
2851.18369255405	2853.0558889714503	BBF9	1.0
2851.541252968851	2853.296555139033	BBF8	1.0
2854.103980206013	2855.918108888613	BBF9	1.0
2856.954274122484	2858.724424843859	BBF8	1.0
2859.8654697322636	2861.4739284045136	BBF9	1.0
2860.903688698096	2862.448840469239	BBF8	1.0
2864.9598466478083	2866.8501795783795	BBF9	1.0
2865.1086536286007	2866.7319433921302	BBF8	1.0
2869.3600822599947	2871.07563255337	BBF8	1.0
2871.927913821935	2874.0029151794906	BBF9	1.0
2873.7276701436126	2875.105433326413	BBF8	1.0
2877.5144617661113	2879.269763936293	BBF8	1.0
2879.2514950945238	2881.3472506146145	BBF9	1.0
2881.905281500174	2883.557512051341	BBF8	1.0
2883.646219	2885.5365519305715	BBF9	1.0
2885.9476234775652	2887.738871919815	BBF8	1.0
2888.903690801785	2890.7758872191853	BBF9	1.0
2890.6172254169655	2892.240515180495	BBF8	1.0
2893.4187137626077	2895.4937151201634	BBF9	1.0
2894.566639992577	2896.2821902859523	BBF8	1.0
2897.2404855438567	2898.7470654617855	BBF9	1.0
2899.096850829309	2900.852152999491	BBF8	1.0
2900.7999235437696	2902.6140522263695	BBF9	1.0
2903.4412068624815	2904.8189700452817	BBF8	1.0
2907.4603169894285	2909.005468760571	BBF8	1.0
2909.005468760571	2910.8958016911424	BBF9	1.0
2912.5805450898997	2914.350695811275	BBF8	1.0
2915.760228186988	2917.835229544544	BBF9	1.0
2916.5764233664013	2918.2919736597764	BBF8	1.0
2920.4530084196563	2922.02285630081	BBF9	1.0
2921.4318801093596	2923.055169872889	BBF8	1.0
2926.05501834787	2927.84626679012	BBF8	1.0
2926.283431901439	2927.891890573689	BBF9	1.0
2931.026634343052	2932.4426536885976	BBF8	1.0
2932.1138558274515	2933.9279845100514	BBF9	1.0
2934.511411909769	2936.266714079951	BBF8	1.0
2936.7355333294736	2938.6077297468737	BBF9	1.0
2938.414362784491	2939.9595145556336	BBF8	1.0
2941.019472860925	2942.909805791496	BBF9	1.0
2942.781950668109	2944.4341812192756	BBF8	1.0
2945.2678605818232	2946.876319254073	BBF9	1.0
2946.940451897724	2948.656002191099	BBF8	1.0
2951.1686486786734	2952.791938442203	BBF8	1.0
2952.476452477494	2954.290581160094	BBF9	1.0
2955.0251358525065	2956.485640103234	BBF8	1.0
2956.8398300205404	2958.346409938469	BBF9	1.0
2958.416986017444	2960.172288187626	BBF8	1.0
2962.9239650037307	2964.301728186531	BBF8	1.0
2964.625579043331	2966.700580400887	BBF9	1.0
2966.1299603651096	2967.9212088073596	BBF8	1.0
2968.287369234395	2969.857217115549	BBF9	1.0
2970.5440119496175	2972.3141626709926	BBF8	1.0
2972.339652255495	2974.1537809380948	BBF9	1.0
2974.8719198295325	2976.9676753496233	BBF9	1.0
2978.373145549507	2979.9964353130367	BBF8	1.0
2981.3700542568836	2983.0856045502587	BBF8	1.0
2986.8130715089387	2988.4215301811887	BBF9	1.0
2988.2931456894266	2990.0484478596086	BBF8	1.0
2991.708227704809	2993.2533794759515	BBF8	1.0
2992.040229345255	2993.930562275826	BBF9	1.0
2995.402091925528	2997.054322476695	BBF8	1.0
2997.101750448657	2998.9739468660573	BBF9	1.0
2998.8404057913554	3000.6316542336053	BBF8	1.0
3001.901184778296	3003.9761861358515	BBF9	1.0
3005.926120177012	3007.303883359812	BBF8	1.0
3006.665067742611	3008.5554006731822	BBF9	1.0
3009.2947384915046	3011.0500406616866	BBF8	1.0
3011.5356048028957	3013.0421847208245	BBF9	1.0
3013.0582982635588	3014.6034500347014	BBF8	1.0
3016.317263004643	3017.925721676893	BBF9	1.0
3018.029914258741	3019.6821448099076	BBF8	1.0
3021.6540829281257	3023.369633221501	BBF8	1.0
3025.278251597511	3026.9015413610405	BBF8	1.0
3027.561670819598	3029.375799502198	BBF9	1.0
3028.9024202668966	3030.6936687091466	BBF8	1.0
3032.873465829544	3034.3339700802712	BBF8	1.0
3036.754785717231	3038.5100878874127	BBF8	1.0
3042.0920024767665	3043.982335407338	BBF9	1.0
3044.281905261338	3045.8270570324808	BBF8	1.0
3047.6040598749414	3049.227349638471	BBF8	1.0
3049.227349638471	3051.1176825690422	BBF9	1.0
3050.7743709433635	3052.5296731135454	BBF8	1.0
3053.3185756145585	3054.9270342868085	BBF9	1.0
3054.7702492198646	3056.315400991007	BBF8	1.0
3058.8004600963304	3060.370307977484	BBF9	1.0
3058.905518599035	3060.5577491502017	BBF8	1.0
3061.7517235904816	3063.8267249480373	BBF9	1.0
3062.5761509693098	3064.3673994115597	BBF8	1.0
3066.724363795292	3068.538492477892	BBF9	1.0
3067.0598981051517	3068.520402355879	BBF8	1.0
3070.1729660647516	3071.796255828281	BBF8	1.0
3071.9737211370552	3074.069476657146	BBF9	1.0
3074.3314672943666	3076.0470175877417	BBF8	1.0
3076.435195915683	3078.325528846254	BBF9	1.0
3078.4202729726476	3079.836292318193	BBF8	1.0
3079.904324123019	3081.4109040409476	BBF9	1.0
3081.7424275862504	3083.4977297564324	BBF8	1.0
3083.0552957500454	3084.6637544222954	BBF9	1.0
3086.2261747220923	3088.0174231643423	BBF8	1.0
3088.8632489015076	3090.6773775841075	BBF9	1.0
3091.5686398861267	3093.1384877672804	BBF9	1.0
3092.4290787908476	3093.806841973648	BBF8	1.0
3095.0661428672693	3097.141144224825	BBF9	1.0
3095.728001554006	3097.3512913175355	BBF8	1.0
3099.514793176504	3101.2303434698792	BBF8	1.0
3102.0356866490242	3103.9078830664243	BBF9	1.0
3103.324816649448	3104.977047200615	BBF8	1.0
3106.3103401685003	3108.2006730990715	BBF9	1.0
3107.460086028618	3109.251334470868	BBF8	1.0
3110.3991391871295	3112.4948947072203	BBF9	1.0
3111.8973694635706	3113.357873714298	BBF8	1.0
3115.6376973851793	3117.3929995553613	BBF8	1.0
3115.649528836051	3117.724530193607	BBF9	1.0
3118.2282600353005	3119.7348399532293	BBF9	1.0
3120.028517119242	3121.573668890385	BBF8	1.0
3123.106940682529	3124.715399354779	BBF9	1.0
3124.3728731524157	3126.1430238737908	BBF8	1.0
3128.670765484699	3130.462013926949	BBF8	1.0
3131.4936250332403	3133.30775371584	BBF9	1.0
3132.4807889576423	3134.104078721172	BBF8	1.0
3134.367125498881	3135.9369733800345	BBF9	1.0
3136.0352620756935	3137.7508123690686	BBF8	1.0
3137.882373499849	3139.7727064304204	BBF9	1.0
3140.4146410738863	3142.510396593977	BBF9	1.0
3140.7977914168723	3142.1755545996725	BBF8	1.0
3143.8179319746932	3145.573234144875	BBF8	1.0
3143.92264477737	3145.9976461349256	BBF9	1.0
3147.767346550306	3149.3124983214484	BBF8	1.0
3148.3134573598754	3149.7688470494086	BBF9	1.0
3151.8329203781414	3153.485150929308	BBF8	1.0
3152.4487200037165	3154.2628486863164	BBF9	1.0
3155.480320897971	3157.195871191346	BBF8	1.0
3157.002155274463	3158.610613946713	BBF9	1.0
3159.75498137981	3161.3782711433396	BBF8	1.0
3162.5777902998666	3164.468123230438	BBF9	1.0
3163.8437870580906	3165.6350355003406	BBF8	1.0
3165.9696349403207	3167.841831357721	BBF9	1.0
3169.1406489594997	3170.8959511296816	BBF8	1.0
3171.150329151425	3172.964457834025	BBF9	1.0
3173.206222787336	3174.6667270380635	BBF8	1.0
3175.401750858295	3176.908330776224	BBF9	1.0
3177.852592876291	3179.3977446474337	BBF8	1.0
3180.2571996929178	3181.8656583651677	BBF9	1.0
3182.0807896572405	3183.4585528400407	BBF8	1.0
3185.3332487195094	3186.956538483039	BBF8	1.0
3187.5752206637603	3189.4655535943316	BBF9	1.0
3190.413659402963	3191.9835072841165	BBF9	1.0
3192.6165239992292	3194.691525356785	BBF9	1.0
3193.1159186185096	3194.8860693398847	BBF8	1.0
3196.6356275800413	3198.731383100132	BBF9	1.0
3196.7633191383393	3198.5545675805893	BBF8	1.0
3200.2597903465535	3202.0739190291533	BBF9	1.0
3200.968284068844	3202.3843034143893	BBF8	1.0
3203.4890122987667	3204.9444019883	BBF9	1.0
3204.8247712426773	3206.5800734128593	BBF8	1.0
3211.3761530681036	3212.921304839246	BBF8	1.0
3214.9655277260563	3216.5739863983063	BBF9	1.0
3215.6972772508325	3217.349507801999	BBF8	1.0
3219.30987668335	3221.2002096139213	BBF9	1.0
3219.8557784804475	3221.5713287738226	BBF8	1.0
3223.8516567569486	3225.312161007676	BBF8	1.0
3223.8865437667023	3225.7587401841024	BBF9	1.0
3226.987956566994	3228.6112463305235	BBF8	1.0
3228.858151664354	3230.672280346954	BBF9	1.0
3231.05353039483	3232.43129357763	BBF8	1.0
3235.0261768208866	3236.6784073720532	BBF8	1.0
3236.640808887313	3238.715810244869	BBF9	1.0
3238.882663994719	3240.673912436969	BBF8	1.0
3240.5669852177016	3242.0735651356304	BBF9	1.0
3243.9936710925704	3245.7638218139455	BBF8	1.0
3247.2345154355803	3249.1248483661516	BBF9	1.0
3249.2673011435345	3251.0226033137164	BBF8	1.0
3253.356106821815	3254.9012585929577	BBF8	1.0
3256.3181541644676	3258.4139096845583	BBF9	1.0
3258.5368094710007	3259.914572653801	BBF8	1.0
3261.010980310849	3262.90131324142	BBF9	1.0
3262.2771373926093	3263.900427156139	BBF8	1.0
3264.7280703277847	3266.3365290000347	BBF9	1.0
3266.180088267332	3267.895638560707	BBF8	1.0
3270.756762804953	3272.21726705568	BBF8	1.0
3273.602622743219	3275.416751425819	BBF9	1.0
3276.2627113603653	3278.0180135305473	BBF8	1.0
3280.0579455947054	3281.627793475859	BBF9	1.0
3281.8151236166664	3283.6063720589163	BBF8	1.0
3284.9165154822676	3286.9915168398234	BBF9	1.0
3287.3675358729683	3288.783555218514	BBF8	1.0
3289.307328064773	3290.7627177543063	BBF9	1.0
3292.0486819522635	3293.9390148828347	BBF9	1.0
3292.199760765482	3293.8230505290117	BBF8	1.0
3295.9516264700455	3298.0473819901363	BBF9	1.0
3297.9380278253416	3299.6535781187167	BBF8	1.0
3302.886411970079	3304.264175152879	BBF8	1.0
3305.8948422653493	3307.708970947949	BBF9	1.0
3309.913945846161	3311.522404518411	BBF9	1.0
3309.9256626548463	3311.577893206013	BBF8	1.0
3313.84012217655	3315.9151235341055	BBF9	1.0
3314.525569042912	3316.0707208140548	BBF8	1.0
3317.1158077539744	3318.5711974435076	BBF9	1.0
3318.684070272527	3320.1445745232545	BBF8	1.0
3319.4389890145594	3321.2531176971593	BBF9	1.0
3322.145615988799	3323.900918158981	BBF8	1.0
3322.73790640459	3324.61010282199	BBF9	1.0
3327.186927535315	3328.9570782566902	BBF8	1.0
3327.507072850681	3329.115531522931	BBF9	1.0
3331.4383561667096	3333.2296046089596	BBF8	1.0
3335.097230710902	3337.1929862309926	BBF9	1.0
3337.6877239363544	3339.0654871191546	BBF8	1.0
3339.44791315327	3341.0177610344235	BBF9	1.0
3340.8240237463992	3342.5395740397744	BBF8	1.0
3342.694033433014	3344.7690347905695	BBF9	1.0
3346.6202097634023	3348.126789681331	BBF9	1.0
3350.569617906397	3352.4599508369683	BBF9	1.0
3351.0925016429906	3352.744732194157	BBF8	1.0
3357.49269806294	3359.3068267455396	BBF9	1.0
3357.9226656737546	3359.7139141160046	BBF8	1.0
3362.208756021927	3364.080952439327	BBF9	1.0
3362.824586117603	3364.4478758811324	BBF8	1.0
3366.9712776061265	3368.8616105366978	BBF9	1.0
3370.2934268087624	3371.9018854810124	BBF9	1.0
3370.88603822194	3372.641340392122	BBF8	1.0
3374.939789329933	3376.7539180125327	BBF9	1.0
3376.972783038472	3378.742933759847	BBF8	1.0
3379.5164564132847	3381.5914577708404	BBF9	1.0
3384.5112961235427	3386.0178760414715	BBF9	1.0
3384.616061834803	3386.0320811803485	BBF8	1.0
3388.0543757006303	3389.7699259940055	BBF8	1.0
3389.5061358338	3391.396468764371	BBF9	1.0
3393.2131180583333	3395.308873578424	BBF9	1.0
3394.419902722499	3395.8804069732264	BBF8	1.0
3397.672361784768	3399.42766395495	BBF8	1.0
3399.147338065227	3400.9614667478268	BBF9	1.0
3403.1199780208276	3404.7284366930776	BBF9	1.0
3405.1530176279857	3406.6981693991283	BBF8	1.0
3408.1845131689024	3410.259514526458	BBF9	1.0
3408.521635942478	3410.1738664936447	BBF8	1.0
3412.1571531245027	3413.612542814036	BBF9	1.0
3415.1659451696846	3416.543708352485	BBF8	1.0
3418.1974244020234	3420.0877573325947	BBF9	1.0
3420.625430024207	3422.2487197877367	BBF8	1.0
3422.6114687971344	3424.4836652145345	BBF9	1.0
3424.2263668431474	3425.9419171365225	BBF8	1.0
3426.9558177544286	3429.0308191119843	BBF9	1.0
3430.8267652245977	3432.3966131057514	BBF9	1.0
3432.078732293482	3433.869980735732	BBF8	1.0
3434.9940249160522	3436.808153598652	BBF9	1.0
3436.330160924876	3437.7906651756034	BBF8	1.0
3438.7808103708057	3440.8765658908965	BBF9	1.0
3440.511894004936	3442.0570457760787	BBF8	1.0
3443.6362592054284	3445.5265921359996	BBF9	1.0
3447.492740097999	3449.101198770249	BBF9	1.0
3447.853158745485	3449.608460915667	BBF8	1.0
3452.267210329993	3454.058458772243	BBF8	1.0
3452.905752435162	3454.361142124695	BBF9	1.0
3457.4591877059083	3459.029035587062	BBF9	1.0
3459.2599973138704	3461.0301480352455	BBF8	1.0
3461.4550594741145	3463.53006083167	BBF9	1.0
3466.787116857978	3468.5026671513533	BBF8	1.0
3469.655889323979	3471.528085741379	BBF9	1.0
3473.5243534869637	3475.1476432504933	BBF8	1.0
3475.3244515998063	3477.138580282406	BBF9	1.0
3478.0313324732497	3479.8225809154997	BBF8	1.0
3485.0705831580176	3486.448346340818	BBF8	1.0
3487.9162249577957	3490.0119804778865	BBF9	1.0
3488.9038384814057	3490.6591406515877	BBF8	1.0
3491.7028794869298	3493.593212417501	BBF9	1.0
3493.526976719916	3495.1792072710828	BBF8	1.0
3495.6215355763165	3497.1281154942453	BBF9	1.0
3497.197609090191	3498.913159383566	BBF8	1.0
3499.7875502737656	3501.3960089460156	BBF9	1.0
3500.821777759576	3502.2377971051214	BBF8	1.0
3504.4459464289607	3506.0692361924903	BBF8	1.0
3506.1066033025563	3507.920731985156	BBF9	1.0
3508.23273805146	3510.02398649371	BBF8	1.0
3510.390469865321	3511.9603177464746	BBF9	1.0
3513.1578903457525	3514.61839459648	BBF8	1.0
3516.537687162582	3518.612688520138	BBF9	1.0
3517.246696024033	3519.001998194215	BBF8	1.0
3520.603254368606	3522.4935872991773	BBF9	1.0
3521.8930661129884	3523.6632168343635	BBF8	1.0
3524.0183308216656	3525.5249107395944	BBF9	1.0
3525.726321436376	3527.2714732075187	BBF8	1.0
3529.8615908155466	3531.484880579076	BBF8	1.0
3532.0725219585825	3534.168277478673	BBF9	1.0
3533.7877735407137	3535.503323834089	BBF8	1.0
3536.02917793889	3538.1041792964456	BBF9	1.0
3539.840352929182	3541.4102008103355	BBF9	1.0
3540.1533005625824	3541.805531113749	BBF8	1.0
3542.7664035945863	3544.580532277186	BBF9	1.0
3544.5673521470903	3545.9451153298905	BBF8	1.0
3547.3895343031495	3548.9979929753995	BBF9	1.0
3549.28341778738	3551.038719957562	BBF8	1.0
3551.315710633539	3552.8222905514676	BBF9	1.0
3553.41868716655	3555.2099356088	BBF8	1.0
3555.4742050899854	3557.3645380205567	BBF9	1.0
3559.0054406060744	3560.8776370234746	BBF9	1.0
3559.946837141533	3561.40734139226	BBF8	1.0
3562.8386896860393	3564.913691043595	BBF9	1.0
3562.8972821480193	3564.652584318201	BBF8	1.0
3566.3355960138456	3568.1057467352207	BBF8	1.0
3568.485798927952	3570.581554448043	BBF9	1.0
3570.796111299243	3572.3412630703856	BBF8	1.0
3574.5829029217416	3576.206192685271	BBF8	1.0
3578.4393900955747	3580.1549403889494	BBF8	1.0
3580.1549403889494	3582.0271368063495	BBF9	1.0
3581.029607446171	3582.574759217314	BBF8	1.0
3583.4732371148857	3585.363570045457	BBF9	1.0
3584.746703517336	3586.369993280865	BBF8	1.0
3586.94152078404	3588.4481007019685	BBF9	1.0
3589.369841755846	3590.8303460065736	BBF8	1.0
3590.193974548859	3591.802433221109	BBF9	1.0
3592.180895659664	3593.896445953039	BBF8	1.0
3595.967687282163	3597.619917833329	BBF8	1.0
3599.4756966993236	3601.266945141574	BBF8	1.0
3601.4222055789405	3602.992053460094	BBF9	1.0
3603.239256471378	3604.617019654178	BBF8	1.0
3605.7128253695664	3607.7878267271217	BBF9	1.0
3606.398788131868	3608.1540903020496	BBF8	1.0
3610.092652352587	3611.6378041237294	BBF8	1.0
3613.1237735908326	3614.7322322630826	BBF9	1.0
3614.0652987786443	3615.5258030293717	BBF8	1.0
3617.2248304391333	3618.8481202026624	BBF8	1.0
3620.825767258074	3622.5413175514486	BBF8	1.0
3622.5413175514486	3624.355446234049	BBF9	1.0
3623.2040902753197	3624.974240996695	BBF8	1.0
3626.8514907951494	3628.6427392374	BBF8	1.0
3631.312006080547	3632.6897692633465	BBF8	1.0
3634.7380191695192	3636.2445990874476	BBF9	1.0
3638.3977204662033	3640.113270759578	BBF8	1.0
3640.9847079261117	3642.875040856683	BBF9	1.0
3642.8350039011557	3644.487234452322	BBF8	1.0
3645.9016081598666	3647.446759931009	BBF8	1.0
3649.5490086796963	3651.0095129304236	BBF8	1.0
3651.0095129304236	3652.5793608115773	BBF9	1.0
3652.0600059037542	3653.8301566251293	BBF8	1.0
3655.846797526253	3657.6380459685033	BBF8	1.0
3659.9820669054225	3661.398086250968	BBF8	1.0
3661.398086250968	3663.493841771059	BBF9	1.0
3661.8055701626145	3663.350721933757	BBF8	1.0
3664.673771828392	3666.4879005109924	BBF9	1.0
3665.592361785113	3667.2445923362793	BBF8	1.0
3668.2514709696925	3669.758050887621	BBF9	1.0
3669.170066753608	3670.9613151958583	BBF8	1.0
3671.4515704769474	3673.0600291491974	BBF9	1.0
3673.7467412912292	3675.3700310547583	BBF8	1.0
3675.9011047226104	3677.7914376531817	BBF9	1.0
3677.9749380721787	3679.6904883655534	BBF8	1.0
3680.285549899523	3682.1577463169233	BBF9	1.0
3683.5273503284798	3684.9051135112795	BBF8	1.0
3683.5612354769473	3685.6362368345026	BBF9	1.0
3686.9192004934175	3688.674502663599	BBF8	1.0
3690.82215136814	3692.3673031392827	BBF8	1.0
3694.8619021150707	3696.4317499962244	BBF9	1.0
3698.976530874257	3700.7677793165076	BBF8	1.0
3701.5424881359204	3703.6174894934757	BBF9	1.0
3703.0885684029818	3704.711858166511	BBF8	1.0
3705.049324448478	3706.555904366406	BBF9	1.0
3707.1773740812623	3708.593393426808	BBF8	1.0
3707.861711462666	3709.675840145266	BBF9	1.0
3710.569224246201	3712.3245264163825	BBF8	1.0
3710.905078914032	3712.777275331432	BBF9	1.0
3714.2863203173647	3715.938550868531	BBF8	1.0
3716.0393094999245	3717.9296424304957	BBF9	1.0
3717.9337208371944	3719.649271130569	BBF8	1.0
3720.1281085185547	3721.7365671908046	BBF9	1.0
3722.4871635243708	3723.947667775098	BBF8	1.0
3724.054284848942	3725.8684135315425	BBF9	1.0
3726.1113321937555	3727.866634363937	BBF8	1.0
3729.898123816254	3731.443275587397	BBF8	1.0
3736.2974500922255	3738.3932056123167	BBF9	1.0
3737.889880369258	3739.6451825394397	BBF8	1.0
3740.8276535503655	3742.902654907921	BBF9	1.0
3741.606976440422	3743.3982248826724	BBF8	1.0
3746.0907235762643	3747.8608742976394	BBF8	1.0
3749.0796020276257	3750.969934958197	BBF9	1.0
3750.5047751607717	3752.2203254541464	BBF8	1.0
3755.429927455064	3756.8904317057913	BBF8	1.0
3759.4869870248267	3761.0954456970767	BBF9	1.0
3763.561075110735	3765.3523235529856	BBF8	1.0
3767.1291249383457	3768.6989728194994	BBF9	1.0
3768.6023866572523	3769.980149840052	BBF8	1.0
3771.371262389148	3773.185391071748	BBF9	1.0
3772.575033083309	3774.3303352534904	BBF8	1.0
3774.699636329694	3776.571832747094	BBF9	1.0
3776.7103024624794	3778.3625330136456	BBF8	1.0
3780.706180738981	3782.2513325101236	BBF8	1.0
3783.3186388064632	3784.927097478713	BBF9	1.0
3784.5858997632586	3786.2091895267877	BBF8	1.0
3788.0695881779257	3789.576168095854	BBF9	1.0
3789.11611059999	3790.8316608933646	BBF8	1.0
3794.27358139873	3795.6896007442756	BBF8	1.0
3795.7117259033475	3797.8074814234387	BBF9	1.0
3797.618967862778	3799.3742700329594	BBF8	1.0
3800.34755744655	3802.2378903771214	BBF9	1.0
3801.6845416906135	3803.3367722417797	BBF8	1.0
3805.65718811667	3807.2023398878127	BBF8	1.0
3810.0119914905836	3811.6204501628335	BBF9	1.0
3810.0944715516234	3811.554975802351	BBF8	1.0
3813.1089253955815	3814.6787732767352	BBF9	1.0
3813.718640221009	3815.341929984538	BBF8	1.0
3817.260317023609	3819.074445706209	BBF9	1.0
3817.6912866470657	3819.482535089316	BBF8	1.0
3821.051445977663	3823.1472014977544	BBF9	1.0
3822.360888586465	3823.738651769265	BBF8	1.0
3825.693464999533	3827.583797930104	BBF9	1.0
3825.868898003627	3827.6242001738083	BBF8	1.0
3830.0506310836863	3831.8207818050614	BBF8	1.0
3834.069741210633	3835.7852915040075	BBF8	1.0
3836.147780672164	3838.2227820297194	BBF9	1.0
3839.018125355371	3840.6414151189	BBF8	1.0
3842.363511819418	3844.1547602616683	BBF8	1.0
3845.161723963234	3846.770182635484	BBF9	1.0
3846.4987811985884	3848.1510117497546	BBF8	1.0
3850.319186361732	3852.1333150443324	BBF9	1.0
3850.680514278648	3852.2256660497906	BBF8	1.0
3853.8968855030325	3855.7690819204327	BBF9	1.0
3855.0248703118214	3856.440889657367	BBF8	1.0
3858.357393523356	3860.4323948809115	BBF9	1.0
3858.439952327203	3860.1952544973847	BBF8	1.0
3862.5752217063728	3864.2907719997474	BBF8	1.0
3865.0249237412345	3866.9152566718058	BBF9	1.0
3866.733722935988	3868.111486118788	BBF8	1.0
3868.556159257323	3870.6519147774143	BBF9	1.0
3870.24173235315	3871.865022116679	BBF8	1.0
3873.8659010225356	3875.657149464786	BBF8	1.0
3875.2469212878077	3876.753501205736	BBF9	1.0
3878.094097803484	3879.8642485248592	BBF8	1.0
3882.5081493879925	3884.053301159135	BBF8	1.0
3883.982082827608	3885.796211510208	BBF9	1.0
3886.527259514938	3887.9877637656655	BBF8	1.0
3888.0709836388096	3889.6794423110596	BBF9	1.0
3890.151428184323	3891.9067303545044	BBF8	1.0
3895.7735359919598	3897.425766543126	BBF8	1.0
3897.425766543126	3899.3160994736972	BBF9	1.0
3901.0266974970327	3902.898893914433	BBF9	1.0
3901.5275645425027	3903.179795093669	BBF8	1.0
3905.2084237660856	3907.022552448686	BBF9	1.0
3905.5931383703382	3907.308688663713	BBF8	1.0
3910.1698129079596	3911.925115078141	BBF8	1.0
3914.421241539353	3916.2124899816035	BBF8	1.0
3921.74947434145	3923.3579330137	BBF9	1.0
3922.947330652587	3924.570620416116	BBF8	1.0
3926.8735133777536	3928.5890636711283	BBF8	1.0
3931.450187915375	3932.9106921661023	BBF8	1.0
3932.9106921661023	3935.0064476861935	BBF9	1.0
3937.128730620041	3938.75202038357	BBF8	1.0
3940.729667438981	3942.4452177323556	BBF8	1.0
3944.5120683426076	3946.0819162237613	BBF9	1.0
3945.53866048105	3946.9546798265956	BBF8	1.0
3948.6386293002624	3950.7136306578177	BBF9	1.0
3948.976974346877	3950.629204898043	BBF8	1.0
3953.646576286277	3955.4378247285276	BBF8	1.0
3958.9070904720475	3960.7974234026187	BBF9	1.0
3959.686857401918	3961.3101471654472	BBF8	1.0
3963.1716349686358	3964.8871852620105	BBF8	1.0
3967.1907450955823	3968.568508278382	BBF8	1.0
3970.59269221279	3972.20115088504	BBF9	1.0
3974.462314284797	3976.0074660559394	BBF8	1.0
3977.204830802383	3978.7114107203115	BBF9	1.0
3979.224843625976	3980.6853478767034	BBF8	1.0
3983.6156633600385	3985.2389531235676	BBF8	1.0
3985.2389531235676	3987.053081806168	BBF9	1.0
3987.645061247249	3989.2972917984152	BBF8	1.0
3988.047222888308	3989.617070769462	BBF9	1.0
3991.1995343652998	3992.9150846586745	BBF8	1.0
3992.835755845681	3994.444214517931	BBF9	1.0
3995.0560215391333	3996.6793113026624	BBF8	1.0
3998.457854496296	4000.3481874268673	BBF9	1.0
3998.935740563411	4000.3517599089564	BBF8	1.0
4002.012321824991	4004.108077345082	BBF9	1.0
4003.0710099425814	4004.826312112763	BBF8	1.0
4008.1587851899867	4009.928935911362	BBF8	1.0
4015.7655548876537	4017.840556245209	BBF9	1.0
4016.754234095598	4018.2147383463252	BBF8	1.0
4020.6110570283863	4022.2343467919154	BBF8	1.0
4024.8624856597808	4026.5780359531554	BBF8	1.0
