1802.0115948629127	1803.7179104849126	chick2	1.0
1804.6926149971296	1806.2082254060463	chick3	1.0
1805.9709378579273	1807.5829339508364	chick2	1.0
1808.266743348344	1809.7605250646775	chick3	1.0
1808.698485255338	1810.580690040538	chick2	1.0
1811.3279529036217	1812.7936857950217	chick3	1.0
1813.5753905187953	1815.1521454916135	chick2	1.0
1814.641412716743	1816.0477360533857	chick3	1.0
1815.6744707726314	1816.9579455118815	chick2	1.0
1817.5347335138101	1819.24104913581	chick2	1.0
1818.1591846327847	1819.8270102887848	chick3	1.0
1820.1365874815053	1821.5504170776105	chick2	1.0
1821.081780554567	1822.6864179189006	chick3	1.0
1822.612748021486	1824.224744114395	chick2	1.0
1825.3635168277772	1826.8109882447773	chick3	1.0
1827.866733570088	1829.6200289953879	chick2	1.0
1829.2277381998733	1830.8427685792067	chick3	1.0
1830.7199743952126	1832.0034491344627	chick2	1.0
1832.8316239928206	1834.5379396148205	chick2	1.0
1833.2518596356103	1834.9544980928104	chick3	1.0
1836.1624998462619	1837.445974585512	chick2	1.0
1836.8495840979779	1838.4542214623114	chick3	1.0
1840.7503099838507	1842.1938414297738	chick2	1.0
1841.8597473353168	1843.3254802267168	chick3	1.0
1843.829799220987	1845.4065541938053	chick2	1.0
1846.0793007177233	1847.7471263737234	chick3	1.0
1850.023472721141	1851.4297960577837	chick3	1.0
1851.3211275547867	1853.2033323399867	chick2	1.0
1853.6656123357943	1855.181222744711	chick3	1.0
1857.3432862304812	1858.9583166098146	chick3	1.0
1858.0582955584223	1859.6702916513314	chick2	1.0
1860.9410106928487	1862.6436491500488	chick3	1.0
1861.4896264497675	1863.1959420717674	chick2	1.0
1864.973677417859	1866.5504323906773	chick2	1.0
1864.974014199841	1866.4397470912409	chick3	1.0
1867.6044914141326	1869.3577868394325	chick2	1.0
1870.3128596367171	1871.71918297336	chick3	1.0
1870.3419600316329	1871.625434770883	chick2	1.0
1873.0438771087245	1874.4874085546476	chick2	1.0
1874.0793650349785	1875.7471906909786	chick3	1.0
1875.1769695382707	1876.7889656311797	chick2	1.0
1877.6859727676037	1879.1334441846038	chick3	1.0
1878.1455231694304	1879.5593527655356	chick2	1.0
1881.32811358226	1882.8218952985933	chick3	1.0
1881.362937583454	1883.245142368654	chick2	1.0
1885.503249413375	1887.1395101816752	chick3	1.0
1887.2111665950642	1888.9174822170642	chick2	1.0
1889.4153621054284	1890.6988368446785	chick2	1.0
1889.4651879573082	1891.1330136133083	chick3	1.0
1891.8684183986559	1893.445173371474	chick2	1.0
1893.3915934202107	1894.885375136544	chick3	1.0
1894.8902993404292	1896.3041289365344	chick2	1.0
1896.3141881419906	1897.8297985509073	chick3	1.0
1896.916737148748	1898.670032574048	chick2	1.0
1899.174601171969	1900.5809245086118	chick3	1.0
1899.3875692121803	1900.6710439514304	chick2	1.0
1901.6273162629536	1903.3336318849535	chick2	1.0
1902.647959849729	1904.350598306929	chick3	1.0
1904.9869374409272	1906.5989335338363	chick2	1.0
1907.0274108977712	1908.6424412771046	chick3	1.0
1907.244460261905	1908.6582898580102	chick2	1.0
1909.1642434479961	1911.046448233196	chick2	1.0
1909.5413763866998	1911.0071092780997	chick3	1.0
1911.9017120654967	1913.3452435114198	chick2	1.0
1913.2723499029328	1914.9401755589329	chick3	1.0
1914.603629142588	1916.1803841154062	chick2	1.0
1916.6391093386003	1918.1328910549337	chick3	1.0
1916.8433761933613	1918.1268509326114	chick2	1.0
1919.349759798203	1921.103055223503	chick2	1.0
1920.6721128455924	1922.1195842625925	chick3	1.0
1922.0161253348856	1923.4299549309908	chick2	1.0
1924.504733168522	1926.211048790522	chick2	1.0
1924.7228840921025	1926.3591448604027	chick3	1.0
1927.1888750767225	1928.6324065226456	chick2	1.0
1928.1607096898317	1929.7653470541652	chick3	1.0
1930.1218771674735	1931.7338732603826	chick2	1.0
1932.0515808717005	1933.5173137631004	chick3	1.0
1932.752691163747	1934.036165902997	chick2	1.0
1934.868007822088	1936.750212607288	chick2	1.0
1935.649305334068	1937.2643357134014	chick3	1.0
1937.7654583724297	1939.179287968535	chick2	1.0
1938.181037363512	1939.848863019512	chick3	1.0
1940.6095816111572	1942.1863365839754	chick2	1.0
1942.0719085463809	1943.4782318830237	chick3	1.0
1943.6847898635444	1944.9682646027945	chick2	1.0
1945.1632866030595	1946.6788970119762	chick3	1.0
1946.155621927977	1947.908917353277	chick2	1.0
1949.1419513293415	1950.5557809254467	chick2	1.0
1949.3650734439507	1950.858855160284	chick3	1.0
1951.6838870749052	1953.2958831678143	chick2	1.0
1952.8206643831925	1954.5233028403925	chick3	1.0
1954.4746830030194	1956.1809986250194	chick2	1.0
1956.471688467106	1958.0763258314396	chick3	1.0
1957.1943758503155	1958.6379072962386	chick2	1.0
1959.5230017531117	1961.0997567259299	chick2	1.0
1961.064339200336	1962.530072091736	chick3	1.0
1962.7581919373397	1964.0416666765898	chick2	1.0
1963.8892179502814	1965.5042483296147	chick3	1.0
1965.033490528522	1966.915695313722	chick2	1.0
1967.833389952699	1969.501215608699	chick3	1.0
1970.4195489125002	1972.1728443378001	chick2	1.0
1971.972993902786	1973.3793172394287	chick3	1.0
1973.388103144974	1974.801932741079	chick2	1.0
1975.450092492701	1977.156408114701	chick2	1.0
1975.517417544605	1976.964888961605	chick3	1.0
1978.0631307187703	1979.5066621646934	chick2	1.0
1979.4971226290536	1981.1333833973538	chick3	1.0
1980.4095323907707	1982.0215284836797	chick2	1.0
1982.4537459692938	1983.7372207085439	chick2	1.0
1983.3524619288942	1984.8462436452276	chick3	1.0
1984.5868383988402	1986.4690431840402	chick2	1.0
1987.4121152466594	1989.1147537038594	chick3	1.0
1987.5731678002044	1988.9869973963096	chick2	1.0
1989.8662421615913	1991.4429971344096	chick2	1.0
1990.5656761951423	1992.1703135594757	chick3	1.0
1992.710365400319	1993.993840139569	chick2	1.0
1993.8880192795211	1995.4036296884378	chick3	1.0
1994.8790093702742	1996.632304795574	chick2	1.0
1997.66340794804	1999.0697312846828	chick3	1.0
1997.74090898052	1999.1844404264432	chick2	1.0
2000.4428260576112	2002.0548221505203	chick2	1.0
2002.4603738981966	2003.9261067895966	chick3	1.0
2003.4647069993848	2004.87853659549	chick2	1.0
2005.8111086713852	2007.6933134565852	chick2	1.0
2006.3867793610991	2008.0546050170992	chick3	1.0
2009.5262446531365	2011.1029996259547	chick2	1.0
2010.2065843809064	2011.7003660972398	chick3	1.0
2012.1215071090005	2013.4049818482506	chick2	1.0
2014.2928887094474	2015.7403601264475	chick3	1.0
2014.6101149426372	2016.3164305646371	chick2	1.0
2017.152050087888	2018.5955815338111	chick2	1.0
2018.0593953067112	2019.465718643354	chick3	1.0
2019.249591577338	2020.861587670247	chick2	1.0
2021.6215854890454	2023.3242239462454	chick3	1.0
2021.9692844256344	2023.3831140217396	chick2	1.0
2024.3867891784532	2026.1400846037532	chick2	1.0
2024.7040802754666	2026.3087176398	chick3	1.0
2027.515324741454	2029.2216403634538	chick2	1.0
2029.509929495881	2030.9756623872809	chick3	1.0
2029.950605264477	2031.234080003727	chick2	1.0
2032.8302800446138	2034.407035017432	chick2	1.0
2033.6939485972541	2035.3617742532542	chick3	1.0
2035.869936756592	2037.752141541792	chick2	1.0
2037.593704249383	2039.2087346287165	chick3	1.0
2038.891817697365	2040.335349143288	chick2	1.0
2041.4337534439292	2043.140069065929	chick2	1.0
2041.5822926040896	2043.0979030130063	chick3	1.0
2044.3134282240667	2045.5969029633168	chick2	1.0
2045.2066656782276	2046.700447394561	chick3	1.0
2046.9442422193395	2048.5562383122488	chick2	1.0
2048.8818011766357	2050.295630772741	chick2	1.0
2049.2929700057684	2050.9956084629684	chick3	1.0
2051.4770636324997	2053.2303590578	chick2	1.0
2053.7079541348417	2055.1142774714845	chick3	1.0
2054.4989445732726	2056.205260195273	chick2	1.0
2056.6320370028193	2057.915511742069	chick2	1.0
2057.776491921867	2059.242224813267	chick3	1.0
2059.280626769297	2060.7241582152205	chick2	1.0
2061.596298141677	2063.2113285210103	chick3	1.0
2061.9469923059796	2063.8291970911796	chick2	1.0
2064.918641225056	2066.586466881056	chick3	1.0
2064.986649619271	2066.400479215376	chick2	1.0
2067.457481682703	2069.069477775612	chick2	1.0
2068.9544588071485	2070.4482405234817	chick3	1.0
2070.5914852837136	2071.8749600229635	chick2	1.0
2072.5599942614494	2074.0074656784495	chick3	1.0
2073.607898187477	2075.314213809477	chick2	1.0
2076.452021427205	2077.8955528731285	chick2	1.0
2076.5424149547853	2078.1786757230852	chick3	1.0
2079.082835422478	2080.659590395296	chick2	1.0
2081.002222619029	2082.670048275029	chick3	1.0
2082.1224921344565	2084.0046969196565	chick2	1.0
2085.073269995412	2086.487099591517	chick2	1.0
2085.311277186462	2086.717600523105	chick3	1.0
2087.508551119748	2089.120547212657	chick2	1.0
2088.74093286248	2090.20666575388	chick3	1.0
2090.3348985892717	2091.6183733285216	chick2	1.0
2091.9318945540417	2093.546924933375	chick3	1.0
2092.9123852739312	2094.6656806992314	chick2	1.0
2094.3439590850635	2095.8595694939804	chick3	1.0
2095.880938905091	2097.2947685011964	chick2	1.0
2098.3891939855716	2100.0918324427716	chick3	1.0
2098.5117529013646	2100.2180685233648	chick2	1.0
2101.622512694161	2103.066044140084	chick2	1.0
2102.597745823128	2104.2023831874617	chick3	1.0
2104.484411703093	2106.061166675911	chick2	1.0
2106.027401499146	2107.493134390546	chick3	1.0
2107.6840503479125	2109.5662551331125	chick2	1.0
2109.5198713813356	2111.013653097669	chick3	1.0
2111.0081199844767	2112.2915947237266	chick2	1.0
2112.434449565737	2114.102275221737	chick3	1.0
2113.336745886272	2114.9487419791812	chick2	1.0
2115.751039669644	2117.1573630062867	chick3	1.0
2117.105209178637	2118.519038774742	chick2	1.0
2119.6078319506346	2121.0553033676347	chick3	1.0
2119.7182474037054	2121.4715428290056	chick2	1.0
2122.864558737911	2124.570874359911	chick2	1.0
2123.137990356529	2124.7426277208624	chick3	1.0
2125.8686639084794	2127.312195354403	chick2	1.0
2126.7435248118272	2128.4461632690272	chick3	1.0
2129.1216298639124	2130.6983848367304	chick2	1.0
2131.0651422214946	2132.680172600828	chick3	1.0
2131.450256367022	2132.733731106272	chick2	1.0
2133.298936472295	2135.181141257495	chick2	1.0
2134.947060183954	2136.4626705928704	chick3	1.0
2136.374144724682	2137.7879743207873	chick2	1.0
2138.3117036809776	2139.9236997738867	chick2	1.0
2139.519934419311	2140.926257755954	chick3	1.0
2140.480347650933	2142.186663272933	chick2	1.0
2143.0500918272023	2144.7527302844023	chick3	1.0
2143.5200043629106	2144.963535808834	chick2	1.0
2146.3285760612293	2147.9053310340473	chick2	1.0
2147.019949679304	2148.513731395637	chick3	1.0
2149.2260266115713	2151.1082313967713	chick2	1.0
2150.6506108160734	2152.1163437074733	chick3	1.0
2152.4256652553904	2153.7091399946403	chick2	1.0
2154.2938347940776	2155.908865173411	chick3	1.0
2155.0387024109004	2156.6506985038095	chick2	1.0
2156.856654420915	2158.524480076915	chick3	1.0
2158.1494622036967	2159.563291799802	chick2	1.0
2160.6380686544962	2162.0855400714963	chick3	1.0
2160.958033902016	2162.711329327316	chick2	1.0
2164.256166950032	2165.6624902866747	chick3	1.0
2164.424309099903	2166.130624721903	chick2	1.0
2167.659499284131	2169.1030307300543	chick2	1.0
2167.949642293974	2169.585903062274	chick3	1.0
2169.934797875313	2171.546793968222	chick2	1.0
2172.636714953405	2173.9201896926547	chick2	1.0
2175.0897712466326	2176.9719760318326	chick2	1.0
2176.3164936031467	2177.92113096748	chick3	1.0
2178.0938770195153	2179.5077066156205	chick2	1.0
2179.1682585793774	2180.6838689882943	chick3	1.0
2180.564709082947	2182.0082405288704	chick2	1.0
2181.2034388713664	2182.6972205876996	chick3	1.0
2183.6043657949253	2185.3106814169255	chick2	1.0
2184.9220398977777	2186.6246783549777	chick3	1.0
2186.6795740473126	2187.9630487865625	chick2	1.0
2188.47732398614	2189.883647322783	chick3	1.0
2189.7547822996994	2191.3667783926085	chick2	1.0
2192.133109807377	2193.800935463377	chick3	1.0
2192.954420943518	2194.707716368818	chick2	1.0
2195.9622355961687	2197.3190284005786	chick2	1.0
2196.0150277698363	2197.6300581491696	chick3	1.0
2198.6604431921787	2200.5426479773787	chick2	1.0
2199.1808637789295	2200.6465966703295	chick3	1.0
2201.824530896902	2203.2680623428255	chick2	1.0
2203.4019784577204	2204.8957601740535	chick3	1.0
2204.86418760888	2206.440942581698	chick2	1.0
2207.850517009244	2209.556832631244	chick2	1.0
2208.3768626155797	2210.0795010727797	chick3	1.0
2211.067931424268	2212.351406163518	chick2	1.0
2213.037676739578	2214.5532871484947	chick3	1.0
2213.680969649336	2215.292965742245	chick2	1.0
2216.7739536719278	2218.187783268033	chick2	1.0
2217.1959772111964	2218.602300547839	chick3	1.0
2218.835943020656	2220.589238445956	chick2	1.0
2221.47990609616	2223.14773175216	chick3	1.0
2222.1045287841844	2223.8108444061845	chick2	1.0
2224.9508085863345	2226.394340032258	chick2	1.0
2224.997500661817	2226.633761430117	chick3	1.0
2227.5993983528124	2229.1761533256304	chick2	1.0
2229.231178181843	2230.678649598843	chick3	1.0
2230.5501762127674	2231.8336509520173	chick2	1.0
2232.878802114563	2234.761006899763	chick2	1.0
2233.5025442255715	2235.107181589905	chick3	1.0
2236.4517319336774	2237.8655615297826	chick2	1.0
2238.276423921681	2239.979062378881	chick3	1.0
2238.5492728228146	2240.1612689157237	chick2	1.0
2241.535602224179	2243.288897649479	chick2	1.0
2243.61563047634	2245.2306608556732	chick3	1.0
2244.219743531066	2245.5032182703158	chick2	1.0
2246.708351966016	2248.414667588016	chick2	1.0
2247.434734233627	2249.1025598896267	chick3	1.0
2249.8724390694256	2251.315970515349	chick2	1.0
2251.9699199442807	2253.3762432809235	chick3	1.0
2253.3209384971087	2254.932934590018	chick2	1.0
2255.995311666793	2257.3478063192824	chick2	1.0
2257.371940706112	2258.226212063112	chick3	1.0
2259.7913188665652	2261.673523651765	chick2	1.0
2261.278984352041	2262.894014731374	chick3	1.0
2262.4043570926337	2263.6878318318836	chick2	1.0
2264.2815034240857	2265.728974841086	chick3	1.0
2264.875189156066	2266.451944128884	chick2	1.0
2267.598093527993	2269.2027308923266	chick3	1.0
2267.879294928948	2269.2931245250534	chick2	1.0
2270.5101089252216	2272.263404350522	chick2	1.0
2272.799108829073	2274.2054321657156	chick3	1.0
2273.7808506498586	2275.4871662718588	chick2	1.0
2276.5805240626564	2278.2167848309564	chick3	1.0
2277.122695456314	2278.5662269022373	chick2	1.0
2279.5402002091328	2281.152196302042	chick2	1.0
2280.889578630089	2282.3833603464223	chick3	1.0
2281.531086476042	2282.814561215292	chick2	1.0
2284.073021621293	2285.955226406493	chick2	1.0
2284.0805403216514	2285.5961507305683	chick3	1.0
2287.823709143453	2289.237538739558	chick2	1.0
2289.0428616372756	2290.4491849739184	chick3	1.0
2290.596729902676	2292.173484875494	chick2	1.0
2293.636386613654	2295.389682038954	chick2	1.0
2294.972522732958	2296.675161190158	chick3	1.0
2296.3560794619502	2297.6395542012	chick2	1.0
2298.862463065791	2300.4744591587	chick2	1.0
2298.9800691097626	2300.584706474096	chick3	1.0
2302.0443259394056	2303.7506415614057	chick2	1.0
2302.9876144865652	2304.453347377965	chick3	1.0
2305.4217222862703	2306.8652537321937	chick2	1.0
2306.6810898305075	2308.3489154865074	chick3	1.0
2308.7280155513163	2310.1418451474215	chick2	1.0
2309.897177204539	2311.390958920872	chick3	1.0
2311.4299326284076	2313.3121374136076	chick2	1.0
2314.0177891524536	2315.6540499207536	chick3	1.0
2314.5229172523127	2315.8063919915626	chick2	1.0
2316.727112762677	2318.339108855586	chick2	1.0
2317.6107617655202	2319.0582331825203	chick3	1.0
2319.5890117726094	2321.0028413687146	chick2	1.0
2321.6811179864876	2323.0874413231304	chick3	1.0
2322.2731530794968	2324.026448504797	chick2	1.0
2325.424844695368	2327.127483152568	chick3	1.0
2325.8638586688157	2327.4406136416337	chick2	1.0
2329.3123580954975	2331.1945628806975	chick2	1.0
2331.9609478619755	2333.404479307899	chick2	1.0
2333.3268718768663	2334.9419022561997	chick3	1.0
2334.645089168863	2336.351404790863	chick2	1.0
2337.2716030474967	2338.9394287034966	chick3	1.0
2337.6491915990027	2338.9326663382526	chick2	1.0
2339.640077866912	2341.2520739598212	chick2	1.0
2340.1359308649617	2341.740568229295	chick3	1.0
2341.8798249176853	2343.2936545137904	chick2	1.0
2344.017848827422	2345.483581718822	chick3	1.0
2344.937257398867	2346.6905528241673	chick2	1.0
2347.6359471239566	2349.151557532873	chick3	1.0
2347.9413625704365	2349.38489401636	chick2	1.0
2350.7143827283458	2352.420698350346	chick2	1.0
2352.522891392174	2354.225529849374	chick3	1.0
2353.2740936438013	2354.557568383051	chick2	1.0
2356.1715441941433	2357.5853737902485	chick2	1.0
2356.894760165779	2358.4993975301127	chick3	1.0
2358.784583020525	2360.666787805725	chick2	1.0
2360.173661746983	2361.8414874029827	chick3	1.0
2362.695252474526	2364.1387839204494	chick2	1.0
2364.7088474576362	2366.1563188746363	chick3	1.0
2365.6034858369762	2367.180240809794	chick2	1.0
2368.703462817664	2369.9869375569137	chick2	1.0
2369.9224222379435	2371.3287455745863	chick3	1.0
2371.174294881096	2372.786290974005	chick2	1.0
2373.728963152996	2375.194696044396	chick3	1.0
2374.018418120824	2375.4322477169294	chick2	1.0
2378.578219896512	2380.246045552512	chick3	1.0
2380.8087629552756	2382.5620583805758	chick2	1.0
2383.2139073390395	2384.7076890553726	chick3	1.0
2385.074216959303	2386.7805325813033	chick2	1.0
2387.977740893279	2389.4212723392025	chick2	1.0
2388.3772351154175	2389.892845524334	chick3	1.0
2390.491614429336	2392.103610522245	chick2	1.0
2393.1060429072763	2394.9882476924763	chick2	1.0
2394.6586557676665	2396.3612942248665	chick3	1.0
2396.2986622982894	2397.5821370375393	chick2	1.0
2398.6033869382964	2400.2184173176297	chick3	1.0
2398.7873970991254	2400.4937127211256	chick2	1.0
2401.854322136683	2403.2681517327883	chick2	1.0
2404.2441026845854	2405.9119283405853	chick3	1.0
2404.35562630513	2405.967622398039	chick2	1.0
2407.1711646648337	2408.924460090134	chick2	1.0
2407.610944153431	2409.0172674900737	chick3	1.0
2409.997884001985	2411.445355418985	chick3	1.0
2410.288367850185	2411.621472578685	chick2	1.0
2413.7541735521	2415.3904343204	chick3	1.0
2414.1471637275426	2415.4306384667925	chick2	1.0
2416.6358978520266	2418.5181026372265	chick2	1.0
2418.3144805842126	2419.8082623005457	chick3	1.0
2419.815947875429	2421.2594793213525	chick2	1.0
2423.25167721737	2424.71741010877	chick3	1.0
2423.498772606243	2425.2050882282433	chick2	1.0
2426.0629236127415	2427.3463983519914	chick2	1.0
2426.731584258326	2428.434222715526	chick3	1.0
2428.6773520906813	2430.2893481835904	chick2	1.0
2431.404960224557	2432.9205706334733	chick3	1.0
2431.8322633778625	2433.2460929739677	chick2	1.0
2434.5975235907727	2436.350819016073	chick2	1.0
2435.1235612509677	2436.738591630301	chick3	1.0
2438.0666690712123	2439.7729846932125	chick2	1.0
2440.0356322016564	2441.7382706588564	chick3	1.0
2441.7494938010254	2443.1930252469488	chick2	1.0
2443.5281020838465	2445.13273944818	chick3	1.0
2444.7410033092738	2446.3177582820917	chick2	1.0
2446.203987281795	2447.651458698795	chick3	1.0
2448.1598713182716	2450.0420761034716	chick2	1.0
2450.085904246252	2451.492227582895	chick3	1.0
2451.9055422107845	2453.3193718068896	chick2	1.0
2453.791942430429	2455.494580887629	chick3	1.0
2454.3439995411804	2455.9559956340895	chick2	1.0
2457.3732171522593	2459.1265125775594	chick2	1.0
2460.613565259761	2462.2813909157608	chick3	1.0
2460.8172238964776	2462.1006986357274	chick2	1.0
2463.5950541533502	2465.3013697753504	chick2	1.0
2464.0055314120727	2465.620561791406	chick3	1.0
2467.1144764278783	2468.5580078738017	chick2	1.0
2468.07589199505	2469.591502403967	chick3	1.0
2470.4202201273833	2471.9969751002013	chick2	1.0
2472.6487662304066	2474.14254794674	chick3	1.0
2473.4117296356317	2475.2939344208316	chick2	1.0
2476.579210291424	2477.993039887529	chick2	1.0
2478.9553115661224	2480.4210444575224	chick3	1.0
2479.4575954901798	2481.069591583089	chick2	1.0
2482.5119511601265	2484.2182667821266	chick2	1.0
2483.8045683096384	2485.210891646281	chick3	1.0
2485.8176948596315	2487.1011695988814	chick2	1.0
2488.758926897439	2490.370922990348	chick2	1.0
2490.601065455501	2492.268891111501	chick3	1.0
2492.1275174359953	2493.5413470321005	chick2	1.0
2494.880208957648	2496.633504382948	chick2	1.0
2498.475047437837	2500.181363059837	chick2	1.0
2500.1613833269444	2501.7976440952443	chick3	1.0
2502.13273343243	2503.5762648783534	chick2	1.0
2503.942798559528	2505.390269976528	chick3	1.0
2504.9105636903037	2506.2436684188037	chick2	1.0
2506.6312465997103	2508.2358839640438	chick3	1.0
2508.178599286978	2510.060804072178	chick2	1.0
2511.229245517534	2512.931883974734	chick3	1.0
2511.30837183994	2512.5918465791897	chick2	1.0
2513.985646478577	2515.597642571486	chick2	1.0
2514.1186990174688	2515.612480733802	chick3	1.0
2517.1531271343697	2518.85944275637	chick2	1.0
2519.055895650626	2520.521628542026	chick3	1.0
2520.7982437613528	2522.241775207276	chick2	1.0
2523.390075900528	2525.0579015565277	chick3	1.0
2524.0285712561968	2525.6053262290147	chick2	1.0
2527.4600086328046	2528.87383822891	chick2	1.0
2527.6111895803165	2529.0175129169593	chick3	1.0
2530.5520724055823	2532.4342771907823	chick2	1.0
2531.0031567326305	2532.4506281496306	chick3	1.0
2533.9583710469697	2535.401902492893	chick2	1.0
2535.337336982532	2536.973597750832	chick3	1.0
2536.924741818997	2538.536737911906	chick2	1.0
2539.596140185027	2541.2639658410267	chick3	1.0
2540.2179161518925	2541.9712115771927	chick2	1.0
2543.674492263721	2545.380807885721	chick2	1.0
2543.9303194359263	2545.4241011522595	chick3	1.0
2547.131067699197	2548.414542438447	chick2	1.0
2547.862488764324	2549.378099173241	chick3	1.0
2550.575074444416	2552.187070537325	chick2	1.0
2552.4228001574465	2553.8291234940893	chick3	1.0
2553.478598378392	2554.892427974497	chick2	1.0
2556.3192754743163	2558.2014802595163	chick2	1.0
2556.45547221672	2558.15811067392	chick3	1.0
2559.4490480262775	2560.892579472201	chick2	1.0
2561.706738882737	2563.2223492916537	chick3	1.0
2562.930762196974	2564.5075171697918	chick2	1.0
2565.6012196874317	2567.216250066765	chick3	1.0
2566.5256013545163	2568.2319169765165	chick2	1.0
2569.7720830002845	2571.376720364618	chick3	1.0
2570.862033204065	2572.145507943315	chick2	1.0
2573.5895859904967	2575.201582083406	chick2	1.0
2574.445458966516	2576.148097423716	chick3	1.0
2576.731927233716	2578.145756829821	chick2	1.0
2579.8223550448806	2581.2880879362806	chick3	1.0
2580.263919552206	2582.0172149775062	chick2	1.0
2584.0598685915124	2585.7661842135126	chick2	1.0
2584.7846773605065	2586.4525030165064	chick3	1.0
2587.390751027239	2588.834282473162	chick2	1.0
2589.734436834899	2591.370697603199	chick3	1.0
2590.8096190362367	2592.3863740090546	chick2	1.0
2594.294747229019	2595.742218646019	chick3	1.0
2594.3667494135952	2595.650224152845	chick2	1.0
2596.880622949652	2598.762827734852	chick2	1.0
2598.540987590279	2600.0347693066124	chick3	1.0
2600.425184635753	2602.037180728662	chick2	1.0
2603.8676323037057	2605.3333651951057	chick3	1.0
2604.0577318951255	2605.4715614912307	chick2	1.0
2607.438891801293	2608.771996529793	chick2	1.0
2607.5611066476463	2608.967429984289	chick3	1.0
2610.857759133938	2612.6110545592383	chick2	1.0
2611.304833356526	2612.972659012526	chick3	1.0
2615.58876224149	2617.203792620823	chick3	1.0
2616.048907985986	2617.3323827252357	chick2	1.0
2618.490778582659	2619.938249999659	chick3	1.0
2618.814168875249	2620.520484497249	chick2	1.0
2621.692554074004	2623.1360855199273	chick2	1.0
2622.988301667665	2624.5929390319984	chick3	1.0
2624.784617846782	2626.396613939691	chick2	1.0
2627.0084108857036	2628.7110493429036	chick3	1.0
2628.3166101652723	2629.7304397613775	chick2	1.0
2631.3081196735207	2633.1903244587206	chick2	1.0
2631.8953561529233	2633.5103865322567	chick3	1.0
2634.978375036724	2636.261849775974	chick2	1.0
2636.5037018461776	2638.0193122550945	chick3	1.0
2638.2841187362296	2639.8608737090476	chick2	1.0
2640.012593605968	2641.506375322301	chick3	1.0
2641.8915265840287	2643.644822009329	chick2	1.0
2644.1788473668284	2645.8151081351284	chick3	1.0
2645.536643211012	2647.242958833012	chick2	1.0
2648.8549562791277	2650.298487725051	chick2	1.0
2648.8718066288816	2650.5396322848815	chick3	1.0
2651.9632076080943	2653.369530944737	chick3	1.0
2652.135561243412	2653.7475573363213	chick2	1.0
2654.5488798385877	2655.962709434693	chick2	1.0
2655.37652102818	2656.82399244518	chick3	1.0
2657.1884463743945	2659.0706511595945	chick2	1.0
2659.2542308319507	2660.858868196284	chick3	1.0
2660.6450224872237	2661.9284972264736	chick2	1.0
2663.2468815965526	2664.9531972185528	chick2	1.0
2664.9430865320933	2666.6457249892933	chick3	1.0
2666.238391104801	2667.6819225507243	chick2	1.0
2669.6334900073134	2671.2485203866468	chick3	1.0
2669.795522158512	2671.37227713133	chick2	1.0
2672.7367535189665	2674.1505831150716	chick2	1.0
2673.6505187261896	2675.1162516175896	chick3	1.0
2675.8413873357067	2677.594682761007	chick2	1.0
2678.828538404279	2680.4963640602787	chick3	1.0
2679.360810286587	2680.644285025837	chick2	1.0
2681.987808132137	2683.6941237541373	chick2	1.0
2682.0793130900747	2683.573094806408	chick3	1.0
2685.5700779210683	2687.1820740139774	chick2	1.0
2685.6783850636343	2687.1939954725513	chick3	1.0
2688.611864223405	2690.0256938195103	chick2	1.0
2689.439995771484	2691.076256539784	chick3	1.0
2691.565665627822	2693.447870413022	chick2	1.0
2694.5251361728356	2696.2277746300356	chick3	1.0
2695.2987678290774	2696.7422992750007	chick2	1.0
2698.6170808971933	2700.1938358700113	chick2	1.0
2699.2851991056086	2700.7509319970086	chick3	1.0
2702.086226376632	2703.369701115882	chick2	1.0
2702.652072887325	2704.319898543325	chick3	1.0
2704.7006548545714	2706.3126509474805	chick2	1.0
2706.065386307411	2707.4717096440536	chick3	1.0
2708.572019423187	2710.3253148484873	chick2	1.0
2710.3610528564986	2712.0636913136987	chick3	1.0
2712.782757596633	2714.489073218633	chick2	1.0
2714.9121374166125	2716.527167795946	chick3	1.0
2716.1513481341894	2717.594879580113	chick2	1.0
2718.070032825671	2719.5175042426713	chick3	1.0
2719.545077407967	2721.157073500876	chick2	1.0
2721.5530057033097	2723.157643067643	chick3	1.0
2722.7125573874064	2724.5947621726064	chick2	1.0
2725.128857857685	2726.765118625985	chick3	1.0
2726.4330902210513	2727.8469198171565	chick2	1.0
2728.913688384719	2730.581514040719	chick3	1.0
2729.500015934961	2731.2533113602613	chick2	1.0
2733.070036018701	2734.476359355344	chick3	1.0
2733.233118136216	2734.939433758216	chick2	1.0
2736.8405259840156	2738.1240007232655	chick2	1.0
2737.31926292942	2738.8348733383364	chick3	1.0
2739.25384457819	2740.8658406710992	chick2	1.0
2742.61338170343	2744.2284120827635	chick3	1.0
2743.062362985107	2744.944567770307	chick2	1.0
2745.399760005541	2747.102398462741	chick3	1.0
2746.8457426578034	2748.2892741037267	chick2	1.0
2748.9523923407323	2750.557029705066	chick3	1.0
2750.038362048816	2751.615117021634	chick2	1.0
2752.9462012404238	2754.4119341318237	chick3	1.0
2753.7665534125836	2755.1803830086888	chick2	1.0
2757.2669153731513	2758.9732309951514	chick2	1.0
2757.4276263429856	2759.0954519989855	chick3	1.0
2760.7284724990577	2762.340468591967	chick2	1.0
2761.2356766892035	2762.7294584055367	chick3	1.0
2764.515276603237	2765.798751342487	chick2	1.0
2765.2527054080797	2766.70017682508	chick3	1.0
2767.744514458948	2769.497809884248	chick2	1.0
2769.734130510641	2771.140453847284	chick3	1.0
2771.461622782069	2773.167938404069	chick2	1.0
2773.890478144623	2775.593116601823	chick3	1.0
2775.335587676482	2776.7791191224055	chick2	1.0
2778.268577398784	2779.845332371602	chick2	1.0
2778.9523987267908	2780.2773909602906	chick3	1.0
2782.133513955034	2783.8013396110337	chick3	1.0
2782.171541138061	2784.053745923261	chick2	1.0
2786.3337837201298	2787.747613316235	chick2	1.0
2786.6845985151485	2788.289235879482	chick3	1.0
2789.931004762576	2791.543000855485	chick2	1.0
2791.189243436894	2792.7048538458102	chick3	1.0
2793.926896209931	2795.2103709491807	chick2	1.0
2795.322371251692	2796.958632019992	chick3	1.0
2798.480353905754	2800.233649331054	chick2	1.0
2799.176861236278	2800.642594127678	chick3	1.0
2802.661391660539	2804.238146633357	chick2	1.0
2803.1117688788195	2804.6055505951526	chick3	1.0
2805.914570551996	2807.796775337196	chick2	1.0
2809.283199969824	2810.7267314157475	chick2	1.0
2809.4168014965353	2811.084627152535	chick3	1.0
2812.535669752555	2814.147665845464	chick2	1.0
2814.107204971755	2815.513528308398	chick3	1.0
2816.2063142216366	2817.9126298436368	chick2	1.0
2817.9849147755253	2819.6875532327253	chick3	1.0
2819.78403098264	2821.06750572189	chick2	1.0
2821.491107472348	2823.006717881265	chick3	1.0
2823.1368909353423	2824.8901863606425	chick2	1.0
2826.5298082353315	2828.134445599665	chick3	1.0
2827.041712222136	2828.4555418182413	chick2	1.0
2830.3777897035347	2831.989785796444	chick2	1.0
2831.4283561170237	2833.043386496357	chick3	1.0
2834.0716660996363	2835.7779817216365	chick2	1.0
2835.8641755474027	2837.5668140046027	chick3	1.0
2837.9513979118938	2839.394929357817	chick2	1.0
2839.7186655319892	2841.1661369489893	chick3	1.0
2841.5291146728973	2842.812589412147	chick2	1.0
2844.780586114157	2846.416846882457	chick3	1.0
2844.8512802366868	2846.4280352095047	chick2	1.0
2848.0572861653786	2849.9394909505786	chick2	1.0
2849.4245499510084	2850.9183316673416	chick3	1.0
2851.681923584597	2853.095753180702	chick2	1.0
2854.2774921605182	2855.945317816518	chick3	1.0
2854.748081146996	2856.360077239905	chick2	1.0
2857.3889479312083	2858.795271267851	chick3	1.0
2858.047014783766	2859.800310209066	chick2	1.0
2861.8802827419845	2863.323814187908	chick2	1.0
2865.771302656725	2867.286913065642	chick3	1.0
2866.015565751456	2867.721881373456	chick2	1.0
2868.5809007780194	2870.0746824943526	chick3	1.0
2871.358908965942	2872.642383705192	chick2	1.0
2873.155205157318	2874.791465925618	chick3	1.0
2875.796207026668	2877.678411811868	chick2	1.0
2877.4276518872216	2879.032289251555	chick3	1.0
2881.094242604962	2882.508072201067	chick2	1.0
2881.67687879794	2883.37951725514	chick3	1.0
2884.763730856197	2886.375726949106	chick2	1.0
2886.599480465002	2888.065213356402	chick3	1.0
2888.1788241280647	2889.932119553365	chick2	1.0
2890.2217722577466	2891.5467644912464	chick3	1.0
2891.895932451185	2893.179407190435	chick2	1.0
2894.5676040584285	2896.1443590312465	chick2	1.0
2895.167593743993	2896.6613754603263	chick3	1.0
2897.959465403276	2899.841670188476	chick2	1.0
2898.1165107803936	2899.5639821973937	chick3	1.0
2901.785242211506	2903.3898795758396	chick3	1.0
2901.792733361495	2903.236264807418	chick2	1.0
2904.975507363167	2906.681822985167	chick2	1.0
2905.6397321960926	2907.3423706532926	chick3	1.0
2908.6229199052295	2910.2349159981386	chick2	1.0
2910.1443771178383	2911.550700454481	chick3	1.0
2912.354258673038	2913.7680882691434	chick2	1.0
2914.6258022203997	2916.1414126293166	chick3	1.0
2915.546034157042	2917.299329582342	chick2	1.0
2919.263142480163	2920.546617219413	chick2	1.0
2921.1737912303597	2922.6395241217597	chick3	1.0
2922.167133357601	2923.743888330419	chick2	1.0
2924.633544288814	2926.127326005147	chick3	1.0
2925.48929892139	2927.37150370659	chick2	1.0
2928.766672103611	2930.402932871911	chick3	1.0
2929.5742917187777	2931.017823164701	chick2	1.0
2932.691196297437	2934.397511919437	chick2	1.0
2934.2233296119116	2935.6708010289117	chick3	1.0
2936.437166471994	2937.850996068099	chick2	1.0
2938.162034570301	2939.5683579069437	chick3	1.0
2939.2658316439565	2940.8778277368656	chick2	1.0
2942.8378825292707	2944.5405209864707	chick3	1.0
2943.099099602175	2944.8523950274753	chick2	1.0
2947.1879187576083	2948.471393496858	chick2	1.0
2948.062341845728	2949.387334079228	chick3	1.0
2950.4636204673584	2952.1699360893585	chick2	1.0
2951.034478701313	2952.702304357313	chick3	1.0
2954.180728790479	2955.6242602364023	chick2	1.0
2955.9635450838186	2957.3698684204614	chick3	1.0
2957.3170389381125	2958.9290350310216	chick2	1.0
2960.740363120332	2962.255973529249	chick3	1.0
2960.917987626136	2962.800192411336	chick2	1.0
2964.504563150058	2965.918392746163	chick2	1.0
2964.803831477577	2966.2976131939104	chick3	1.0
2967.632014534773	2969.208769507591	chick2	1.0
2969.354916037691	2971.057554494891	chick3	1.0
2971.442050565972	2973.195345991272	chick2	1.0
2973.255845660646	2974.7033170776463	chick3	1.0
2975.4844058673657	2976.7678806066156	chick2	1.0
2977.8998094974977	2979.3061328341405	chick3	1.0
2978.4580925258624	2980.0700886187715	chick2	1.0
2981.7775193012685	2983.4453449572684	chick3	1.0
2982.3404952127016	2983.754324808807	chick2	1.0
2985.381206777675	2987.263411562875	chick2	1.0
2986.86265970262	2988.4672970669535	chick3	1.0
2989.284170516952	2990.7277019628755	chick2	1.0
2991.4369640819186	2992.9026969733186	chick3	1.0
2993.14067040219	2994.8469860241903	chick2	1.0
2994.82705768282	2996.15204991632	chick3	1.0
2996.90424257935	2998.516238672259	chick2	1.0
2997.7527549000365	2999.2683653089534	chick3	1.0
3000.691046683529	3001.9745214227787	chick2	1.0
3001.5608052462544	3003.0545869625876	chick3	1.0
3003.5485737069284	3005.3018691322286	chick2	1.0
3005.2991961349194	3006.9354569032193	chick3	1.0
3006.7545796356203	3008.1684092317255	chick2	1.0
3008.294552809689	3009.8991901740224	chick3	1.0
3017.371570283534	3018.948325256352	chick2	1.0
3020.953589705926	3022.2370644451757	chick2	1.0
3024.4108441704443	3026.1171597924445	chick2	1.0
3024.443452511231	3025.849775847874	chick3	1.0
3026.4292315925927	3028.0970572485926	chick3	1.0
3028.313807909721	3029.7573393556445	chick2	1.0
3029.79610537431	3031.4111357536435	chick3	1.0
3031.6824373275495	3033.2944334204585	chick2	1.0
3033.720254816449	3035.185987707849	chick3	1.0
3035.2601540885535	3037.0134495138536	chick2	1.0
3038.2713393765634	3039.9739778337635	chick3	1.0
3039.558060587162	3041.264376209162	chick2	1.0
3043.2287050562436	3044.5121797954935	chick2	1.0
3043.495798693021	3044.9021220296636	chick3	1.0
3046.3650152038767	3047.9417701766947	chick2	1.0
3047.675366146187	3049.122837563187	chick3	1.0
3050.0124277459395	3051.8946325311395	chick2	1.0
3052.574747994065	3054.1897783733984	chick3	1.0
3054.61419200401	3055.9904758184884	chick2	1.0
3056.011281233335	3057.679106889335	chick3	1.0
3057.7951232974733	3059.4071193903824	chick2	1.0
3060.4927063358964	3061.9864880522296	chick3	1.0
3061.1127174157323	3062.5562488616556	chick2	1.0
3064.300062862935	3066.0063784849353	chick2	1.0
3067.690850283016	3069.206460691933	chick3	1.0
3067.9939392590363	3069.277413998286	chick2	1.0
3071.2231771147476	3072.8351732076567	chick2	1.0
3072.0329564704716	3073.4392798071144	chick3	1.0
3075.172604708064	3076.925900133364	chick2	1.0
3077.327075244482	3078.9317126088154	chick3	1.0
3078.1442099463175	3079.5580395424226	chick2	1.0
3081.2826015141936	3083.1648062993936	chick2	1.0
3081.506642697648	3082.972375589048	chick3	1.0
3084.3859002764957	3085.879681992829	chick3	1.0
3084.6744628590413	3086.1179943049647	chick2	1.0
3087.973396495811	3089.550151468629	chick2	1.0
3091.1561704974833	3092.439645236733	chick2	1.0
3091.560824404431	3093.197085172731	chick3	1.0
3093.920769812805	3095.627085434805	chick2	1.0
3095.2992152930965	3096.7466867100966	chick3	1.0
3097.4055588657307	3098.819388461836	chick2	1.0
3099.3859034695256	3100.7922268061684	chick3	1.0
3100.565100940383	3102.1770970332923	chick2	1.0
3102.961755623901	3104.664394081101	chick3	1.0
3104.8630074389916	3106.616302864292	chick2	1.0
3108.8131500583336	3110.428180437667	chick3	1.0
3109.927567529244	3111.633883151244	chick2	1.0
3113.294575160895	3114.962400816895	chick3	1.0
3116.966841416154	3118.410372862077	chick2	1.0
3118.5190344773523	3120.0346448862692	chick3	1.0
3120.8698051554306	3122.4465601282486	chick2	1.0
3123.7505641058497	3125.164393701955	chick2	1.0
3126.0654757122356	3127.4717990488784	chick3	1.0
3126.422235713093	3128.304440498293	chick2	1.0
3129.339470217216	3131.042108674416	chick3	1.0
3130.5342867955455	3131.977818241469	chick2	1.0
3133.4958178511974	3134.9432892681975	chick3	1.0
3133.7635246512564	3135.4698402732565	chick2	1.0
3137.457401047358	3139.069397140267	chick2	1.0
3138.9060357211292	3140.5106730854627	chick3	1.0
3141.3371328596154	3142.6206075988653	chick2	1.0
3144.571671602088	3146.239497258088	chick3	1.0
3145.1007050367753	3146.8540004620754	chick2	1.0
3148.3764067465254	3150.0827223685255	chick2	1.0
3149.1924156197547	3150.6581485111546	chick3	1.0
3151.675340383295	3153.1188718292183	chick2	1.0
3153.4184227112896	3154.7434149447895	chick3	1.0
3154.6954908958305	3156.3074869887396	chick2	1.0
3157.9695072714035	3159.6373329274033	chick3	1.0
3158.180279948757	3160.062484733957	chick2	1.0
3161.800777436806	3163.2945591531393	chick3	1.0
3162.0573051998254	3163.4711347959305	chick2	1.0
3165.3821773248033	3166.9589322976212	chick2	1.0
3166.5608403695783	3168.076450778495	chick3	1.0
3169.215445283022	3170.4989200222717	chick2	1.0
3170.4849898117177	3171.8913131483605	chick3	1.0
3172.5143789197914	3174.2676743450916	chick2	1.0
3174.687777084068	3176.390415541268	chick3	1.0
3176.32441495099	3178.0307305729903	chick2	1.0
3178.774465260497	3180.3791026248305	chick3	1.0
3180.2041467632475	3181.647678209171	chick2	1.0
3183.20945072469	3184.67518361609	chick3	1.0
3183.526312327037	3185.138308419946	chick2	1.0
3187.319358720303	3188.987184376303	chick3	1.0
3189.5201494980693	3191.4023542832692	chick2	1.0
3192.659917132682	3193.984909366182	chick3	1.0
3193.1539194879683	3194.5677490840735	chick2	1.0
3196.3038721877647	3197.6369769162648	chick2	1.0
3197.071682777691	3198.519154194691	chick3	1.0
3199.626037751554	3200.909512490804	chick2	1.0
3202.0175042639376	3203.4238276005804	chick3	1.0
3202.3209412858173	3204.0272569078174	chick2	1.0
3205.968353827879	3207.4118852738025	chick2	1.0
3206.8704464734474	3208.5730849306474	chick3	1.0
3209.22082361061	3210.832819703519	chick2	1.0
3211.607289587035	3213.122899995952	chick3	1.0
3212.937931933731	3214.351761529836	chick2	1.0
3215.415339933253	3216.9091216495863	chick3	1.0
3216.167169789442	3217.9204652147423	chick2	1.0
3219.293049737024	3220.929310505324	chick3	1.0
3219.6751907693874	3221.2519457422054	chick2	1.0
3223.0205882601963	3224.9027930453963	chick2	1.0
3223.565496466927	3225.233322122927	chick3	1.0
3226.853856218415	3228.1373309576647	chick2	1.0
3228.882835060122	3230.289158396765	chick3	1.0
3229.7346151688334	3231.3466112617425	chick2	1.0
3232.8534241406296	3234.3008955576297	chick3	1.0
3233.289100002818	3234.995415624818	chick2	1.0
3237.7031661365236	3239.146697582447	chick2	1.0
3237.7528059885076	3239.357443352841	chick3	1.0
3241.2808828975276	3243.1630876827276	chick2	1.0
3242.3503301869905	3244.0529686441905	chick3	1.0
3247.296151673237	3248.621143906737	chick3	1.0
3249.804056918117	3251.2178865142223	chick2	1.0
3252.4277317129577	3254.032369077291	chick3	1.0
3253.3150210936315	3254.9270171865405	chick2	1.0
3257.3271135608356	3258.7928464522356	chick3	1.0
3260.3078311265026	3262.0611265518028	chick2	1.0
3262.2264954087136	3263.8943210647135	chick3	1.0
3263.467373201155	3264.750847940405	chick2	1.0
3265.58147855993	3267.28779418193	chick2	1.0
3267.17231689496	3268.6660986112934	chick3	1.0
3269.4147465181486	3270.858277964072	chick2	1.0
3272.048478923654	3273.751117380854	chick3	1.0
3272.7601440089575	3274.0932487374575	chick2	1.0
3276.1287734267858	3277.542603022891	chick2	1.0
3277.6212355278753	3279.1368459367923	chick3	1.0
3279.19538779336	3280.9486832186603	chick2	1.0
3281.313186778172	3282.719510114815	chick3	1.0
3282.0529148167598	3283.75923043876	chick2	1.0
3284.7710502780415	3286.0545250172913	chick2	1.0
3285.5856335080753	3287.2882719652753	chick3	1.0
3287.8376646446163	3289.4496607375254	chick2	1.0
3288.8828478322393	3290.487485196573	chick3	1.0
3290.9739747922495	3292.3878043883547	chick2	1.0
3292.5515792633523	3294.0173121547523	chick3	1.0
3294.481995772195	3296.364200557395	chick2	1.0
3298.245567949355	3299.6890993952784	chick2	1.0
3298.8673700814697	3300.1923623149696	chick3	1.0
3301.1727907538125	3302.7495457266305	chick2	1.0
3302.46644205503	3304.1342677110297	chick3	1.0
3304.2394051203873	3305.522879859637	chick2	1.0
3305.2528203571405	3306.7466020734737	chick3	1.0
3307.0737002167666	3308.6856963096757	chick2	1.0
3309.385948171938	3310.833419588938	chick3	1.0
3310.67464890479	3312.42794433009	chick2	1.0
3314.006692189605	3315.642952957905	chick3	1.0
3314.0897421766576	3315.796057798658	chick2	1.0
3317.7139227917005	3319.1277523878057	chick2	1.0
3317.8379623550068	3319.4425997193403	chick3	1.0
3321.105784136548	3322.987988921748	chick2	1.0
3323.1320811290175	3324.8347195862175	chick3	1.0
3325.194603291981	3326.6381347379042	chick2	1.0
3327.1955494862623	3328.7111598951788	chick3	1.0
3328.586464636829	3330.198460729738	chick2	1.0
3330.3766647145053	3331.782988051148	chick3	1.0
3332.117717543794	3333.824033165794	chick2	1.0
3335.2760465623833	3336.9786850195833	chick3	1.0
3336.2762324802857	3337.5597072195355	chick2	1.0
3339.775587392783	3341.108692121283	chick2	1.0
3340.2683076869985	3341.872945051332	chick3	1.0
3344.5896545381697	3346.4718593233697	chick2	1.0
3344.7961724279285	3346.2619053193284	chick3	1.0
3349.068619157831	3350.393611391331	chick3	1.0
3350.285084473047	3351.698914069152	chick2	1.0
3353.351698839622	3354.963694932531	chick2	1.0
3355.498778462484	3356.9925601788173	chick3	1.0
3356.7435601844695	3358.4498758064697	chick2	1.0
3361.041466683078	3362.4849981290013	chick2	1.0
3363.0490314042186	3364.4553547408614	chick3	1.0
3364.108081049653	3365.990285834853	chick2	1.0
3367.249737579104	3368.697208996104	chick3	1.0
3368.697208996104	3370.1407404420274	chick2	1.0
3372.0193745598935	3373.7256901818937	chick2	1.0
3375.6667871019563	3377.2787831948654	chick2	1.0
3377.346133603506	3378.752456940149	chick3	1.0
3379.2677357899797	3380.681565386085	chick2	1.0
3381.482666983064	3383.185305440264	chick3	1.0
3382.473741718671	3384.2270371439713	chick2	1.0
3384.687002030492	3386.180783746825	chick3	1.0
3386.330241603909	3388.0365572259093	chick2	1.0
3388.448612738341	3389.9642231472576	chick3	1.0
3390.3493649782836	3391.792896424207	chick2	1.0
3392.558520733954	3394.1735511132874	chick3	1.0
3393.7412263231313	3395.3532224160404	chick2	1.0
3396.970286378963	3398.638112034963	chick3	1.0
3397.411870792213	3399.294075577413	chick2	1.0
3401.614250215814	3403.250510984114	chick3	1.0
3403.250510984114	3404.6643405802192	chick2	1.0
3406.851459672137	3408.463455765046	chick2	1.0
3411.451381221999	3412.7348559612487	chick2	1.0
3412.832042581221	3414.325824297554	chick3	1.0
3414.70385100473	3416.41016662673	chick2	1.0
3417.444147418959	3419.080408187259	chick3	1.0
3420.720920102782	3422.1644515487055	chick2	1.0
3423.625053320961	3425.327691778161	chick3	1.0
3424.2754049367663	3425.8521599095843	chick2	1.0
3427.85312169777	3429.73532648297	chick2	1.0
3428.644739445699	3429.969731679199	chick3	1.0
3431.4893766848177	3433.1920151420177	chick3	1.0
3431.756085437047	3433.1699150331524	chick2	1.0
3434.1942762307367	3435.709886639653	chick3	1.0
3434.985323292758	3436.738618718058	chick2	1.0
3438.1648653112443	3439.8675037684443	chick3	1.0
3442.155207213162	3443.561530549805	chick3	1.0
3443.561530549805	3445.138285522623	chick2	1.0
3444.837522726059	3446.540161183259	chick3	1.0
3447.3614682807965	3448.7752978769017	chick2	1.0
3449.152396757435	3450.646178473768	chick3	1.0
3450.4381809475785	3452.1914763728787	chick2	1.0
3452.1800356234116	3453.8826740806117	chick3	1.0
3454.0895837887533	3455.5553166801533	chick3	1.0
3454.2714489057967	3455.8834449987057	chick2	1.0
3457.918861447859	3459.625177069859	chick2	1.0
3457.979940384348	3459.647766040348	chick3	1.0
3461.950529464856	3463.356852801499	chick3	1.0
3462.332927581565	3463.7764590274883	chick2	1.0
3465.2013041506516	3466.7169145595685	chick3	1.0
3466.468210591037	3468.080206683946	chick2	1.0
3474.1398375233457	3475.8424759805457	chick3	1.0
3475.8424759805457	3477.7246807657457	chick2	1.0
3478.9090903471206	3480.1925650863705	chick2	1.0
3480.881649874408	3482.287973211051	chick3	1.0
3481.673689662441	3483.28568575535	chick2	1.0
3484.9493913721917	3486.655706994192	chick2	1.0
3485.1540966043112	3486.6015680213113	chick3	1.0
3488.178629227903	3489.6221606738263	chick2	1.0
3489.7980604411623	3491.5006988983623	chick3	1.0
3490.757373127068	3492.090477855568	chick2	1.0
3493.118494584511	3494.443486818011	chick3	1.0
3493.2412825099545	3494.6551121060597	chick2	1.0
3495.6958945139636	3497.3637201699635	chick3	1.0
3496.031020560496	3497.913225345696	chick2	1.0
3499.480725040997	3501.0853624053307	chick3	1.0
3499.7713608106365	3501.3833569035455	chick2	1.0
3503.172676291294	3504.808937059594	chick3	1.0
3503.6743245499133	3504.957799289163	chick2	1.0
3506.5783154273513	3508.3316108526515	chick2	1.0
3506.980726637512	3508.446459528912	chick3	1.0
3509.782414547842	3511.1962441439473	chick2	1.0
3511.0209751755724	3512.5147568919056	chick3	1.0
3512.897399576657	3514.779604361857	chick2	1.0
3515.0147840752643	3516.530394484181	chick3	1.0
3516.846827169973	3518.2903586158964	chick2	1.0
3518.288778580245	3519.695101916888	chick3	1.0
3519.750818047411	3521.457133669411	chick2	1.0
3521.655652361962	3523.358290819162	chick3	1.0
3523.6770137137078	3525.289009806617	chick2	1.0
3526.996210774341	3528.6640364303407	chick3	1.0
3527.2314985476914	3528.5149732869413	chick2	1.0
3530.507200257442	3532.260495682742	chick2	1.0
3530.7810413013744	3532.2748230177076	chick3	1.0
3533.996367185972	3535.410196782077	chick2	1.0
3535.44822495741	3536.89569637441	chick3	1.0
3537.267691020118	3539.149895805318	chick2	1.0
3539.116956388523	3540.7532171568228	chick3	1.0
3541.2403505404536	3542.683881986377	chick2	1.0
3543.760920225374	3545.3655575897074	chick3	1.0
3544.608979958282	3545.942084686782	chick2	1.0
3547.8011687634344	3549.2669016548343	chick3	1.0
3547.9079135950515	3549.6142292170516	chick2	1.0
3552.3684435827968	3553.6519183220466	chick2	1.0
3552.6308911537594	3553.9558833872593	chick3	1.0
3555.644145292547	3557.256141385456	chick2	1.0
3557.298074809795	3558.9659004657947	chick3	1.0
3559.3404927560514	3560.7543223521566	chick2	1.0
3562.2206764768575	3563.736286885774	chick3	1.0
3563.078361938789	3564.831657364089	chick2	1.0
3566.075166461444	3567.568948177777	chick3	1.0
3567.678283488651	3569.384599110651	chick2	1.0
3570.7423501174794	3572.4449885746794	chick3	1.0
3571.418623738791	3572.8621551847145	chick2	1.0
3574.666499559619	3576.132232451019	chick3	1.0
3575.0195724268146	3576.6315685197237	chick2	1.0
3578.7764075552323	3580.182730891875	chick3	1.0
3578.9690000201304	3580.8512048053303	chick2	1.0
3583.6153854240315	3584.8988601632814	chick2	1.0
3583.722229041479	3585.169700458479	chick3	1.0
3586.9607829148404	3588.5375378876583	chick2	1.0
3587.367740653407	3588.9723780177405	chick3	1.0
3592.0813639478106	3593.7176247161105	chick3	1.0
3592.2576622752877	3594.010957700588	chick2	1.0
3596.5860088695567	3598.2538345255566	chick3	1.0
3597.833324759969	3599.2768562058923	chick2	1.0
3601.0442141529334	3602.5379958692665	chick3	1.0
3602.038303550499	3603.7446191724994	chick2	1.0
3606.6866302147077	3608.1523631061077	chick3	1.0
3606.917008224595	3608.529004317504	chick2	1.0
3611.4130523822646	3612.82688197837	chick2	1.0
3611.44669314748	3612.7716853809798	chick3	1.0
3614.397688724876	3616.279893510076	chick2	1.0
3616.206756080253	3617.8113934445864	chick3	1.0
3619.0208422017577	3620.464373647681	chick2	1.0
3619.6200695003386	3621.3227079575386	chick3	1.0
3622.5985589627617	3624.304874584762	chick2	1.0
3624.217593698821	3625.623917035464	chick3	1.0
3626.4085949939604	3627.6920697332102	chick2	1.0
3627.7934458531963	3629.3090562621132	chick3	1.0
3629.661064776691	3631.2730608696	chick2	1.0
3631.4621772843093	3632.9559590006425	chick3	1.0
3633.4478688808704	3635.2011643061705	chick2	1.0
3635.4095465456326	3636.8752794370325	chick3	1.0
3637.4902241822642	3639.066979155082	chick2	1.0
3640.169609478405	3641.837435134405	chick3	1.0
3642.022921018471	3643.4367506145763	chick2	1.0
3644.883232772809	3646.208225006309	chick3	1.0
3645.3890793688965	3647.2712841540965	chick2	1.0
3649.175883473076	3650.619414918999	chick2	1.0
3649.68973534395	3651.39237380115	chick3	1.0
3652.4980490368653	3654.2043646588654	chick2	1.0
3653.962182073853	3655.455963790186	chick3	1.0
3657.0515067326883	3658.6635028255973	chick2	1.0
3657.9559909735453	3659.4034623905454	chick3	1.0
3661.2564855232185	3662.5399602624684	chick2	1.0
3661.7872611389475	3663.1935844755903	chick3	1.0
3665.0591136739827	3666.3922184024827	chick2	1.0
3666.3151258798775	3667.7808587712775	chick3	1.0
3668.634140015214	3670.0479696113193	chick2	1.0
3671.260947366124	3672.897208134424	chick3	1.0
3672.0128677332495	3673.8950725184495	chick2	1.0
3675.8584715646066	3677.5262972206065	chick3	1.0
3675.8693676184876	3677.312899064411	chick2	1.0
3679.782621006746	3681.107613240246	chick3	1.0
3680.2369698981547	3681.2231508021546	chick2	1.0
3684.7284424929926	3686.1759139099927	chick3	1.0
3689.2563072339226	3690.860944598256	chick3	1.0
3690.860944598256	3692.144419337506	chick2	1.0
3693.241990774741	3694.8539868676503	chick2	1.0
3693.832038169029	3695.238361505672	chick3	1.0
3696.3562487424692	3697.7700783385744	chick2	1.0
3698.336683090775	3700.0045087467747	chick3	1.0
3699.851700354805	3701.2952318007283	chick2	1.0
3703.3986036729425	3705.0348644412425	chick3	1.0
3705.8616359264693	3707.145110665719	chick2	1.0
3708.158666605715	3709.674277014632	chick3	1.0
3710.7511204261164	3712.1649500222215	chick2	1.0
3711.9899367711173	3713.4837184874505	chick3	1.0
3714.6969017202687	3716.450197145569	chick2	1.0
3716.5410213312316	3718.2436597884316	chick3	1.0
3720.5552272171394	3721.8387019563893	chick2	1.0
3722.5045552907013	3723.9702881821013	chick3	1.0
3725.10533879031	3726.548870236233	chick2	1.0
3727.3382372519104	3728.744560588553	chick3	1.0
3729.123928399382	3730.830244021382	chick2	1.0
3731.982201088762	3733.650026744762	chick3	1.0
3734.304648124731	3735.7481795706544	chick2	1.0
3735.0704370402677	3736.564218756601	chick3	1.0
3737.7124145734265	3739.3244106663356	chick2	1.0
3740.6664134636735	3742.1138848806736	chick3	1.0
3741.5460721888107	3742.959901784916	chick2	1.0
3745.496135853999	3747.132396622299	chick3	1.0
3747.0589760584394	3748.9411808436394	chick2	1.0
3750.952793362299	3752.620619018299	chick3	1.0
3752.2551734527747	3753.698704898698	chick2	1.0
3755.9970230815175	3757.4627559729174	chick3	1.0
3756.905839966827	3758.189314706077	chick2	1.0
3760.1710615784486	3761.4960538119485	chick3	1.0
3760.1850148244603	3761.8913304464604	chick2	1.0
3764.007532706639	3765.421362302744	chick2	1.0
3764.420288489168	3766.122926946368	chick3	1.0
3767.3886926118053	3769.0006887047143	chick2	1.0
3770.0394847317575	3771.555095140674	chick3	1.0
3771.9010956098987	3773.1845703491485	chick2	1.0
3774.520909834319	3775.9272331709617	chick3	1.0
3774.7794812809	3776.5327767062004	chick2	1.0
3778.446774838841	3780.083035607141	chick3	1.0
3778.71369336492	3780.290448337738	chick2	1.0
3782.6150512168942	3784.0288808129994	chick2	1.0
3783.082454265843	3784.750279921843	chick3	1.0
3786.6926435537157	3788.5748483389157	chick2	1.0
3788.6729077750156	3790.1666894913487	chick3	1.0
3790.704869217656	3792.148400663579	chick2	1.0
3791.726795849853	3793.174267266853	chick3	1.0
3796.3338932668107	3797.6173680060606	chick2	1.0
3796.9512551663106	3798.555892530644	chick3	1.0
3800.7247274734973	3802.3014824463153	chick2	1.0
3802.9187486966644	3804.6213871538644	chick3	1.0
3806.869076527731	3808.2829061238363	chick2	1.0
3808.328966566596	3809.8445769755126	chick3	1.0
3810.970007289099	3812.7233027143993	chick2	1.0
3812.972930403447	3814.297922636947	chick3	1.0
3816.011335452332	3817.2948101915817	chick2	1.0
3817.1989374949817	3818.6646703863817	chick3	1.0
3819.240573308043	3820.9468889300433	chick2	1.0
3821.6126106244164	3823.2804362804163	chick3	1.0
3824.1519575611205	3825.595489007044	chick2	1.0
3825.8831498698933	3827.3769315862264	chick3	1.0
3829.1671352656253	3830.7791313585344	chick2	1.0
3829.644760577743	3831.092231994743	chick3	1.0
3833.120696298097	3834.534525894202	chick2	1.0
3835.078198266859	3836.714459035159	chick3	1.0
3837.036229404984	3838.918434190184	chick2	1.0
3839.2809855392093	3840.8856229035428	chick3	1.0
3841.636150954846	3842.919625694096	chick2	1.0
3842.3924413099	3843.8581742013	chick3	1.0
3846.311753254302	3847.88850822712	chick2	1.0
3846.688107858987	3848.3907463161872	chick3	1.0
3850.267765246693	3851.6815948427984	chick2	1.0
3850.808596042963	3852.214919379606	chick3	1.0
3853.7905274966683	3855.5438229219685	chick2	1.0
3854.095230178765	3855.763055834765	chick3	1.0
3858.4373363662207	3859.7623285997206	chick3	1.0
3858.874240803319	3860.3177722492424	chick2	1.0
3863.661795682678	3865.177406091595	chick3	1.0
3863.706481623377	3865.412797245377	chick2	1.0
3868.306403173239	3869.5898779124886	chick2	1.0
3869.188112648531	3870.890751105731	chick3	1.0
3871.4194813938525	3873.0314774867616	chick2	1.0
3874.4125719649887	3876.0803976209886	chick3	1.0
3875.8015598493303	3877.2153894454354	chick2	1.0
3879.573887777699	3881.456092562899	chick2	1.0
3880.751582602291	3882.387843370591	chick3	1.0
3883.592498739904	3885.0360301858273	chick2	1.0
3884.8614905979043	3886.3089620149044	chick3	1.0
3887.821221869623	3889.397976842441	chick2	1.0
3888.5766616673855	3890.0704433837186	chick3	1.0
3891.8403452439975	3893.1238199832474	chick2	1.0
3894.3583966442648	3895.8241295356647	chick3	1.0
3895.371598150962	3897.1248935762624	chick2	1.0
3897.8645893410876	3899.469226705421	chick3	1.0
3899.6123782361224	3901.0262078322276	chick2	1.0
3901.417221676279	3903.119860133479	chick3	1.0
3902.852278651243	3904.464274744152	chick2	1.0
3906.6390827554224	3908.3453983774225	chick2	1.0
3906.9203188229476	3908.435929231864	chick3	1.0
3910.7279019108555	3912.171433356779	chick2	1.0
3912.144778139405	3913.5511014760477	chick3	1.0
3914.239815687592	3916.122020472792	chick2	1.0
3916.904841072178	3918.572666728178	chick3	1.0
3918.371205900273	3919.6546806395227	chick2	1.0
3921.6004437559836	3923.1771987288016	chick2	1.0
3922.1293003886353	3923.7655611569353	chick3	1.0
3925.3470686899295	3926.7608982860347	chick2	1.0
3927.539518258567	3928.986989675567	chick3	1.0
3929.3831393075184	3931.1364347328185	chick2	1.0
3932.0209433611285	3933.5147250774617	chick3	1.0
3933.54165424401	3935.24796986601	chick2	1.0
3936.688127017164	3938.390765474364	chick3	1.0
3938.327431210028	3939.7709626559513	chick2	1.0
3941.881916044012	3943.493912136921	chick2	1.0
3942.2608836213853	3943.585875854885	chick3	1.0
3946.2369489560688	3947.650778552174	chick2	1.0
3947.2299249268162	3948.695657818216	chick3	1.0
3949.9898585738197	3951.8720633590196	chick2	1.0
3952.918780626959	3954.4343910358757	chick3	1.0
3954.287765072428	3955.7312965183514	chick2	1.0
3957.795786052374	3959.372541025192	chick2	1.0
3958.3057786777063	3959.712102014349	chick3	1.0
3961.814909426748	3963.0983841659977	chick2	1.0
3962.624665045978	3964.327303503178	chick3	1.0
3964.927987647362	3966.634303269362	chick2	1.0
3968.2670811077523	3969.592073341252	chick3	1.0
3968.8899846082877	3970.303814204393	chick2	1.0
3972.757147052935	3974.369143145844	chick2	1.0
3973.2129025939985	3974.8807282499984	chick3	1.0
3976.1025445437435	3977.3860192829934	chick2	1.0
3976.7887547483742	3978.2825364647074	chick3	1.0
3978.9368396401233	3980.819044425323	chick2	1.0
3983.3044419197904	3984.7479733657137	chick2	1.0
3983.7314806844665	3985.3677414527665	chick3	1.0
3986.9518544618527	3988.658170083853	chick2	1.0
3987.5163112115006	3988.9637826285007	chick3	1.0
3990.9477459092077	3992.361575505313	chick2	1.0
3993.1355074540907	3994.740144818424	chick3	1.0
3993.758809078568	3995.370805171477	chick2	1.0
3997.731468598903	3999.014943338153	chick2	1.0
3998.5225055048377	3999.9882383962376	chick3	1.0
4000.9839383816343	4002.7372338069345	chick2	1.0
4003.886283736401	4005.501314115734	chick3	1.0
4005.5141641504374	4007.2204797724376	chick2	1.0
4009.1383447654807	4010.581876211404	chick2	1.0
4009.3661610638856	4011.0339867198854	chick3	1.0
4012.414046475231	4013.990801448049	chick2	1.0
4014.4513014652375	4015.966911874154	chick3	1.0
4016.1142075551375	4017.5280371512426	chick2	1.0
4018.421890545745	4019.828213882388	chick3	1.0
4019.313928800024	4021.196133585224	chick2	1.0
4023.9138503498857	4025.1973250891356	chick2	1.0
4024.017866969151	4025.720505426351	chick3	1.0
4027.096624351558	4028.708620444467	chick2	1.0
4030.217558691347	4031.8221960556803	chick3	1.0
4031.0692838718937	4032.8225792971934	chick2	1.0
4035.3259189118835	4036.7916518032835	chick3	1.0
4035.3439584434827	4036.6274331827326	chick2	1.0
4038.7358197883304	4040.4421354103306	chick2	1.0
4042.849140327583	4044.255463664226	chick3	1.0
4043.0569582139588	4044.500489659882	chick2	1.0
4046.2160141093	4047.5218472863	chick3	1.0
4047.5218472863	4049.133843379208	chick2	1.0
4052.470247741454	4054.223543166754	chick2	1.0
4056.442907261789	4057.726382001039	chick2	1.0
4056.857764700791	4058.3515464171246	chick3	1.0
4059.974160168754	4061.5509151415713	chick2	1.0
4060.966638356174	4062.414109773175	chick3	1.0
4063.8306600539922	4065.5369756759915	chick2	1.0
4064.3102923187066	4065.9149296830396	chick3	1.0
4068.058870771543	4069.5024022174653	chick2	1.0
4070.3706651257976	4072.0733035829976	chick3	1.0
4071.7527471676435	4073.3647432605535	chick2	1.0
4074.9449695050967	4076.5599998844295	chick3	1.0
4075.5860151258616	4076.9998447219673	chick2	1.0
4078.6601405745764	4080.327966230577	chick3	1.0
4080.0000812595677	4081.753376684868	chick2	1.0
4082.6869151976293	4084.2915525619624	chick3	1.0
4084.623234736449	4085.906709475699	chick2	1.0
4087.390792587859	4088.856525479259	chick3	1.0
4087.5272256138883	4089.2335412358875	chick2	1.0
4091.3604935721064	4092.804025018029	chick2	1.0
4091.8489978712346	4093.255321207878	chick3	1.0
4094.8917464790698	4096.50374257198	chick2	1.0
4098.0951292318005	4099.610739640717	chick3	1.0
4098.841174072388	4100.723378857587	chick2	1.0
4102.352620961585	4103.76645055769	chick2	1.0
4103.064170537231	4104.679200916566	chick3	1.0
4105.601664835063	4107.17841980788	chick2	1.0
4107.63847491653	4109.132256632864	chick3	1.0
4109.9460351877115	4111.229509926961	chick2	1.0
4112.027020742355	4113.729659199555	chick3	1.0
4113.105577262364	4114.717573355272	chick2	1.0
4116.427742826152	4118.134058448153	chick2	1.0
4119.2716043278415	4120.8762416921745	chick3	1.0
4120.655953543703	4122.099484989627	chick2	1.0
4124.233670304708	4126.115875089907	chick2	1.0
4124.310305090825	4125.776037982225	chick3	1.0
4128.9310491084925	4130.378520525492	chick3	1.0
4128.996215343706	4130.279690082956	chick2	1.0
4134.0161895098445	4135.422512846488	chick3	1.0
4137.257755955843	4138.444941885844	chick2	1.0
4140.331980327961	4141.968241096261	chick3	1.0
4141.123281247887	4142.537110843992	chick2	1.0
4144.491910665716	4146.198226287715	chick2	1.0
4146.485232411789	4148.089869776122	chick3	1.0
4147.9040103807565	4149.347541826679	chick2	1.0
4150.200403481271	4151.868229137272	chick3	1.0
4150.276660493573	4151.85341546639	chick2	1.0
4153.343274860146	4155.225479645347	chick2	1.0
4155.9356988197815	4157.260691053281	chick3	1.0
4157.548253650677	4158.831728389927	chick2	1.0
4160.638099944272	4162.250096037182	chick2	1.0
4160.927959944396	4162.630598401596	chick3	1.0
4165.44710883731	4167.1534244593095	chick2	1.0
4166.640035463724	4168.133817180058	chick3	1.0
4169.863081779216	4171.276911375322	chick2	1.0
4171.864494780182	4173.380105189099	chick3	1.0
4174.089385688565	4175.842681113865	chick2	1.0
4176.6709973513225	4178.077320687966	chick3	1.0
4178.7115315110605	4180.464826936361	chick2	1.0
4181.500719741649	4183.136980509949	chick3	1.0
4183.033677591075	4184.3171523303245	chick2	1.0
4185.960900395532	4187.843105180733	chick2	1.0
4188.280906943452	4189.885544307785	chick3	1.0
4190.723445434531	4192.335441527441	chick2	1.0
4194.905192298042	4196.611507920043	chick2	1.0
4197.104438233468	4198.598219949801	chick3	1.0
4198.598219949801	4200.012049545907	chick2	1.0
4201.762075665567	4203.468391287566	chick2	1.0
4205.4791839886875	4206.922715434612	chick2	1.0
4205.646900074278	4206.971892307778	chick3	1.0
4208.526157653127	4210.1939833091255	chick3	1.0
4209.521539290081	4211.133535382991	chick2	1.0
4212.752164744661	4214.356802108994	chick3	1.0
4213.568336857652	4214.851811596902	chick2	1.0
4217.512227677433	4218.959699094434	chick3	1.0
4219.337981859924	4220.75181145603	chick2	1.0
4221.80789422652	4223.444154994821	chick3	1.0
4222.345563004848	4224.0988584301485	chick2	1.0
4225.807120130754	4227.090594870004	chick2	1.0
4228.130312832705	4229.836628454706	chick2	1.0
4230.964607929085	4232.408139375009	chick2	1.0
4231.583438103093	4232.989761439736	chick3	1.0
4233.822134952485	4235.434131045393	chick2	1.0
4236.018423567286	4237.721062024486	chick3	1.0
4236.8636105838395	4238.277440179945	chick2	1.0
4239.1190143129315	4241.001219098131	chick2	1.0
4242.046237117389	4243.329711856639	chick2	1.0
4244.237594943244	4245.8143499160615	chick2	1.0
4245.561769252015	4247.176799631348	chick3	1.0
4246.940008994456	4248.353838590561	chick2	1.0
4249.178438712377	4250.931734137677	chick2	1.0
4249.6020177900755	4251.067750681475	chick3	1.0
4252.221821151932	4253.928136773933	chick2	1.0
4255.427827080624	4256.871358526547	chick2	1.0
4256.800161737194	4258.467987393195	chick3	1.0
4258.215658322964	4259.827654415874	chick2	1.0
4260.631778732994	4261.915253472243	chick2	1.0
4261.838862500179	4263.245185836822	chick3	1.0
4263.256986486198	4265.139191271397	chick2	1.0
4266.523084785775	4267.93691438188	chick2	1.0
4268.201092956664	4269.7167033655805	chick3	1.0
4269.343751365308	4270.920506338127	chick2	1.0
4272.442567441705	4273.856397037811	chick2	1.0
4274.454775309599	4276.2080707349	chick2	1.0
4277.187162980972	4278.512155214472	chick3	1.0
4278.078955924642	4279.522487370565	chick2	1.0
4281.192034145257	4282.804030238165	chick2	1.0
4281.947225913744	4283.649864370944	chick3	1.0
4284.25864851183	4285.964964133831	chick2	1.0
4287.53435022158	4288.81782496083	chick2	1.0
4288.100477997572	4289.705115361905	chick3	1.0
4289.996934485649	4291.879139270848	chick2	1.0
4293.528187392612	4294.971718838537	chick2	1.0
4295.414721040612	4296.880453932012	chick3	1.0
4297.268527642755	4298.845282615572	chick2	1.0
4300.146144275783	4301.559973871888	chick2	1.0
4302.49676589181	4304.111796271145	chick3	1.0
4303.239132886767	4304.992428312067	chick2	1.0
4306.235156780476	4307.902982436475	chick3	1.0
4307.351183969218	4309.057499591219	chick2	1.0
4310.600482787117	4312.215513166449	chick3	1.0
4311.672322394847	4312.955797134096	chick2	1.0
4314.622777126324	4316.234773219234	chick2	1.0
4318.200493887329	4320.082698672528	chick2	1.0
4319.67943208816	4321.38207054536	chick3	1.0
4321.664902217839	4323.078731813945	chick2	1.0
4323.975098637247	4325.422570054248	chick3	1.0
4325.14684006616	4326.590371512084	chick2	1.0
4329.096267659475	4330.8025832814765	chick2	1.0
4329.743296419105	4331.149619755748	chick3	1.0
4332.999231398753	4334.282706138003	chick2	1.0
4335.538568591006	4337.174829359306	chick3	1.0
4335.787062641093	4337.399058734003	chick2	1.0
4339.457707110176	4341.211002535476	chick2	1.0
4341.7150404940185	4343.382866150019	chick3	1.0
4343.193669484712	4344.607499080817	chick2	1.0
4346.241429799871	4347.818184772688	chick2	1.0
4348.797085345217	4350.262818236617	chick3	1.0
4350.704100539282	4352.586305324483	chick2	1.0
4353.954429570347	4355.397961016271	chick2	1.0
4354.4395014069905	4356.1421398641905	chick3	1.0
4357.415986696253	4359.122302318254	chick2	1.0
4360.685632767558	4362.201243176474	chick3	1.0
4365.4310015179835	4366.714476257233	chick2	1.0
4370.007691140825	4371.760986566125	chick2	1.0
4373.110134911558	4374.516458248201	chick3	1.0
4377.510604712326	4378.924434308432	chick2	1.0
4381.019624548071	4382.90182933327	chick2	1.0
4381.258392564807	4382.583384798307	chick3	1.0
4384.067990686102	4385.735816342103	chick3	1.0
4386.095482838153	4387.539014284075	chick2	1.0
4389.571087832772	4391.175725197105	chick3	1.0
4390.196235720776	4391.772990693593	chick2	1.0
4392.845082337752	4394.292553754751	chick3	1.0
4393.773952481779	4395.057427221029	chick2	1.0
4396.188736300284	4397.682518016618	chick3	1.0
4397.433052958877	4399.045049051785	chick2	1.0
4400.716601041215	4402.352861809515	chick3	1.0
4407.225238226074	4408.668769671996	chick2	1.0
4412.968791884437	4414.5455468572545	chick2	1.0
4413.533941230924	4414.999674122324	chick3	1.0
4416.94725465101	4418.441036367343	chick3	1.0
4419.352304130254	4421.234508915455	chick2	1.0
4423.309485107495	4425.012123564695	chick3	1.0
4424.385440801481	4425.799270397587	chick2	1.0
4427.303294007188	4428.8189044161045	chick3	1.0
4428.0875086895885	4429.699504782497	chick2	1.0
4431.157783991774	4432.772814371108	chick3	1.0
4432.129863990982	4433.836179612983	chick2	1.0
4435.559890239627	4437.16452760396	chick3	1.0
4436.822713248923	4438.266244694847	chick2	1.0
4440.725676988201	4442.6078817734	chick2	1.0
4443.766145808824	4445.468784266024	chick3	1.0
4445.372062392102	4446.655537131352	chick2	1.0
4448.74069180993	4450.352687902838	chick2	1.0
4448.851286210178	4450.257609546821	chick3	1.0
4452.759815184303	4454.513110609603	chick2	1.0
4454.075745526634	4455.743571182635	chick3	1.0
4458.155668726431	4459.569498322537	chick2	1.0
4460.020019237805	4461.635049617138	chick3	1.0
4462.191977554223	4463.76873252704	chick2	1.0
4465.01228036242	4466.47801325382	chick3	1.0
4466.466652125811	4467.910183571736	chick2	1.0
4470.276688157011	4471.983003779011	chick2	1.0
4473.829670696705	4475.113145435955	chick2	1.0
4475.089681888387	4476.49600522503	chick3	1.0
4477.31596204392	4478.92795813683	chick2	1.0
4480.870446877905	4482.623742303205	chick2	1.0
4481.33581324895	4483.03845170615	chick3	1.0
4484.898326003487	4486.312155599593	chick2	1.0
4488.420823159244	4490.127138781245	chick2	1.0
4488.47447092079	4489.968252637123	chick3	1.0
4492.509642314677	4493.793117053927	chick2	1.0
4494.14030133179	4495.776562100091	chick3	1.0
4496.366142199915	4497.978138292825	chick2	1.0
4500.826672187661	4502.70887697286	chick2	1.0
4502.670453990306	4504.275091354639	chick3	1.0
4505.5195214456	4506.963052891524	chick2	1.0
4507.690308023082	4509.156040914482	chick3	1.0
4509.7012683091125	4511.27802328193	chick2	1.0
4511.112662569187	4512.60644428552	chick3	1.0
4514.238297033042	4515.685768450043	chick3	1.0
4514.370885640032	4516.124181065332	chick2	1.0
4518.400649437273	4519.814479033379	chick2	1.0
4521.018484234846	4522.721122692046	chick3	1.0
4523.199017907444	4524.811014000354	chick2	1.0
4526.162916186435	4527.569239523078	chick3	1.0
4527.961562946442	4529.667878568442	chick2	1.0
4531.583501963682	4533.251327619682	chick3	1.0
4534.048327825552	4535.491859271477	chick2	1.0
4537.231101827225	4539.113306612426	chick2	1.0
4537.342017121377	4538.957047500711	chick3	1.0
4541.428705297805	4542.894438189205	chick3	1.0
4542.527981187672	4543.811455926922	chick2	1.0
4546.152161802716	4547.728916775533	chick2	1.0
4546.489552890735	4547.983334607068	chick3	1.0
4551.157809536009	4552.860447993209	chick3	1.0
4552.95911641943	4554.71241184473	chick2	1.0
4557.1897195163565	4558.603549112462	chick2	1.0
4558.843569685998	4560.448207050331	chick3	1.0
4560.857971606061	4562.564287228062	chick2	1.0
4563.417874065297	4565.054134833597	chick3	1.0
4565.783140134197	4567.226671580122	chick2	1.0
4568.595893743386	4570.263719399385	chick3	1.0
4569.364865949263	4570.976862042173	chick2	1.0
4572.88886022185	4574.1723349611	chick2	1.0
4573.773913421475	4575.180236758119	chick3	1.0
4576.376898855093	4578.259103640292	chick2	1.0
4580.008993070573	4581.474725961973	chick3	1.0
