802.8125590124515	804.435848775981	BBF8	1.0
806.2044191188726	807.9199694122476	BBF8	1.0
810.2467729443335	811.6245361271336	BBF8	1.0
811.5147484579314	813.6105039780223	BBF9	1.0
813.499241539532	815.2545437097139	BBF8	1.0
815.335817415191	817.2261503457623	BBF9	1.0
817.4486676908443	819.2188184122193	BBF8	1.0
818.7798069210643	820.3882655933143	BBF9	1.0
821.1425427382483	822.9337911804982	BBF8	1.0
822.8899699106096	824.345359600143	BBF9	1.0
824.9293454598007	826.5526352233302	BBF8	1.0
826.2711128889431	828.0852415715431	BBF9	1.0
828.8090758555016	830.2695801062289	BBF8	1.0
829.8407957290401	831.4106436101939	BBF9	1.0
832.3635593916828	834.0157899428494	BBF8	1.0
833.4733250996783	835.5483264572338	BBF9	1.0
836.4059132171436	837.9510649882865	BBF8	1.0
837.7531734401398	839.3616321123898	BBF9	1.0
840.1099381259345	841.52595747148	BBF8	1.0
840.4304355709629	841.4307099849628	BBF9	1.0
841.8570514996879	843.7473844302593	BBF9	1.0
842.9573142446147	844.7126164147966	BBF8	1.0
845.3324645479751	847.2046609653751	BBF9	1.0
846.6511892920186	848.3667395853936	BBF8	1.0
848.6821845371805	850.757185894736	BBF9	1.0
850.4612239321083	851.8389871149084	BBF8	1.0
852.8551937791235	854.6693224617235	BBF9	1.0
853.6207648531581	855.2440546166875	BBF8	1.0
855.727280149422	857.8230356695128	BBF9	1.0
856.9196972854307	858.6898480068057	BBF8	1.0
859.8940047385108	861.7843376690822	BBF9	1.0
860.7297319255204	862.5209803677703	BBF8	1.0
863.5705266781268	865.1789853503768	BBF9	1.0
864.7256219139069	866.1861261646342	BBF8	1.0
867.2596176473082	869.0737463299082	BBF9	1.0
869.2790779471846	870.9023677107141	BBF8	1.0
870.6470455546383	872.1024352441717	BBF9	1.0
872.6244742165317	874.3400245099067	BBF8	1.0
873.7328101229742	875.8078114805297	BBF9	1.0
876.9920749015124	878.3698380843125	BBF8	1.0
877.5978713730689	879.1677192542227	BBF9	1.0
880.8784601818807	882.768793112452	BBF9	1.0
883.8010426400847	885.4532731912514	BBF8	1.0
884.1967566296729	885.8052153019229	BBF9	1.0
885.4949570861025	887.0401088572454	BBF8	1.0
887.8921325288514	889.7062612114514	BBF9	1.0
887.9740711860549	889.3900905316003	BBF8	1.0
890.6292110828086	892.3845132529905	BBF8	1.0
891.8079782077364	893.8829795652919	BBF9	1.0
893.9281435150813	895.6982942364563	BBF8	1.0
895.0698146834729	896.5763946014016	BBF9	1.0
897.3200036215025	899.0355539148775	BBF8	1.0
898.6427269064592	900.5330598370306	BBF9	1.0
900.9674148318321	902.5907045953616	BBF8	1.0
901.5490510276344	903.6448065477252	BBF9	1.0
904.2895791826419	906.0808276248919	BBF8	1.0
906.1174013265914	907.7258599988414	BBF9	1.0
908.0531499856572	909.5136542363845	BBF8	1.0
910.0902664104643	911.9043950930643	BBF9	1.0
911.2591547437814	913.0144569139633	BBF8	1.0
913.1654595179252	915.0376559353252	BBF9	1.0
915.417668161928	916.7954313447281	BBF8	1.0
916.6406053311925	918.715606688748	BBF9	1.0
918.6236729200521	920.1688246911949	BBF8	1.0
920.5068163180954	921.9622060076288	BBF9	1.0
922.1084607006218	923.7606912517884	BBF8	1.0
923.795317618496	925.6856505490674	BBF9	1.0
925.3841612143574	927.0997115077324	BBF8	1.0
927.4748839374519	929.0833426097018	BBF9	1.0
929.3272759462279	930.7432952917734	BBF8	1.0
932.3305048569597	933.9537946204891	BBF8	1.0
932.4965141452802	934.3106428278802	BBF9	1.0
935.7920607189923	937.5833091612423	BBF8	1.0
936.6293603731075	938.704361730663	BBF9	1.0
939.9106796689058	941.371183919633	BBF8	1.0
940.7266550805316	942.616988011103	BBF9	1.0
942.9242597098917	944.6795618800735	BBF8	1.0
944.3262308275102	946.4219863476011	BBF9	1.0
946.9201496982784	948.6903004196533	BBF8	1.0
948.8945812825478	950.7087099651478	BBF9	1.0
950.4746332344594	952.0197850056022	BBF8	1.0
952.9474367823173	954.5558954545672	BBF9	1.0
954.098812526252	955.4765757090521	BBF8	1.0
956.8580869768746	958.9330883344301	BBF9	1.0
957.2118896102276	958.835179373757	BBF8	1.0
960.4411262868889	962.2323747291389	BBF8	1.0
960.7154101234471	962.2219900413758	BBF9	1.0
964.181465171367	965.6419694220942	BBF8	1.0
965.0260130228103	966.9163459533817	BBF9	1.0
967.6662529519367	969.3184835031034	BBF8	1.0
968.6878036601051	970.783559180196	BBF9	1.0
971.0116492212836	972.7271995146587	BBF8	1.0
973.1228364941801	974.9369651767801	BBF9	1.0
975.3792499062644	976.7570130890645	BBF8	1.0
977.0512622153185	978.5066519048519	BBF9	1.0
978.7711100126857	980.5623584549356	BBF8	1.0
980.5530717076583	982.4434046382297	BBF9	1.0
982.6276084898495	984.3829106600314	BBF8	1.0
984.2593015506068	985.8677602228568	BBF9	1.0
986.1910746662596	987.6070940118051	BBF8	1.0
987.8944285078284	989.9694298653839	BBF9	1.0
989.0163860875606	990.5615378587034	BBF8	1.0
991.9117327983555	993.3671224878889	BBF9	1.0
992.6405653793532	994.2638551428827	BBF8	1.0
996.0746518930185	997.5351561437458	BBF8	1.0
996.2045600160576	998.0767564334576	BBF9	1.0
999.4752856327959	1001.3656185633673	BBF9	1.0
1000.8182007044234	1002.5337509977984	BBF8	1.0
1003.0393100144515	1005.114311372007	BBF9	1.0
1004.2565246479189	1006.0266753692939	BBF8	1.0
1006.701100650746	1008.5152293333459	BBF9	1.0
1007.5089932431172	1009.3002416853672	BBF8	1.0
1010.3362276079675	1011.9446862802175	BBF9	1.0
1011.342259801744	1013.0975619719259	BBF8	1.0
1014.6112792980883	1016.5016122286597	BBF9	1.0
1014.8502795008508	1016.3954312719936	BBF8	1.0
1017.9353319628117	1020.0310874829025	BBF9	1.0
1018.590618385329	1019.9683815681291	BBF8	1.0
1021.7269273878418	1023.3791579390085	BBF8	1.0
1021.9348604155969	1023.7489890981968	BBF9	1.0
1025.118787494263	1026.8343377876379	BBF8	1.0
1025.7655200381769	1027.2720999561054	BBF9	1.0
1028.7894306231299	1030.4127203866592	BBF8	1.0
1028.920703717615	1030.9957050751705	BBF9	1.0
1032.181290729551	1033.972539171801	BBF8	1.0
1032.724699660122	1034.294547541276	BBF9	1.0
1035.940613972458	1037.3566333180036	BBF8	1.0
1036.6620133786716	1038.5523463092431	BBF9	1.0
1038.9417790238563	1040.697081194038	BBF8	1.0
1040.9192893861307	1042.5277480583807	BBF9	1.0
1042.589190234186	1044.3593409555608	BBF8	1.0
1044.6077433913374	1046.4218720739375	BBF9	1.0
1046.2133695259784	1047.7585212971212	BBF8	1.0
1048.7939166671495	1050.300496585078	BBF9	1.0
1049.9537084104566	1051.4142126611837	BBF8	1.0
1051.833558409287	1053.9085597668425	BBF9	1.0
1053.0667854944322	1054.6900752579616	BBF8	1.0
1055.6197786691325	1057.510111599704	BBF9	1.0
1056.5515732750018	1058.2671235683767	BBF8	1.0
1059.1482516854649	1061.2440072055558	BBF9	1.0
1060.29191215948	1061.66967534228	BBF8	1.0
1063.1744438173225	1064.9885724999226	BBF9	1.0
1063.5211488361415	1065.2764510063232	BBF8	1.0
1066.6318139479283	1068.2402726201783	BBF9	1.0
1067.2150238835454	1068.7601756546883	BBF8	1.0
1070.8159712568006	1072.4682018079673	BBF8	1.0
1071.4223604352355	1072.928940353164	BBF9	1.0
1074.62600589689	1076.0865101476174	BBF8	1.0
1074.9419456102369	1077.0169469677924	BBF9	1.0
1077.5996914696432	1079.315241763018	BBF8	1.0
1079.083679524315	1080.955875941715	BBF9	1.0
1081.5723495394925	1083.1956393030218	BBF8	1.0
1082.9943297188722	1084.8846626494437	BBF9	1.0
1084.9177458088395	1086.333765154385	BBF8	1.0
1086.3983729565734	1088.0068316288234	BBF9	1.0
1088.0540548113522	1089.809356981534	BBF8	1.0
1090.2112567404113	1092.0253854230114	BBF9	1.0
1091.8176256143674	1093.5877763357423	BBF8	1.0
1094.9395883394031	1096.4461682573317	BBF9	1.0
1094.9771665354174	1096.7684149776674	BBF8	1.0
1098.8057991712258	1100.8808005287813	BBF9	1.0
1099.0195203608782	1100.3972835436782	BBF8	1.0
1102.0164378521683	1103.6397276156977	BBF8	1.0
1103.1786171159852	1104.9927457985852	BBF9	1.0
1106.3604643194158	1107.8158540089491	BBF9	1.0
1107.7776908953874	1109.4932411887623	BBF8	1.0
1109.8533858153448	1111.4618444875948	BBF9	1.0
1112.6922999992426	1114.3445305504092	BBF8	1.0
1114.0484469324876	1115.9387798630592	BBF9	1.0
1115.8134922410416	1117.3586440121844	BBF8	1.0
1117.6391348381355	1119.7348903582265	BBF9	1.0
1119.391197209537	1120.8517014602644	BBF8	1.0
1122.17901926291	1123.9343214330918	BBF8	1.0
1123.2029233691437	1125.2779247266992	BBF9	1.0
1126.7225085441453	1128.2290884620738	BBF9	1.0
1127.2203308094267	1129.0115792516767	BBF8	1.0
1130.4465140697553	1132.2606427523554	BBF9	1.0
1130.553698405487	1132.323849126862	BBF8	1.0
1133.4239407664968	1135.0323994387468	BBF9	1.0
1134.0040311393013	1135.7195814326763	BBF8	1.0
1137.245712547746	1139.1360454783176	BBF9	1.0
1137.7443590609105	1139.3676488244398	BBF8	1.0
1140.543101688477	1142.112949569631	BBF9	1.0
1143.6220172234391	1145.413265665689	BBF8	1.0
1143.6271824821886	1145.702183839744	BBF9	1.0
1147.0134500372283	1148.8275787198284	BBF9	1.0
1147.7961387099244	1149.1739018927244	BBF8	1.0
1150.3286148606205	1152.2008112780204	BBF9	1.0
1154.497012298691	1156.3873452292623	BBF9	1.0
1155.2379424458272	1156.993244616009	BBF8	1.0
1157.518878358167	1159.127337030417	BBF9	1.0
1159.6287621798901	1161.173913951033	BBF8	1.0
1160.7629404509134	1162.269520368842	BBF9	1.0
1162.5327434854871	1164.1849740366538	BBF8	1.0
1163.580386159781	1165.394514842381	BBF9	1.0
1166.1104484539826	1167.8259987473575	BBF8	1.0
1167.2688401649875	1169.3645956850785	BBF9	1.0
1170.7090286139285	1172.1695328646556	BBF8	1.0
1171.7038729990627	1173.594205929634	BBF9	1.0
1173.6375679980904	1175.2608577616197	BBF8	1.0
1173.6414224131795	1175.0968121027129	BBF9	1.0
1176.307774818423	1177.916233490673	BBF9	1.0
1179.5873881214122	1181.4015168040123	BBF9	1.0
1183.5570321853324	1185.3123343555142	BBF8	1.0
1183.5958045706082	1185.165652451762	BBF9	1.0
1186.9261864525026	1188.4713382236455	BBF8	1.0
1187.2487073655718	1189.3237087231273	BBF9	1.0
1189.897282253206	1191.4038621711345	BBF9	1.0
1190.1786455147715	1191.8308760659381	BBF8	1.0
1193.43110457704	1195.146654870415	BBF8	1.0
1193.7634932411092	1195.6538261716805	BBF9	1.0
1196.6342659969612	1198.7300215170521	BBF9	1.0
1197.4502147039864	1199.0735044675157	BBF8	1.0
1200.6249066084156	1202.699907965971	BBF9	1.0
1201.26023817693	1203.0303888983049	BBF8	1.0
1204.791479444536	1206.582727886786	BBF8	1.0
1204.8110798842276	1206.266469573761	BBF9	1.0
1208.4550948378603	1210.2692235204604	BBF9	1.0
1209.9024865423867	1211.5547170935533	BBF8	1.0
1211.8946892858046	1213.5031479580546	BBF9	1.0
1214.2236107251151	1215.768762496258	BBF8	1.0
1216.4541518985109	1218.5291532560664	BBF9	1.0
1219.427545224745	1221.1828473949267	BBF8	1.0
1220.5158953956918	1222.3880918130917	BBF9	1.0
1224.8716197901815	1226.2493829729815	BBF8	1.0
1225.2975538875885	1227.1878868181598	BBF9	1.0
1228.8882417932364	1230.4967004654864	BBF9	1.0
1232.745564939809	1234.559693622409	BBF9	1.0
1237.5716204221158	1239.3417711434906	BBF8	1.0
1240.5313138075196	1242.421646738091	BBF9	1.0
1240.6382246808262	1242.4294731230761	BBF8	1.0
1243.7977563413158	1245.4210461048451	BBF8	1.0
1245.6151589046635	1247.690160262219	BBF9	1.0
1247.2128383566978	1248.6288577022433	BBF8	1.0
1249.3658279552665	1250.872407873195	BBF9	1.0
1250.2562107649637	1251.9717610583386	BBF8	1.0
1252.156610139141	1253.9707388217412	BBF9	1.0
1253.8571475839042	1255.3176518346313	BBF8	1.0
1256.7611288895012	1258.5164310596829	BBF8	1.0
1257.0004835193529	1258.5703314005068	BBF9	1.0
1259.6401724006041	1261.7151737581596	BBF9	1.0
1260.5943842128893	1262.3645349342642	BBF8	1.0
1262.404291061487	1263.8596807510203	BBF9	1.0
1264.1953210318297	1265.7404728029726	BBF8	1.0
1265.1772975627	1267.0676304932713	BBF9	1.0
1267.79625785077	1269.17402103357	BBF8	1.0
1268.1458364181108	1269.7542950903608	BBF9	1.0
1270.90932581037	1272.5326155738994	BBF8	1.0
1271.96760819936	1273.7817368819601	BBF9	1.0
1274.1850167230837	1275.9005670164586	BBF8	1.0
1276.0204638552102	1278.1162193753012	BBF9	1.0
1278.3667498031434	1280.1579982453934	BBF8	1.0
1279.940001736018	1281.8303346665894	BBF9	1.0
1282.0606140238629	1283.5211182745902	BBF8	1.0
1283.5129139590044	1285.58791531656	BBF9	1.0
1285.661550842803	1287.3137813939697	BBF8	1.0
1287.5568817735239	1289.0634616914524	BBF9	1.0
1289.0301691572959	1290.5753209284387	BBF8	1.0
1290.7653923458665	1292.5795210284666	BBF9	1.0
1292.9563518824632	1294.3723712280087	BBF8	1.0
1294.978229145671	1296.586687817921	BBF9	1.0
1295.7209420853915	1297.4762442555732	BBF8	1.0
1297.866777585185	1299.738974002585	BBF9	1.0
1299.3683426052214	1301.0838928985963	BBF8	1.0
1301.1286153605927	1303.2036167181482	BBF9	1.0
1303.364220881723	1304.741984064523	BBF8	1.0
1305.1548073373704	1307.0451402679419	BBF9	1.0
1306.4772888413231	1308.1295193924898	BBF8	1.0
1308.505523526086	1310.601279046177	BBF9	1.0
1309.9852982584844	1311.7765467007343	BBF8	1.0
1312.4872764512897	1314.3014051338898	BBF9	1.0
1314.004408385431	1315.4649126361583	BBF8	1.0
1316.37795469087	1317.98641336312	BBF9	1.0
1316.9083896910279	1318.5316794545572	BBF8	1.0
1320.3002398559652	1322.01579014934	BBF8	1.0
1321.0831299712468	1322.973462901818	BBF9	1.0
1324.3193499829115	1326.0746521530932	BBF8	1.0
1325.4739425537523	1327.5489439113078	BBF9	1.0
1328.1758371567446	1329.9459878781195	BBF8	1.0
1329.493046134564	1331.3071748171642	BBF9	1.0
1332.4040339376938	1333.9491857088367	BBF8	1.0
1334.0697132179164	1335.576293135845	BBF9	1.0
1336.5857670177536	1338.209056781283	BBF8	1.0
1337.9029622978815	1339.977963655437	BBF9	1.0
1340.4190223411417	1342.2102707833917	BBF8	1.0
1342.4563975686278	1344.346730499199	BBF9	1.0
1344.2987413654193	1345.6765045482193	BBF8	1.0
1345.941169459505	1347.549628131755	BBF9	1.0
1347.876446333915	1349.6317485040968	BBF8	1.0
1349.6582594764411	1351.4723881590412	BBF9	1.0
1351.7793972086376	1353.4316277598043	BBF8	1.0
1353.561203994224	1355.6362053517794	BBF9	1.0
1355.473261429357	1356.8892807749025	BBF8	1.0
1358.0914074523644	1359.9817403829356	BBF9	1.0
1358.3075471836196	1360.0230974769945	BBF8	1.0
1361.994351970147	1364.0901074902379	BBF9	1.0
1362.001411404339	1363.4619156550662	BBF8	1.0
1365.1377112143841	1366.7610009779135	BBF8	1.0
1366.1993100518057	1368.0134387344058	BBF9	1.0
1368.429564061967	1369.8849537515005	BBF9	1.0
1368.5992569306559	1370.3905053729059	BBF8	1.0
1371.403236075516	1373.011694747766	BBF9	1.0
1372.5254396558232	1374.295590377198	BBF8	1.0
1375.817280470627	1377.7076134011986	BBF9	1.0
1376.3354631287664	1377.8806148999092	BBF8	1.0
1378.7677206715698	1380.2743005894984	BBF9	1.0
1380.1454866017098	1381.5615059472552	BBF8	1.0
1381.834319935542	1383.9093212930975	BBF9	1.0
1383.0959316081962	1384.7192213717256	BBF8	1.0
1386.3877552062884	1388.2599516236883	BBF9	1.0
1386.464549922689	1388.180100216064	BBF8	1.0
1390.3210370965219	1391.6988002793219	BBF8	1.0
1390.778567788794	1392.592696471394	BBF9	1.0
1394.0845968685758	1395.8758453108258	BBF8	1.0
1394.727975931788	1396.336434604038	BBF9	1.0
1397.9339660713954	1399.8242990019667	BBF9	1.0
1397.9410840424086	1399.6963862125904	BBF8	1.0
1402.1156923404483	1404.2114478605392	BBF9	1.0
1404.260147363388	1405.8052991345307	BBF8	1.0
1406.2741867968953	1408.3491881544508	BBF9	1.0
1407.7216930796596	1409.1821973303868	BBF8	1.0
1409.3803248055647	1410.9501726867186	BBF9	1.0
1411.2064706463761	1412.8297604099055	BBF8	1.0
1411.5013446332111	1413.3154733158112	BBF9	1.0
1413.7780622685843	1415.2334519581177	BBF9	1.0
1414.6912482130924	1416.4067985064673	BBF8	1.0
1416.449720718257	1418.058179390507	BBF9	1.0
1418.5477353869255	1420.1999659380922	BBF8	1.0
1419.4698563570173	1421.3601892875886	BBF9	1.0
1422.5829192462013	1424.4551156636012	BBF9	1.0
1424.3991486959694	1426.1903971382194	BBF8	1.0
1426.0444593244727	1428.1194606820281	BBF9	1.0
1427.7719303572865	1429.1496935400864	BBF8	1.0
1428.9716677128097	1430.4782476307382	BBF9	1.0
1430.4436009890564	1432.0668907525858	BBF8	1.0
1432.921075855804	1434.735204538404	BBF9	1.0
1433.8819249325522	1435.5974752259272	BBF8	1.0
1436.8793054998662	1438.9750610199571	BBF9	1.0
1439.875759915132	1441.6459106365069	BBF8	1.0
1441.1683693308805	1443.0587022614518	BBF9	1.0
1443.035300836182	1444.826549278432	BBF8	1.0
1444.1140079139168	1445.6205878318453	BBF9	1.0
1446.3490635419848	1447.9575222142348	BBF9	1.0
1446.5665524538258	1448.3218546240075	BBF8	1.0
1450.1126171841324	1451.9267458667325	BBF9	1.0
1450.5159786051381	1451.9764828558655	BBF8	1.0
1453.5593599335025	1455.1045117046453	BBF8	1.0
1455.4327022708717	1457.5077036284272	BBF9	1.0
1456.9047562028495	1458.5569867540162	BBF8	1.0
1460.203688635122	1461.919238928497	BBF8	1.0
1460.7527873576112	1462.6431202881827	BBF9	1.0
1464.0137232752118	1465.637013038741	BBF8	1.0
1464.4931091871529	1466.3653056045528	BBF9	1.0
1468.2334310166946	1470.0475596992947	BBF9	1.0
1468.869194249472	1470.660442691722	BBF8	1.0
1472.159607347083	1473.6661872650116	BBF9	1.0
1472.3075181929678	1473.6852813757678	BBF8	1.0
1475.4205952769432	1477.175897447125	BBF8	1.0
1477.1776788699465	1479.068011800518	BBF9	1.0
1478.8124553833645	1480.3576071545074	BBF8	1.0
1480.778609823853	1482.874365343944	BBF9	1.0
1482.6689538605283	1484.4391045819032	BBF8	1.0
1484.4260044029713	1486.5010057605268	BBF9	1.0
1486.2002054781722	1487.8234952417015	BBF8	1.0
1488.8865124232943	1490.7006411058944	BBF9	1.0
1489.5920655845935	1491.3076158779684	BBF8	1.0
1492.9753114419238	1494.5837701141738	BBF9	1.0
1493.7505790027399	1495.1665983482853	BBF8	1.0
1496.9101199237898	1498.6654220939715	BBF8	1.0
1497.0176468353416	1498.9079797659128	BBF9	1.0
1500.7433864824168	1502.3956170335834	BBF8	1.0
1501.5943139186938	1503.408442601294	BBF9	1.0
1504.6463487966546	1506.4375972389046	BBF8	1.0
1506.4265309407103	1507.9331108586389	BBF9	1.0
1508.5957749479671	1510.0562791986945	BBF8	1.0
1509.3072757038356	1510.9157343760855	BBF9	1.0
1511.40683709096	1513.0301268544893	BBF8	1.0
1513.1869884090124	1515.0011170916125	BBF9	1.0
1514.9148567900668	1516.6304070834417	BBF8	1.0
1516.9232029242369	1518.4930508053908	BBF9	1.0
1519.2359936379733	1520.88822418914	BBF8	1.0
1520.8767183815485	1522.951719739104	BBF9	1.0
1522.6743175814688	1524.2194693526117	BBF8	1.0
1525.6857035909593	1527.1922835088878	BBF9	1.0
1526.3914245474098	1527.7691877302098	BBF8	1.0
1528.7523028549313	1530.6426357855025	BBF9	1.0
1529.4580377943112	1531.213339964493	BBF8	1.0
1533.128680923178	1534.898831644553	BBF8	1.0
1533.5380562517362	1535.6338117718271	BBF9	1.0
1537.4642325821246	1539.2783612647247	BBF9	1.0
1539.2850113183297	1540.740401007863	BBF9	1.0
1539.4477627652777	1541.2390112075277	BBF8	1.0
1541.7388861016009	1543.3473447738509	BBF9	1.0
1543.2345654868302	1544.6950697375573	BBF8	1.0
1545.0610353042373	1546.9513682348088	BBF9	1.0
1546.6961213488628	1548.3194111123921	BBF8	1.0
1549.9950537811353	1551.7106040745102	BBF8	1.0
1553.8980160953736	1555.2757792781736	BBF8	1.0
1556.653709794556	1558.4678384771562	BBF9	1.0
1556.9413974237377	1558.6966995939194	BBF8	1.0
1561.114217814879	1562.986414232279	BBF9	1.0
1562.4938259541123	1564.2639766754871	BBF8	1.0
1565.3888713343554	1567.4638726919109	BBF9	1.0
1566.0715414088304	1567.6166931799733	BBF8	1.0
1570.0906633157542	1571.7139530792836	BBF8	1.0
1572.3816469287158	1574.271979859287	BBF9	1.0
1573.923929874381	1575.715178316631	BBF8	1.0
1576.6098368229805	1578.7055923430714	BBF9	1.0
1578.152139048139	1579.9074412183206	BBF8	1.0
1582.4410217870484	1584.2551504696485	BBF9	1.0
1582.4965078145824	1584.148738365749	BBF8	1.0
1586.3297743732091	1588.045324666584	BBF8	1.0
1587.6914114359702	1589.2998701082201	BBF9	1.0
1590.6509112211156	1592.274200984645	BBF8	1.0
1590.665083449519	1592.5554163800903	BBF9	1.0
1594.8162431877815	1596.32282310571	BBF9	1.0
1594.8326565577993	1596.6239050000493	BBF8	1.0
1598.8750103832601	1600.3355146339873	BBF8	1.0
1599.609331302771	1601.6843326603264	BBF9	1.0
1602.1274789784586	1603.8827811486403	BBF8	1.0
1603.4658121953419	1605.279940877942	BBF9	1.0
1606.2395285595308	1607.6172917423307	BBF8	1.0
1607.9263202156646	1609.5347788879146	BBF9	1.0
1609.631388665952	1611.176540437095	BBF8	1.0
1612.247437360353	1614.1377702909244	BBF9	1.0
1613.511119061653	1615.1633496128197	BBF8	1.0
1617.204994109057	1618.920544402432	BBF8	1.0
1620.5876580858526	1622.6834136059435	BBF9	1.0
1621.1776521789063	1622.8009419424357	BBF8	1.0
1624.9552388557522	1626.4106285452856	BBF9	1.0
1625.2664698414417	1626.6824891869871	BBF8	1.0
1629.0997364000682	1630.85503857025	BBF8	1.0
1629.3460514382577	1631.1601801208578	BBF9	1.0
1633.4116186442811	1635.0200773165311	BBF9	1.0
1635.3491224865568	1637.1192732079317	BBF8	1.0
1637.6398085385456	1639.530141469117	BBF9	1.0
1638.5551272446808	1640.3463756869307	BBF8	1.0
1640.845798678153	1642.7179950955529	BBF9	1.0
1644.516425069877	1646.5914264274325	BBF9	1.0
1645.152992109226	1646.6134963599534	BBF8	1.0
1648.4193695876597	1650.2334982702598	BBF9	1.0
1648.6377798897959	1650.2610696533252	BBF8	1.0
1652.215495344514	1653.931045637889	BBF8	1.0
1652.5778640441067	1654.1863227163567	BBF9	1.0
1655.8396746363067	1657.2174378191066	BBF8	1.0
1656.666663062736	1658.5569959933073	BBF9	1.0
1659.0456793944309	1660.8009815646126	BBF8	1.0
1662.786018278909	1664.4382488300757	BBF8	1.0
1665.750301791623	1667.8253031491786	BBF9	1.0
1666.8748359414442	1668.419987712587	BBF8	1.0
1670.2952810105014	1671.7113003560469	BBF8	1.0
1671.1168505035741	1672.6234304215027	BBF9	1.0
1673.3333092947667	1675.0886114649484	BBF8	1.0
1674.55515876924	1676.3692874518401	BBF9	1.0
1677.2130396904677	1678.673543941195	BBF8	1.0
1678.063162472723	1680.158917992814	BBF9	1.0
1680.2564210188318	1681.8015727899747	BBF8	1.0
1683.4064793720684	1685.4814807296239	BBF9	1.0
1684.4381663555155	1686.2083170768904	BBF8	1.0
1688.0855775658451	1689.8768260080951	BBF8	1.0
1688.2386963940849	1690.1290293246561	BBF9	1.0
1692.33701865814	1693.9603084216694	BBF8	1.0
1693.256767916948	1694.865226589198	BBF9	1.0
1696.6116916689723	1698.3272419623472	BBF8	1.0
1697.4384941860012	1699.2526228686013	BBF9	1.0
1701.2580753763987	1702.6358385591986	BBF8	1.0
1703.0838246492224	1705.1588260067779	BBF9	1.0
1704.7428631569685	1706.4981653271502	BBF8	1.0
1706.8706101039759	1708.3771900219044	BBF9	1.0
1708.6458254712065	1710.1909772423494	BBF8	1.0
1710.6109319335176	1712.501264864089	BBF9	1.0
1714.8158900151761	1716.2712797047095	BBF9	1.0
1721.4466125851661	1723.0988431363328	BBF8	1.0
1723.1096471154644	1725.2054026355554	BBF9	1.0
1724.8384726915874	1726.5540229849623	BBF8	1.0
1727.4307642601523	1729.5057656177078	BBF9	1.0
1729.2204519172258	1730.6364712627712	BBF8	1.0
1732.1468222191395	1733.7552808913895	BBF9	1.0
1733.2019633649547	1734.825253128484	BBF8	1.0
1736.1659257999515	1738.056258730523	BBF9	1.0
1736.4544319601532	1738.2456804024032	BBF8	1.0
1740.7890565085156	1742.3975151807656	BBF9	1.0
1744.042941637818	1745.7982438079998	BBF8	1.0
1745.3192599666559	1747.133388649256	BBF9	1.0
1747.8845358804217	1749.2622990632217	BBF8	1.0
1748.5717137314748	1750.0782936494033	BBF9	1.0
1751.6248747649	1753.1700265360428	BBF8	1.0
1752.0332538097464	1753.6417124819964	BBF9	1.0
1755.990052563483	1757.4505568142104	BBF8	1.0
1757.2139480208507	1759.104280951422	BBF9	1.0
1758.7570737557992	1760.3803635193285	BBF8	1.0
1760.3734745352463	1762.2456709526464	BBF9	1.0
1762.1024700251462	1763.8937184673962	BBF8	1.0
1764.4622735538755	1766.537274911431	BBF9	1.0
1765.6087572715926	1767.3789079929675	BBF8	1.0
1768.8066225111693	1770.6207511937694	BBF9	1.0
1769.3740605272685	1771.0896108206434	BBF8	1.0
1773.319645315965	1774.889493197119	BBF9	1.0
1773.532573945415	1775.2878761155966	BBF8	1.0
1777.4023931753334	1779.2927261059049	BBF9	1.0
1778.295117245527	1780.086365687777	BBF8	1.0
1781.6073512569924	1783.7031067770833	BBF9	1.0
1784.8465182729979	1786.4698080365272	BBF8	1.0
1786.9180421378771	1788.4246220558057	BBF9	1.0
1788.3545379721047	1790.0700882654796	BBF8	1.0
1789.8314129194628	1791.9064142770183	BBF9	1.0
1794.4413006288332	1795.9018048795606	BBF8	1.0
1794.9526507189307	1796.8248471363308	BBF9	1.0
1797.4614500386604	1799.216752208842	BBF8	1.0
1798.0554745819334	1799.8696032645335	BBF9	1.0
1800.7475232796203	1802.3173711607742	BBF9	1.0
1801.5734996197327	1803.1186513908756	BBF8	1.0
1803.16647335522	1804.77493202747	BBF9	1.0
1805.2441427485994	1806.896373299766	BBF8	1.0
1806.418927120039	1808.3092600506102	BBF9	1.0
1808.5079906337546	1810.2992390760046	BBF8	1.0
1809.9375507914497	1812.0333063115406	BBF9	1.0
1812.0776897517171	1813.7009795152464	BBF8	1.0
1814.968068995689	1817.0430703532445	BBF9	1.0
1815.1409400454174	1816.8564903387924	BBF8	1.0
1819.1499604280443	1820.6565403459729	BBF9	1.0
1819.5941688802723	1821.0101882258177	BBF8	1.0
1822.402414192863	1824.2165428754631	BBF9	1.0
1822.505458221688	1824.2607603918698	BBF8	1.0
1825.827622572498	1827.372774343641	BBF8	1.0
1827.2810948400913	1828.8895535123413	BBF9	1.0
1829.4988265986094	1830.8765897814094	BBF8	1.0
1831.7648346730202	1833.6551676035915	BBF9	1.0
1832.2164001702092	1833.868630721376	BBF8	1.0
1835.3923279746643	1837.2645243920642	BBF9	1.0
1835.5153326024817	1837.3065810447317	BBF8	1.0
1839.4914698590935	1841.2616205804684	BBF8	1.0
1841.498964154871	1843.313092837471	BBF9	1.0
1843.2050976382723	1844.8283874018016	BBF8	1.0
1845.1334020952343	1847.2291576153252	BBF9	1.0
1846.5504939076195	1848.2660442009944	BBF8	1.0
1848.9796078139545	1851.05460917151	BBF9	1.0
1850.2676008735605	1851.7281051242876	BBF8	1.0
1853.4968375502217	1855.2521397204034	BBF8	1.0
1853.8350566485767	1855.7253895791482	BBF9	1.0
1857.0513210864028	1858.5964728575457	BBF8	1.0
1857.2965967268483	1858.8031766447768	BBF9	1.0
1860.8468173545577	1862.2245805373577	BBF8	1.0
1860.9207594933607	1862.5292181656107	BBF9	1.0
1863.9976647290052	1865.6209544925346	BBF8	1.0
1865.1721812002313	1866.9863098828314	BBF9	1.0
1867.366292916889	1869.157541359139	BBF8	1.0
1869.0594705665494	1870.6293184477033	BBF9	1.0
1871.3296657758608	1872.7456851214063	BBF8	1.0
1872.5366657962852	1874.6116671538407	BBF9	1.0
1874.4520280707143	1876.207330240896	BBF8	1.0
1875.8820468115275	1877.388626729456	BBF9	1.0
1878.2155988737295	1879.9311491671044	BBF8	1.0
1879.6456004536751	1881.5359333842466	BBF9	1.0
1882.025633513819	1883.6778640649857	BBF8	1.0
1882.898054218494	1884.993809738585	BBF9	1.0
1885.90536390952	1887.4505156806629	BBF8	1.0
1887.8464303035398	1889.4548889757898	BBF9	1.0
1890.5285156984094	1891.9890199491365	BBF8	1.0
1890.9827250053295	1892.7968536879296	BBF9	1.0
1893.7345204565336	1895.357810220063	BBF8	1.0
1895.7229937285247	1897.178383418058	BBF9	1.0
1897.3122359112517	1899.0277862046266	BBF8	1.0
1899.384784364819	1901.4597857223746	BBF9	1.0
1901.2384301440268	1902.6161933268268	BBF8	1.0
1903.4582083746704	1905.3485413052417	BBF9	1.0
1904.3282753094654	1906.0835774796471	BBF8	1.0
1907.384384705059	1909.256581122459	BBF9	1.0
1907.8362950085725	1909.6275434508225	BBF8	1.0
1911.5661109741118	1913.3802396567119	BBF9	1.0
1911.7392573228103	1913.5094080441852	BBF8	1.0
1915.5260600443628	1917.0712118155056	BBF8	1.0
1915.840764493588	1917.449223165838	BBF9	1.0
1920.3709679517283	1922.4459693092838	BBF9	1.0
1921.1481843303486	1922.8004148815153	BBF8	1.0
1924.7026678665297	1926.4182181599047	BBF8	1.0
1925.8304439141032	1927.7207768446747	BBF9	1.0
1928.675325936379	1930.2986156999084	BBF8	1.0
1932.6247520876916	1934.4160005299416	BBF8	1.0
1932.8696831336752	1934.6838118162752	BBF9	1.0
1936.122136898494	1937.730595570744	BBF9	1.0
1936.736801668764	1938.197305919491	BBF8	1.0
1940.0125021824995	1941.7678043526812	BBF8	1.0
1941.34929473481	1942.8558746527385	BBF9	1.0
1943.8922325782005	1945.6623832995754	BBF8	1.0
1945.089616564352	1947.1646179219074	BBF9	1.0
1947.679035299753	1949.2241870708958	BBF8	1.0
1949.583311423784	1951.1531593049378	BBF9	1.0
1951.8607806364366	1953.484070399966	BBF8	1.0
1952.9652010377345	1954.8555339683057	BBF9	1.0
1955.5695352285366	1956.985554574082	BBF8	1.0
1956.7984501176998	1958.8942056377907	BBF9	1.0
1958.830356197576	1960.545906490951	BBF8	1.0
1961.7063265817817	1962.9544233497816	BBF9	1.0
1963.1282611269453	1964.5060243097453	BBF8	1.0
1965.0922072179878	1966.964403635388	BBF9	1.0
1966.7292085002007	1968.4845106703824	BBF8	1.0
1968.5537472962594	1970.444080226831	BBF9	1.0
1970.6321708144387	1972.2844013656054	BBF8	1.0
1971.1557103081143	1972.6622902260428	BBF9	1.0
1974.152614134269	1975.761072806519	BBF9	1.0
1974.209886269157	1976.001134711407	BBF8	1.0
1978.4737312789568	1980.287859961557	BBF9	1.0
1978.763342302435	1980.2238465531623	BBF8	1.0
1981.6684182547842	1983.7641737748752	BBF9	1.0
1982.1784343273932	1983.8017240909226	BBF8	1.0
1985.314743329906	1987.0302936232808	BBF8	1.0
1986.5119384405807	1988.402271371152	BBF9	1.0
1989.961127037332	1991.338890220132	BBF8	1.0
1991.2976918373856	1993.3726931949411	BBF9	1.0
1994.0964085369417	1995.8517107071234	BBF8	1.0
1996.292531547643	1998.106660230243	BBF9	1.0
1998.6266326516823	2000.3967833730571	BBF8	1.0
2000.2651715032434	2001.8736301754934	BBF9	1.0
2002.3437396176232	2003.888891388766	BBF8	1.0
2006.33962960601	2007.9629193695393	BBF8	1.0
2006.3519064059758	2008.2422393365473	BBF9	1.0
2009.9405769792654	2011.7318254215154	BBF8	1.0
2010.161923673335	2011.6685035912635	BBF9	1.0
2013.4718285969095	2014.9323328476366	BBF8	1.0
2013.9487091280882	2016.0237104856437	BBF9	1.0
2016.4919780067366	2018.2472801769184	BBF8	1.0
2019.710198654339	2021.524327336939	BBF9	1.0
2020.3020126468261	2021.847164417969	BBF8	1.0
2024.3211345537497	2025.7371538992952	BBF8	1.0
2024.7922235994233	2026.3620714805772	BBF9	1.0
2028.0614734382277	2029.7137039893944	BBF8	1.0
2029.3514008857662	2031.2417338163377	BBF9	1.0
2031.476565463186	2033.192115756561	BBF8	1.0
2033.8119089060895	2035.4203675783394	BBF9	1.0
2035.7977023110925	2037.1754654938925	BBF8	1.0
2036.5997264187913	2038.0551161083247	BBF9	1.0
2039.0734028248282	2040.6966925883576	BBF8	1.0
2039.2249212432519	2041.039049925852	BBF9	1.0
2042.6278863610096	2044.4191348032596	BBF8	1.0
2042.779388571947	2044.875144092038	BBF9	1.0
2046.28739227543	2048.1777252060015	BBF9	1.0
2046.949023208916	2048.719173930291	BBF8	1.0
2050.6428982563198	2052.1880500274624	BBF8	1.0
2051.9094909260457	2053.9844922836014	BBF9	1.0
2054.476164814946	2055.9366690656734	BBF8	1.0
2056.974026074121	2058.788154756721	BBF9	1.0
2057.403386550625	2059.158688720807	BBF8	1.0
2060.667884278451	2062.1744641963796	BBF9	1.0
2061.3063488648627	2062.9585794160294	BBF8	1.0
2063.664788104605	2065.273246776855	BBF9	1.0
2064.280034437616	2065.995584730991	BBF8	1.0
2067.9042137294086	2069.527503492938	BBF8	1.0
2068.2414551879574	2070.1317881185287	BBF9	1.0
2071.783944125109	2073.575192567359	BBF8	1.0
2073.120135835186	2074.992332252586	BBF9	1.0
2075.9966002262427	2077.412619571788	BBF8	1.0
2076.6438887046893	2078.718890062245	BBF9	1.0
2078.9161431160087	2080.6714452861906	BBF8	1.0
2081.2048066220214	2083.018935304621	BBF9	1.0
2082.658362267163	2084.036125449963	BBF8	1.0
2085.5837037361657	2087.2069934996953	BBF8	1.0
2085.9440963936145	2087.5525550658645	BBF9	1.0
2088.6854502811047	2090.1920301990335	BBF9	1.0
2089.533129887478	2091.248680180853	BBF8	1.0
2090.9853997290834	2092.8757326596547	BBF9	1.0
2094.1449262434794	2096.24068176357	BBF9	1.0
2096.6653288783773	2098.4206310485592	BBF8	1.0
2098.744825139437	2100.558953822037	BBF9	1.0
2100.5682911926156	2102.3384419139907	BBF8	1.0
2104.320626225607	2105.890474106761	BBF9	1.0
2105.284370655653	2106.829522426796	BBF8	1.0
2110.093377792839	2111.7166675563685	BBF8	1.0
2110.168825834281	2112.041022251681	BBF9	1.0
2113.4852378992605	2115.2764863415105	BBF8	1.0
2114.2483450141235	2116.3233463716792	BBF9	1.0
2117.5043598061843	2119.2745105275594	BBF8	1.0
2118.8966860411383	2120.7870189717096	BBF9	1.0
2121.151771016514	2122.867321309889	BBF8	1.0
2122.6968239360676	2124.2034038539964	BBF9	1.0
2127.029446406408	2128.78474857659	BBF8	1.0
2129.0391087774647	2130.6475674497146	BBF9	1.0
2132.194221019285	2133.6547252700125	BBF8	1.0
2133.597175190071	2135.167023071225	BBF9	1.0
2135.694952020758	2137.2401037919008	BBF8	1.0
2138.041095865477	2140.1160972230327	BBF9	1.0
2139.760537764756	2141.4127683159227	BBF8	1.0
2142.8388054653387	2144.6529341479386	BBF9	1.0
2143.895819264366	2145.687067706616	BBF8	1.0
2147.28444873842	2149.3802042585107	BBF9	1.0
2147.6129262303066	2149.236215993836	BBF8	1.0
2151.0280182552647	2152.74356854864	BBF8	1.0
2153.2570781267254	2155.332079484281	BBF9	1.0
2155.1333082633937	2156.511071446194	BBF8	1.0
2158.171801785199	2160.0621347157703	BBF9	1.0
2158.7874790466667	2160.5427812168487	BBF8	1.0
2162.429330400123	2164.301526817523	BBF9	1.0
2162.690441360905	2164.2355931320476	BBF8	1.0
2166.384316408309	2168.036546959476	BBF8	1.0
2167.557454077962	2169.371582760562	BBF9	1.0
2170.333742559621	2172.124991001871	BBF8	1.0
2170.6008215293286	2172.2092802015786	BBF9	1.0
2174.89870686141	2176.994462381501	BBF9	1.0
2175.0934560583205	2176.71674582185	BBF8	1.0
2178.720465151526	2180.436015444901	BBF8	1.0
2180.102632885121	2181.992965815692	BBF9	1.0
2182.949307990443	2184.3653273359882	BBF8	1.0
2183.3318548373336	2184.8384347552624	BBF9	1.0
2186.5728536170764	2188.3281557872583	BBF8	1.0
2189.1862716140076	2191.0004002966075	BBF9	1.0
2192.011818382374	2193.781969103749	BBF8	1.0
2193.0035037566563	2194.57335163781	BBF9	1.0
2195.447446498261	2196.9925982694035	BBF8	1.0
2197.8749695285956	2199.4834282008455	BBF9	1.0
2199.884742938853	2201.5080327023825	BBF8	1.0
2201.777914046378	2203.6682469769494	BBF9	1.0
2203.877297140193	2205.3378013909205	BBF8	1.0
2205.4020768128903	2207.477078170446	BBF9	1.0
2207.522412040075	2209.1746425912415	BBF8	1.0
2209.8625848332135	2211.6767135158134	BBF9	1.0
2210.8966723254534	2212.6122226188286	BBF8	1.0
2214.299861040931	2216.3956165610216	BBF9	1.0
2214.9634749905044	2216.3412381733046	BBF8	1.0
2217.5290829931437	2219.6040843506994	BBF9	1.0
2218.656133116855	2220.2794228803846	BBF8	1.0
2221.8502001378315	2223.3567800557603	BBF9	1.0
2222.1409208974246	2223.9321693396746	BBF8	1.0
2225.729912843008	2227.6202457735794	BBF9	1.0
2227.168326154683	2228.6288304054106	BBF8	1.0
2230.457947733718	2232.2132499039	BBF8	1.0
2231.7004886827112	2233.308947354961	BBF9	1.0
2234.5003015591788	2236.0454533303214	BBF8	1.0
2236.2074603282463	2238.021589010846	BBF9	1.0
2239.1092206944218	2240.7614512455884	BBF8	1.0
2240.3659547846933	2242.2381512020934	BBF9	1.0
2242.654704965712	2244.370255259087	BBF8	1.0
2244.733535554593	2246.8085369121486	BBF9	1.0
2246.7667545467843	2248.390044310314	BBF8	1.0
2249.031420886675	2250.921753817246	BBF9	1.0
2250.8555722093197	2252.6468206515697	BBF8	1.0
2253.8636379086915	2255.4720965809415	BBF9	1.0
2255.1728663280473	2256.5506295108476	BBF8	1.0
2257.348409799569	2258.8549897174976	BBF9	1.0
2258.731192593407	2260.486494763589	BBF8	1.0
2260.415009063541	2262.229137746141	BBF9	1.0
2262.843242174479	2264.6133928958543	BBF8	1.0
2264.89874889647	2266.50720756872	BBF9	1.0
2266.7229725701804	2268.268124341323	BBF8	1.0
2269.034011540311	2270.9243444708823	BBF9	1.0
2270.6723987214928	2272.2956884850223	BBF8	1.0
2272.4026243681587	2273.858014057692	BBF9	1.0
2274.668288709879	2276.459537152129	BBF8	1.0
2276.4449597615767	2278.2590884441765	BBF9	1.0
2279.130071982857	2280.5460913284023	BBF8	1.0
2279.3933199062267	2281.4890754263174	BBF9	1.0
2282.5439090939667	2284.2992112641487	BBF8	1.0
2284.390239672777	2286.465241030333	BBF9	1.0
2286.679190593576	2288.3314211447428	BBF8	1.0
2289.222456694794	2290.7290366127227	BBF9	1.0
2291.6114491354983	2293.3269994288735	BBF8	1.0
2293.636501089905	2295.526834020476	BBF9	1.0
2296.2244053902036	2297.684909640931	BBF8	1.0
2299.7587607299815	2301.382050493511	BBF8	1.0
2299.764252282447	2301.334100163601	BBF9	1.0
2302.6504443809745	2304.72544573853	BBF9	1.0
2303.3829400217737	2305.1741884640237	BBF8	1.0
2306.181273292063	2308.053469709463	BBF9	1.0
2307.5494011379133	2308.9271643207135	BBF8	1.0
2310.2240152904815	2312.1143482210528	BBF9	1.0
2311.7098603208624	2313.362090872029	BBF8	1.0
2314.3360461217167	2316.4318016418074	BBF9	1.0
2315.5937935163497	2317.1389452874923	BBF8	1.0
2317.634963511747	2319.141543429676	BBF9	1.0
2319.4148794995263	2320.8753837502536	BBF8	1.0
2321.4217489665	2323.03020763875	BBF9	1.0
2322.944215430038	2324.5675051935677	BBF8	1.0
2325.9751842372466	2327.7893129198465	BBF9	1.0
2326.6148585589053	2328.3304088522805	BBF8	1.0
2329.9473606194238	2332.0431161395145	BBF9	1.0
2330.8430677326633	2332.6132184540384	BBF8	1.0
2335.535915277164	2337.327163719414	BBF8	1.0
2335.779009156915	2337.6693420874863	BBF9	1.0
2339.635490049486	2341.710491407042	BBF9	1.0
2339.6711967767733	2341.294486540303	BBF8	1.0
2343.876174031994	2345.5917243253693	BBF8	1.0
2344.079027922185	2345.5344176117183	BBF9	1.0
2348.3241879640736	2350.1383166466735	BBF9	1.0
2348.4993258208833	2350.2546279910653	BBF8	1.0
2353.1457095283095	2354.5234727111097	BBF8	1.0
2353.197953147597	2354.767801028751	BBF9	1.0
2356.4678738791195	2358.120104430286	BBF8	1.0
2357.5704493812013	2359.645450738757	BBF9	1.0
2360.5102277045803	2362.055379475723	BBF8	1.0
2362.2865073401886	2364.1587037575887	BBF9	1.0
2364.2737985075955	2366.0291006777775	BBF8	1.0
2366.2823791083947	2368.172712038966	BBF9	1.0
2368.4555438442794	2369.9160480950068	BBF8	1.0
2370.2550190639954	2372.350774584086	BBF9	1.0
2372.0797231360716	2373.8709715783216	BBF8	1.0
2374.808454334742	2376.3150342526706	BBF9	1.0
2376.2614684727555	2378.0316191941306	BBF8	1.0
2379.059876041612	2380.668334713862	BBF9	1.0
2380.582605320662	2382.2058950841915	BBF8	1.0
2382.916356934183	2384.730485616783	BBF9	1.0
2384.6946549017343	2386.4102051951095	BBF8	1.0
2388.5152237721927	2390.1236824444427	BBF9	1.0
2389.1784151794004	2390.80170494293	BBF8	1.0
2391.860604787435	2393.315994476968	BBF9	1.0
2393.127841330713	2394.919089772963	BBF8	1.0
2395.1827539900714	2397.257755347627	BBF9	1.0
2397.8206888752134	2399.236708220759	BBF8	1.0
2399.805884698635	2401.6962176292063	BBF9	1.0
2401.1660851445604	2402.9213873147423	BBF8	1.0
2404.4754790324105	2406.0839377046605	BBF9	1.0
2404.5347133324444	2406.079865103587	BBF8	1.0
2408.391211809608	2410.043442360775	BBF8	1.0
2410.0975776830264	2411.9117063656263	BBF9	1.0
2412.5915661091285	2413.9693292919287	BBF8	1.0
2413.7682040747504	2415.863959594841	BBF9	1.0
2416.0369845310684	2417.7525348244435	BBF8	1.0
2419.0185937236724	2421.093595081228	BBF9	1.0
2421.264150881143	2422.8874406446726	BBF8	1.0
2423.2932472431485	2424.7998271610772	BBF9	1.0
2425.2832610080895	2427.0745094503395	BBF8	1.0
2427.4749735122014	2429.3653064427726	BBF9	1.0
2430.4407318068297	2432.1960339770117	BBF8	1.0
2431.4940770930134	2433.3662735104135	BBF9	1.0
2434.5453121779947	2436.005816428722	BBF8	1.0
2435.536412486431	2437.6114138439866	BBF9	1.0
2438.1769380049404	2439.829168556107	BBF8	1.0
2440.949424823594	2442.763553506194	BBF9	1.0
2441.777874823881	2443.3230265950237	BBF8	1.0
2445.2240783430702	2446.83253701532	BBF9	1.0
2446.2061779061037	2447.583941088904	BBF8	1.0
2450.0019498813317	2451.6252396448613	BBF8	1.0
2451.519899559255	2453.4102324898263	BBF9	1.0
2453.951364456944	2455.666914750319	BBF8	1.0
2456.812405835281	2458.9081613553717	BBF9	1.0
2458.109865686559	2459.8651678567408	BBF8	1.0
2462.128975813505	2463.920224255755	BBF8	1.0
2464.3670919302895	2466.1812206128893	BBF9	1.0
2467.9103210902317	2469.680471811607	BBF8	1.0
2471.328788589637	2472.8739403607797	BBF8	1.0
2472.8931671566365	2474.5016258288865	BBF9	1.0
2475.1620439130247	2476.7853336765543	BBF8	1.0
2478.306179493799	2480.19651242437	BBF9	1.0
2479.3205451426397	2480.781049393367	BBF8	1.0
2482.875018260691	2484.630320430873	BBF8	1.0
2484.764623398225	2486.8396247557807	BBF9	1.0
2487.1032150416404	2488.8733657630155	BBF8	1.0
2490.820311112804	2492.611559555054	BBF8	1.0
2493.0351486859076	2494.8492773685075	BBF9	1.0
2497.8090673483475	2499.1868305311477	BBF8	1.0
2499.1363054571466	2500.7061533383003	BBF9	1.0
2501.948367475852	2503.5716572393817	BBF8	1.0
2504.3955050501677	2506.285837980739	BBF9	1.0
2506.31595535947	2507.9681859106367	BBF8	1.0
2509.065099383943	2511.140100741499	BBF9	1.0
2511.1249484015393	2512.8404986949145	BBF8	1.0
2515.6319273878257	2517.3872295580077	BBF8	1.0
2515.709397789216	2517.581594206616	BBF9	1.0
2523.9215870227113	2525.3376063682567	BBF8	1.0
2526.0010907736073	2527.815219456207	BBF9	1.0
2528.014503674892	2529.6377934384213	BBF8	1.0
2531.042394109076	2532.650852781326	BBF9	1.0
2531.8709908487244	2533.6622392909744	BBF8	1.0
2536.4089428210277	2538.299275751599	BBF9	1.0
2537.00522979702	2538.4657340477474	BBF8	1.0
2543.0764730389064	2545.172228558997	BBF9	1.0
2546.785838834271	2548.4380693854378	BBF8	1.0
2551.3625133718924	2553.0780636652676	BBF8	1.0
2553.066152459421	2554.57273237735	BBF9	1.0
2556.3108975166297	2557.934187280159	BBF8	1.0
2558.5953238596135	2560.4094525422133	BBF9	1.0
2561.46836831537	2563.25961675762	BBF8	1.0
2566.0261981281465	2567.8983945455466	BBF9	1.0
2568.2288367948004	2569.9841389649823	BBF8	1.0
2570.8849527281072	2572.959954085663	BBF9	1.0
2575.8256518902417	2577.3708036613843	BBF8	1.0
2577.8777283224676	2579.4861869947176	BBF9	1.0
2581.1922093429853	2582.5699725257855	BBF8	1.0
2581.3625002133454	2583.2528331439166	BBF9	1.0
2585.2345513203763	2586.9898534905583	BBF8	1.0
2585.8905231022804	2587.986278622371	BBF9	1.0
2590.9960502306812	2592.541202001824	BBF8	1.0
2592.3279157633065	2594.1420444459063	BBF9	1.0
2595.7121158709706	2597.4822665923457	BBF8	1.0
2596.6490329079943	2598.72403426555	BBF9	1.0
2602.8442939575175	2604.467583721047	BBF8	1.0
2603.734735752778	2605.2413156707066	BBF9	1.0
2606.8401722340186	2608.5557225273938	BBF8	1.0
2608.776039088247	2610.6663720188185	BBF9	1.0
2611.4633104725294	2612.923814723257	BBF8	1.0
2612.934533544694	2614.542992216944	BBF9	1.0
2614.9480880392457	2616.7033902094277	BBF8	1.0
2617.557664253258	2619.3717929358577	BBF9	1.0
2619.3156759228636	2620.9679064740303	BBF8	1.0
2621.762622334917	2623.837623692473	BBF9	1.0
2623.125699395807	2624.916947838057	BBF8	1.0
2628.2134746432134	2629.836764406743	BBF8	1.0
2630.3208411245487	2631.8906890057024	BBF9	1.0
2632.093193667491	2633.808743960866	BBF8	1.0
2634.2613375168635	2636.1516704474348	BBF9	1.0
2636.2374173849125	2637.653436730458	BBF8	1.0
2639.4344584080404	2641.1897605782224	BBF8	1.0
2640.4874632952315	2641.9940432131602	BBF9	1.0
2643.732350740324	2645.2775025114665	BBF8	1.0
2644.390407813014	2646.204536495614	BBF9	1.0
2647.333287559264	2648.7110507420643	BBF8	1.0
2649.9892746510236	2651.5977333232736	BBF9	1.0
2654.349306393587	2656.119457114962	BBF8	1.0
2655.5184460512155	2657.408778981787	BBF9	1.0
2657.7643884089694	2659.5556368512193	BBF8	1.0
2661.233471952254	2663.329227472345	BBF9	1.0
2661.8067303863604	2663.2672346370878	BBF8	1.0
2665.1985805512977	2666.8218703148273	BBF8	1.0
2666.971729665899	2668.785858348499	BBF9	1.0
2669.844950640253	2671.560500933628	BBF8	1.0
2671.9898011887626	2673.5982598610126	BBF9	1.0
2673.7943652158647	2675.4465957670313	BBF8	1.0
2676.999783008512	2679.074784366068	BBF9	1.0
2677.348838333916	2679.140086776166	BBF8	1.0
2681.7703942958246	2683.660727226396	BBF9	1.0
2682.7850913379934	2684.5403935081754	BBF8	1.0
2686.8813930691117	2688.753589486512	BBF9	1.0
2686.897128866719	2688.274892049519	BBF8	1.0
2690.335442732546	2691.880594503689	BBF8	1.0
2691.48129196507	2693.371624895641	BBF9	1.0
2694.168698055934	2695.8209286071005	BBF8	1.0
2698.257503734215	2699.97305402759	BBF8	1.0
2701.6546544699536	2703.7296558275093	BBF9	1.0
2702.508932365609	2704.1322221291384	BBF8	1.0
2705.6759294672433	2707.182509385172	BBF9	1.0
2706.5977380438894	2708.3889864861394	BBF8	1.0
2711.2208762824002	2712.6368956279457	BBF8	1.0
2711.274796305253	2713.088924987853	BBF9	1.0
2714.217784989776	2715.973087159958	BBF8	1.0
2717.1989085197447	2718.8073671919947	BBF9	1.0
2718.0278084627193	2719.7979591840945	BBF8	1.0
2721.6984408329945	2723.243592604137	BBF8	1.0
2722.82100717036	2724.7113401009315	BBF9	1.0
2726.458038906481	2727.918543157208	BBF8	1.0
2726.6077926251137	2728.7035481452044	BBF9	1.0
2730.7123988055673	2732.335688569097	BBF8	1.0
2732.8339184034808	2734.6480470860806	BBF9	1.0
2734.568885979401	2735.946649162201	BBF8	1.0
2738.123359097451	2739.8389093908263	BBF8	1.0
2738.27016255325	2739.8786212255	BBF9	1.0
2742.3283240279557	2743.9805545791223	BBF8	1.0
2746.1383475008997	2747.9295959431497	BBF8	1.0
2746.749774154385	2748.8247755119405	BBF9	1.0
2750.4130079827382	2752.16831015292	BBF8	1.0
2751.0476594864667	2752.503049176	BBF9	1.0
2755.5240150805894	2757.069166851732	BBF8	1.0
2756.1193449324783	2757.478482338478	BBF9	1.0
2759.8525164640837	2761.724712881484	BBF9	1.0
2760.6814858793296	2762.4516366007047	BBF8	1.0
2762.686797601997	2764.500926284597	BBF9	1.0
2764.468277501828	2766.259525944078	BBF8	1.0
2765.9137461010328	2767.4835939821864	BBF9	1.0
2768.7429379836667	2770.3662277471963	BBF8	1.0
2772.2509474008284	2773.9664976942036	BBF8	1.0
2773.8239249034555	2775.4323835757054	BBF9	1.0
2776.316521228664	2777.7325405742095	BBF8	1.0
2779.476052889154	2781.231355059336	BBF8	1.0
2781.2008327797994	2783.0911657103707	BBF9	1.0
2783.127005425287	2784.504768608087	BBF8	1.0
2785.164810022341	2787.260565542432	BBF9	1.0
2786.817317629703	2788.362469400846	BBF8	1.0
2790.4797391501666	2792.5547405077223	BBF9	1.0
2790.975818859318	2792.628049410485	BBF8	1.0
2793.945997276183	2795.4525771941117	BBF9	1.0
2794.8787697340404	2796.5943200274155	BBF8	1.0
2797.766834636829	2799.580963319429	BBF9	1.0
2799.3392850194377	2800.9625747829673	BBF8	1.0
2802.229463283398	2804.1016597007983	BBF9	1.0
2802.986685539268	2804.777933981518	BBF8	1.0
2807.95830153445	2809.4188057851775	BBF8	1.0
2808.202092671704	2809.810551343954	BBF9	1.0
2811.4430791011664	2813.1983812713484	BBF8	1.0
2813.8547597711004	2815.7450927016716	BBF9	1.0
2815.8338988352293	2817.379050606372	BBF8	1.0
2819.6671541586174	2821.4373048799926	BBF8	1.0
2821.818265176278	2823.893266533834	BBF9	1.0
2823.6165687342295	2825.4078171764795	BBF8	1.0
2827.20154120844	2829.01566989104	BBF9	1.0
2827.8679973656235	2829.284016711169	BBF8	1.0
2831.2133838296713	2832.836673593201	BBF8	1.0
2834.7811817857664	2836.876937305857	BBF9	1.0
2834.8375524990565	2836.5531027924317	BBF8	1.0
2839.2748359340085	2840.927066485175	BBF8	1.0
2839.585686352046	2841.4760192826175	BBF9	1.0
2843.5727282662924	2845.3639767085424	BBF8	1.0
2846.4020339070735	2847.971881788227	BBF9	1.0
2847.866144106301	2849.3266483570283	BBF8	1.0
2851.18369255405	2853.0558889714503	BBF9	1.0
2851.541252968851	2853.296555139033	BBF8	1.0
2854.103980206013	2855.918108888613	BBF9	1.0
2856.954274122484	2858.724424843859	BBF8	1.0
2859.8654697322636	2861.4739284045136	BBF9	1.0
2860.903688698096	2862.448840469239	BBF8	1.0
2864.9598466478083	2866.8501795783795	BBF9	1.0
2865.1086536286007	2866.7319433921302	BBF8	1.0
2869.3600822599947	2871.07563255337	BBF8	1.0
2871.927913821935	2874.0029151794906	BBF9	1.0
2873.7276701436126	2875.105433326413	BBF8	1.0
2877.5144617661113	2879.269763936293	BBF8	1.0
2879.2514950945238	2881.3472506146145	BBF9	1.0
2881.905281500174	2883.557512051341	BBF8	1.0
2883.646219	2885.5365519305715	BBF9	1.0
2885.9476234775652	2887.738871919815	BBF8	1.0
2888.903690801785	2890.7758872191853	BBF9	1.0
2890.6172254169655	2892.240515180495	BBF8	1.0
2893.4187137626077	2895.4937151201634	BBF9	1.0
2894.566639992577	2896.2821902859523	BBF8	1.0
2897.2404855438567	2898.7470654617855	BBF9	1.0
2899.096850829309	2900.852152999491	BBF8	1.0
2900.7999235437696	2902.6140522263695	BBF9	1.0
2902.6140522263695	2904.159203997512	BBF8	1.0
2906.301237612778	2907.6790007955783	BBF8	1.0
2910.6316692689843	2912.5220021995556	BBF9	1.0
2914.206745598313	2915.976896319688	BBF8	1.0
2917.3864286954013	2919.461430052957	BBF9	1.0
2918.2026238748144	2919.9181741681896	BBF8	1.0
2922.0792089280694	2923.649056809223	BBF9	1.0
2923.0580806177727	2924.6813703813023	BBF8	1.0
2927.681218856283	2929.472467298533	BBF8	1.0
2927.9096324098523	2929.5180910821023	BBF9	1.0
2932.6528348514653	2934.0688541970108	BBF8	1.0
2933.7400563358647	2935.5541850184645	BBF9	1.0
2936.137612418182	2937.892914588364	BBF8	1.0
2938.3617338378867	2940.233930255287	BBF9	1.0
2940.040563292904	2941.585715064047	BBF8	1.0
2942.645673369338	2944.5360062999093	BBF9	1.0
2944.408151176522	2946.0603817276888	BBF8	1.0
2946.8940610902364	2948.5025197624864	BBF9	1.0
2948.566652406137	2950.2822026995123	BBF8	1.0
2952.7948491870866	2954.418138950616	BBF8	1.0
2954.1026529859073	2955.916781668507	BBF9	1.0
2956.6513363609197	2958.111840611647	BBF8	1.0
2958.4660305289535	2959.9726104468823	BBF9	1.0
2960.043186525857	2961.798488696039	BBF8	1.0
2964.550165512144	2965.927928694944	BBF8	1.0
2966.251779551744	2968.3267809093	BBF9	1.0
2967.7561608735227	2969.5474093157727	BBF8	1.0
2969.9135697428082	2971.483417623962	BBF9	1.0
2972.1702124580306	2973.9403631794057	BBF8	1.0
2973.965852763908	2975.779981446508	BBF9	1.0
2976.4981203379457	2978.5938758580364	BBF9	1.0
2979.9993460579203	2981.62263582145	BBF8	1.0
2982.9962547652967	2984.711805058672	BBF8	1.0
2986.5230220729395	2987.939041418485	BBF8	1.0
2988.439272017352	2990.047730689602	BBF9	1.0
2989.91934619784	2991.6746483680217	BBF8	1.0
2993.334428213222	2994.8795799843647	BBF8	1.0
2993.666429853668	2995.5567627842393	BBF9	1.0
2997.0282924339413	2998.680522985108	BBF8	1.0
2998.7279509570703	3000.6001473744705	BBF9	1.0
3000.4666062997685	3002.2578547420185	BBF8	1.0
3003.527385286709	3005.6023866442647	BBF9	1.0
3007.552320685425	3008.930083868225	BBF8	1.0
3008.291268251024	3010.1816011815954	BBF9	1.0
3010.920938999918	3012.6762411700997	BBF8	1.0
3013.161805311309	3014.6683852292376	BBF9	1.0
3014.684498771972	3016.2296505431145	BBF8	1.0
3017.943463513056	3019.551922185306	BBF9	1.0
3019.656114767154	3021.308345318321	BBF8	1.0
3023.280283436539	3024.995833729914	BBF8	1.0
3026.904452105924	3028.5277418694536	BBF8	1.0
3029.187871328011	3031.002000010611	BBF9	1.0
3034.499666337957	3035.9601705886844	BBF8	1.0
3038.380986225644	3040.136288395826	BBF8	1.0
3042.3304008012556	3044.1005515226307	BBF8	1.0
3043.7182029851797	3045.608535915751	BBF9	1.0
3045.608535915751	3047.0690401664783	BBF8	1.0
3049.372095687805	3051.0876459811802	BBF8	1.0
3053.3447421138617	3054.722505296662	BBF8	1.0
3055.073411721683	3056.9637446522543	BBF9	1.0
3056.6204330265755	3058.3757351967574	BBF8	1.0
3059.1646376977706	3060.7730963700205	BBF9	1.0
3060.6163113030766	3062.1614630742192	BBF8	1.0
3064.6465221795424	3066.216370060696	BBF9	1.0
3064.751580682247	3066.4038112334138	BBF8	1.0
3067.5977856736936	3069.6727870312493	BBF9	1.0
3068.422213052522	3070.2134614947718	BBF8	1.0
3072.570425878504	3074.384554561104	BBF9	1.0
3072.9059601883637	3074.366464439091	BBF8	1.0
3076.0190281479636	3077.642317911493	BBF8	1.0
3077.8197832202673	3079.915538740358	BBF9	1.0
3080.1775293775786	3081.8930796709537	BBF8	1.0
3082.281257998895	3084.171590929466	BBF9	1.0
3084.2663350558596	3085.682354401405	BBF8	1.0
3085.750386206231	3087.2569661241596	BBF9	1.0
3087.5884896694624	3089.3437918396444	BBF8	1.0
3088.9013578332574	3090.5098165055074	BBF9	1.0
3092.0722368053043	3093.8634852475543	BBF8	1.0
3094.7093109847197	3096.5234396673195	BBF9	1.0
3097.4147019693387	3098.9845498504924	BBF9	1.0
3098.2751408740596	3099.65290405686	BBF8	1.0
3100.9122049504813	3102.987206308037	BBF9	1.0
3101.574063637218	3103.1973534007475	BBF8	1.0
3105.360855259716	3107.0764055530913	BBF8	1.0
3107.8817487322362	3109.7539451496364	BBF9	1.0
3109.17087873266	3110.823109283827	BBF8	1.0
3112.1564022517123	3114.0467351822836	BBF9	1.0
3113.30614811183	3115.09739655408	BBF8	1.0
3116.2452012703416	3118.3409567904323	BBF9	1.0
3117.7434315467826	3119.20393579751	BBF8	1.0
3121.4837594683913	3123.2390616385733	BBF8	1.0
3121.495590919263	3123.570592276819	BBF9	1.0
3124.0743221185126	3125.5809020364413	BBF9	1.0
3125.8745792024542	3127.419730973597	BBF8	1.0
3128.953002765741	3130.561461437991	BBF9	1.0
3130.2189352356277	3131.9890859570028	BBF8	1.0
3134.516827567911	3136.308076010161	BBF8	1.0
3137.3396871164523	3139.153815799052	BBF9	1.0
3138.3268510408543	3139.950140804384	BBF8	1.0
3140.213187582093	3141.7830354632465	BBF9	1.0
3141.8813241589055	3143.5968744522806	BBF8	1.0
3143.728435583061	3145.6187685136324	BBF9	1.0
3146.2607031570983	3148.356458677189	BBF9	1.0
3146.6438535000843	3148.0216166828845	BBF8	1.0
3149.6639940579053	3151.419296228087	BBF8	1.0
3149.768706860582	3151.8437082181376	BBF9	1.0
3153.613408633518	3155.1585604046604	BBF8	1.0
3154.1595194430874	3155.6149091326206	BBF9	1.0
3157.6789824613534	3159.33121301252	BBF8	1.0
3158.2947820869285	3160.1089107695284	BBF9	1.0
3161.326382981183	3163.0419332745582	BBF8	1.0
3162.848217357675	3164.456676029925	BBF9	1.0
3165.601043463022	3167.2243332265516	BBF8	1.0
3168.4238523830786	3170.31418531365	BBF9	1.0
3169.6898491413026	3171.4810975835526	BBF8	1.0
3171.8156970235327	3173.687893440933	BBF9	1.0
3174.9867110427117	3176.7420132128937	BBF8	1.0
3176.996391234637	3178.810519917237	BBF9	1.0
3179.052284870548	3180.5127891212755	BBF8	1.0
3181.247812941507	3182.754392859436	BBF9	1.0
3183.698654959503	3185.2438067306457	BBF8	1.0
3186.10326177613	3187.7117204483798	BBF9	1.0
3187.9268517404525	3189.3046149232528	BBF8	1.0
3191.1793108027214	3192.802600566251	BBF8	1.0
3193.4212827469723	3195.3116156775436	BBF9	1.0
3196.259721486175	3197.8295693673285	BBF9	1.0
3198.4625860824412	3200.537587439997	BBF9	1.0
3198.9619807017216	3200.7321314230967	BBF8	1.0
3202.4816896632533	3204.577445183344	BBF9	1.0
3202.6093812215513	3204.4006296638013	BBF8	1.0
3206.1058524297655	3207.9199811123653	BBF9	1.0
3206.814346152056	3208.2303654976013	BBF8	1.0
3209.3350743819788	3210.790464071512	BBF9	1.0
3217.2222151513156	3218.767366922458	BBF8	1.0
3220.8115898092683	3222.4200484815183	BBF9	1.0
3221.5433393340445	3223.195569885211	BBF8	1.0
3225.155938766562	3227.0462716971333	BBF9	1.0
3225.7018405636595	3227.4173908570347	BBF8	1.0
3229.6977188401606	3231.158223090888	BBF8	1.0
3229.7326058499143	3231.6048022673144	BBF9	1.0
3232.834018650206	3234.4573084137355	BBF8	1.0
3234.704213747566	3236.518342430166	BBF9	1.0
3236.899592478042	3238.277355660842	BBF8	1.0
3240.8722389040986	3242.5244694552653	BBF8	1.0
3242.486870970525	3244.561872328081	BBF9	1.0
3244.7287260779312	3246.519974520181	BBF8	1.0
3246.4130473009136	3247.9196272188424	BBF9	1.0
3249.8397331757824	3251.6098838971575	BBF8	1.0
3253.0805775187923	3254.9709104493636	BBF9	1.0
3255.1133632267465	3256.8686653969285	BBF8	1.0
3259.202168905027	3260.7473206761697	BBF8	1.0
3262.1642162476796	3264.2599717677704	BBF9	1.0
3264.3828715542127	3265.760634737013	BBF8	1.0
3266.857042394061	3268.7473753246322	BBF9	1.0
3268.1231994758214	3269.746489239351	BBF8	1.0
3270.5741324109968	3272.1825910832467	BBF9	1.0
3272.026150350544	3273.741700643919	BBF8	1.0
3276.602824888165	3278.063329138892	BBF8	1.0
3279.448684826431	3281.262813509031	BBF9	1.0
3282.1087734435773	3283.8640756137593	BBF8	1.0
3285.9040076779174	3287.473855559071	BBF9	1.0
3287.6611856998784	3289.4524341421284	BBF8	1.0
3290.7625775654797	3292.8375789230354	BBF9	1.0
3293.2135979561804	3294.629617301726	BBF8	1.0
3295.153390147985	3296.6087798375183	BBF9	1.0
3297.8947440354755	3299.7850769660467	BBF9	1.0
3298.045822848694	3299.6691126122237	BBF8	1.0
3301.7976885532576	3303.8934440733483	BBF9	1.0
3303.7840899085536	3305.4996402019287	BBF8	1.0
3308.732474053291	3310.110237236091	BBF8	1.0
3311.7409043485613	3313.555033031161	BBF9	1.0
3315.760007929373	3317.368466601623	BBF9	1.0
3315.7717247380583	3317.423955289225	BBF8	1.0
3319.686184259762	3321.7611856173176	BBF9	1.0
3320.371631126124	3321.916782897267	BBF8	1.0
3322.9618698371864	3324.4172595267196	BBF9	1.0
3324.530132355739	3325.9906366064665	BBF8	1.0
3325.2850510977714	3327.0991797803713	BBF9	1.0
3327.991678072011	3329.746980242193	BBF8	1.0
3328.583968487802	3330.456164905202	BBF9	1.0
3333.032989618527	3334.8031403399023	BBF8	1.0
3333.353134933893	3334.961593606143	BBF9	1.0
3337.2844182499216	3339.0756666921716	BBF8	1.0
3340.943292794114	3343.0390483142046	BBF9	1.0
3343.5337860195664	3344.9115492023666	BBF8	1.0
3345.293975236482	3346.8638231176355	BBF9	1.0
3346.6700858296113	3348.3856361229864	BBF8	1.0
3348.540095516226	3350.6150968737816	BBF9	1.0
3352.4662718466143	3353.972851764543	BBF9	1.0
3356.415679989609	3358.3060129201804	BBF9	1.0
3356.9385637262026	3358.5907942773692	BBF8	1.0
3363.338760146152	3365.1528888287517	BBF9	1.0
3363.7687277569667	3365.5599761992166	BBF8	1.0
3368.054818105139	3369.927014522539	BBF9	1.0
3368.670648200815	3370.2939379643444	BBF8	1.0
3372.8173396893385	3374.7076726199098	BBF9	1.0
3376.1394888919745	3377.7479475642244	BBF9	1.0
3376.732100305152	3378.487402475334	BBF8	1.0
3380.785851413145	3382.5999800957447	BBF9	1.0
3382.818845121684	3384.588995843059	BBF8	1.0
3385.3625184964967	3387.4375198540524	BBF9	1.0
3390.3573582067547	3391.8639381246835	BBF9	1.0
3390.462123918015	3391.8781432635606	BBF8	1.0
3393.9004377838423	3395.6159880772175	BBF8	1.0
3395.352197917012	3397.242530847583	BBF9	1.0
3399.0591801415453	3401.154935661636	BBF9	1.0
3400.265964805711	3401.7264690564384	BBF8	1.0
3403.51842386798	3405.273726038162	BBF8	1.0
3404.993400148439	3406.807528831039	BBF9	1.0
3408.9660401040396	3410.5744987762896	BBF9	1.0
3410.9990797111977	3412.5442314823404	BBF8	1.0
3414.0305752521144	3416.10557660967	BBF9	1.0
3414.36769802569	3416.0199285768567	BBF8	1.0
3418.0032152077147	3419.458604897248	BBF9	1.0
3421.0120072528966	3422.389770435697	BBF8	1.0
3424.0434864852355	3425.9338194158067	BBF9	1.0
3426.471492107419	3428.0947818709487	BBF8	1.0
3428.4575308803464	3430.3297272977466	BBF9	1.0
3430.0724289263594	3431.7879792197346	BBF8	1.0
3432.8018798376406	3434.8768811951963	BBF9	1.0
3436.6728273078097	3438.2426751889634	BBF9	1.0
3437.924794376694	3439.716042818944	BBF8	1.0
3440.8400869992643	3442.654215681864	BBF9	1.0
3442.176223008088	3443.6367272588154	BBF8	1.0
3444.6268724540178	3446.7226279741085	BBF9	1.0
3446.357956088148	3447.9031078592907	BBF8	1.0
3449.4823212886404	3451.3726542192117	BBF9	1.0
3453.338802181211	3454.947260853461	BBF9	1.0
3453.699220828697	3455.454522998879	BBF8	1.0
3458.113272413205	3459.904520855455	BBF8	1.0
3458.751814518374	3460.207204207907	BBF9	1.0
3463.3052497891204	3464.875097670274	BBF9	1.0
3465.1060593970824	3466.8762101184575	BBF8	1.0
3467.3011215573265	3469.376122914882	BBF9	1.0
3472.63317894119	3474.3487292345653	BBF8	1.0
3475.501951407191	3477.374147824591	BBF9	1.0
3479.3704155701757	3480.9937053337053	BBF8	1.0
3481.1705136830183	3482.984642365618	BBF9	1.0
3483.8773945564617	3485.6686429987117	BBF8	1.0
3490.9166452412296	3492.29440842403	BBF8	1.0
3493.7622870410078	3495.8580425610985	BBF9	1.0
3494.7499005646177	3496.5052027347997	BBF8	1.0
3497.548941570142	3499.439274500713	BBF9	1.0
3499.373038803128	3501.025269354295	BBF8	1.0
3501.4675976595286	3502.9741775774573	BBF9	1.0
3503.043671173403	3504.759221466778	BBF8	1.0
3505.6336123569777	3507.2420710292276	BBF9	1.0
3506.667839842788	3508.0838591883335	BBF8	1.0
3510.2920085121727	3511.9152982757023	BBF8	1.0
3511.9526653857683	3513.766794068368	BBF9	1.0
3514.078800134672	3515.870048576922	BBF8	1.0
3516.236531948533	3517.8063798296866	BBF9	1.0
3519.0039524289646	3520.464456679692	BBF8	1.0
3522.383749245794	3524.45875060335	BBF9	1.0
3523.092758107245	3524.848060277427	BBF8	1.0
3526.449316451818	3528.3396493823893	BBF9	1.0
3527.7391281962005	3529.5092789175756	BBF8	1.0
3529.8643929048776	3531.3709728228064	BBF9	1.0
3531.572383519588	3533.1175352907308	BBF8	1.0
3535.7076528987586	3537.330942662288	BBF8	1.0
3537.9185840417945	3540.014339561885	BBF9	1.0
3539.6338356239257	3541.349385917301	BBF8	1.0
3541.875240022102	3543.9502413796577	BBF9	1.0
3545.686415012394	3547.2562628935475	BBF9	1.0
3545.9993626457945	3547.651593196961	BBF8	1.0
3548.6124656777984	3550.426594360398	BBF9	1.0
3550.4134142303024	3551.7911774131026	BBF8	1.0
3553.2355963863615	3554.8440550586115	BBF9	1.0
3555.129479870592	3556.884782040774	BBF8	1.0
3557.161772716751	3558.6683526346796	BBF9	1.0
3559.264749249762	3561.055997692012	BBF8	1.0
3561.3202671731974	3563.2106001037687	BBF9	1.0
3564.8515026892865	3566.7236991066866	BBF9	1.0
3565.792899224745	3567.253403475472	BBF8	1.0
3568.6847517692513	3570.759753126807	BBF9	1.0
3568.7433442312313	3570.498646401413	BBF8	1.0
3572.1816580970576	3573.9518088184327	BBF8	1.0
3574.331861011164	3576.427616531255	BBF9	1.0
3576.427616531255	3577.8053797140547	BBF8	1.0
3579.5871481917447	3581.3424503619262	BBF8	1.0
3583.2113168611295	3584.9814675825046	BBF8	1.0
3586.1002095759613	3587.9724059933615	BBF9	1.0
3586.974876633183	3588.520028404326	BBF8	1.0
3589.4185063018977	3591.308839232469	BBF9	1.0
3590.691972704348	3592.315262467877	BBF8	1.0
3592.886789971052	3594.3933698889805	BBF9	1.0
3595.315110942858	3596.7756151935855	BBF8	1.0
3596.139243735871	3597.747702408121	BBF9	1.0
3598.126164846676	3599.841715140051	BBF8	1.0
3601.912956469175	3603.565187020341	BBF8	1.0
3605.4209658863356	3607.212214328586	BBF8	1.0
3607.3674747659525	3608.937322647106	BBF9	1.0
3609.18452565839	3610.56228884119	BBF8	1.0
3611.6580945565784	3613.7330959141336	BBF9	1.0
3612.34405731888	3614.0993594890615	BBF8	1.0
3616.0379215395988	3617.5830733107414	BBF8	1.0
3619.0690427778445	3620.6775014500945	BBF9	1.0
3620.6775014500945	3622.09352079564	BBF8	1.0
3623.72273561994	3625.4780377901216	BBF8	1.0
3626.9861456212366	3628.800274303837	BBF9	1.0
3631.2963188649373	3633.087567307188	BBF8	1.0
3635.7568341503347	3637.1345973331345	BBF8	1.0
3638.9395976612695	3640.5628874247986	BBF8	1.0
3639.182847239307	3640.6894271572355	BBF9	1.0
3642.842548535991	3644.558098829366	BBF8	1.0
3645.4295359958996	3647.319868926471	BBF9	1.0
3647.319868926471	3648.94315869	BBF8	1.0
3651.0137331471906	3652.7292834405653	BBF8	1.0
3654.7025376645943	3656.272385545748	BBF9	1.0
3656.272385545748	3658.0276877159304	BBF8	1.0
3660.4541186258084	3661.914622876535	BBF8	1.0
3663.5546441313236	3665.650399651415	BBF9	1.0
3663.962128042969	3665.507279814112	BBF8	1.0
3666.8303297087477	3668.644458391347	BBF9	1.0
3667.748919665468	3669.401150216634	BBF8	1.0
3670.408028850048	3671.9146087679765	BBF9	1.0
3671.3266246339626	3673.117873076213	BBF8	1.0
3673.608128357302	3675.216587029552	BBF9	1.0
3675.903299171585	3677.526588935114	BBF8	1.0
3678.057662602965	3679.9479955335373	BBF9	1.0
3680.1314959525334	3681.847046245908	BBF8	1.0
3682.442107779878	3684.314304197278	BBF9	1.0
3685.6839082088354	3687.061671391635	BBF8	1.0
3685.717793357302	3687.7927947148582	BBF9	1.0
3689.0757583737723	3690.8310605439547	BBF8	1.0
3692.978709248495	3694.5238610196375	BBF8	1.0
3696.9745875249973	3698.7447382463724	BBF8	1.0
3697.0184599954264	3698.58830787658	BBF9	1.0
3701.133088754612	3702.9243371968623	BBF8	1.0
3703.699046016276	3705.7740473738304	BBF9	1.0
3705.2451262833365	3706.8684160468656	BBF8	1.0
3707.2058823288335	3708.712462246762	BBF9	1.0
3709.333931961617	3710.7499513071634	BBF8	1.0
3710.0182693430215	3711.832398025621	BBF9	1.0
3712.7257821265557	3714.481084296738	BBF8	1.0
3713.0616367943876	3714.9338332117877	BBF9	1.0
3716.4428781977203	3718.0951087488866	BBF8	1.0
3718.19586738028	3720.0862003108505	BBF9	1.0
3720.090278717549	3721.805829010924	BBF8	1.0
3722.2846663989094	3723.8931250711594	BBF9	1.0
3724.6437214047255	3726.104225655454	BBF8	1.0
3726.210842729297	3728.024971411898	BBF9	1.0
3732.054681696609	3733.5998334677515	BBF8	1.0
3736.2828784775593	3737.660641660359	BBF8	1.0
3738.454007972581	3740.5497634926724	BBF9	1.0
3740.046438249614	3741.8017404197944	BBF8	1.0
3742.984211430721	3745.0592127882755	BBF9	1.0
3743.7635343207767	3745.554782763027	BBF8	1.0
3748.247281456619	3750.017432177994	BBF8	1.0
3751.2361599079813	3753.1264928385517	BBF9	1.0
3752.6613330411274	3754.376883334502	BBF8	1.0
3757.5864853354196	3759.046989586146	BBF8	1.0
3761.4197406588064	3763.0430304223355	BBF8	1.0
3761.6435449051824	3763.2520035774323	BBF9	1.0
3765.717632991091	3767.5088814333412	BBF8	1.0
3769.2856828187014	3770.855530699855	BBF9	1.0
3770.758944537607	3772.136707720407	BBF8	1.0
3773.5278202695026	3775.341948952104	BBF9	1.0
3774.7315909636636	3776.486893133846	BBF8	1.0
3776.8561942100496	3778.7283906274497	BBF9	1.0
3778.866860342834	3780.5190908940003	BBF8	1.0
3782.8627386193366	3784.407890390479	BBF8	1.0
3785.475196686819	3787.083655359069	BBF9	1.0
3786.7424576436133	3788.3657474071424	BBF8	1.0
3790.2261460582813	3791.7327259762096	BBF9	1.0
3791.2726684803456	3792.9882187737203	BBF8	1.0
3796.430139279086	3797.8461586246303	BBF8	1.0
3797.8682837837023	3799.9640393037935	BBF9	1.0
3799.7755257431327	3801.530827913315	BBF8	1.0
3802.504115326905	3804.394448257477	BBF9	1.0
3803.841099570969	3805.4933301221354	BBF8	1.0
3807.8137459970258	3809.3588977681684	BBF8	1.0
3812.168549370939	3813.777008043189	BBF9	1.0
3812.251029431978	3813.7115336827064	BBF8	1.0
3815.2654832759363	3816.83533115709	BBF9	1.0
3815.8751981013647	3817.498487864894	BBF8	1.0
3819.4168749039636	3821.231003586565	BBF9	1.0
3819.8478445274213	3821.6390929696718	BBF8	1.0
3823.208003858019	3825.30375937811	BBF9	1.0
3824.51744646682	3825.8952096496196	BBF8	1.0
3827.8500228798875	3829.7403558104597	BBF9	1.0
3832.207188964041	3833.977339685416	BBF8	1.0
3836.2262990909876	3837.9418493843623	BBF8	1.0
3838.3043385525198	3840.379339910074	BBF9	1.0
3841.1746832357258	3842.797972999255	BBF8	1.0
3844.5200696997726	3846.311318142023	BBF8	1.0
3847.318281843589	3848.926740515839	BBF9	1.0
3848.655339078943	3850.3075696301094	BBF8	1.0
3852.475744242087	3854.289872924688	BBF9	1.0
3852.8370721590036	3854.382223930146	BBF8	1.0
3856.0534433833873	3857.9256398007874	BBF9	1.0
3857.181428192176	3858.5974475377225	BBF8	1.0
3860.513951403711	3862.588952761267	BBF9	1.0
3860.596510207559	3862.3518123777394	BBF8	1.0
3864.7317795867275	3866.447329880102	BBF8	1.0
3867.18148162159	3869.0718145521605	BBF9	1.0
3868.890280816344	3870.2680439991436	BBF8	1.0
3870.712717137678	3872.808472657769	BBF9	1.0
3872.3982902335047	3874.0215799970338	BBF8	1.0
3876.0224589028912	3877.8137073451417	BBF8	1.0
3877.4034791681624	3878.9100590860908	BBF9	1.0
3880.25065568384	3882.020806405215	BBF8	1.0
3884.664707268348	3886.2098590394908	BBF8	1.0
3886.1386407079626	3887.952769390564	BBF9	1.0
3888.683817395293	3890.144321646021	BBF8	1.0
3890.2275415191652	3891.836000191415	BBF9	1.0
3891.836000191415	3893.6272486336657	BBF8	1.0
3895.8783421688076	3897.648492890183	BBF8	1.0
3899.9206841461987	3901.4658359173413	BBF8	1.0
3899.9541555259916	3901.844488456564	BBF9	1.0
3903.5550864798993	3905.4272828972994	BBF9	1.0
3904.055953525369	3905.7081840765354	BBF8	1.0
3907.736812748952	3909.5509414315516	BBF9	1.0
3916.9496305222187	3918.740878964469	BBF8	1.0
3921.386913957171	3922.764677139971	BBF8	1.0
3924.2778633243165	3925.8863219965665	BBF9	1.0
3925.8863219965665	3927.431473767709	BBF8	1.0
3930.114518777517	3931.884669498892	BBF8	1.0
3934.0871652035735	3935.878413645824	BBF8	1.0
3934.352873885477	3936.448629405568	BBF9	1.0
3938.570912339416	3940.194202102945	BBF8	1.0
3942.1718491583547	3943.8873994517294	BBF8	1.0
3945.9542500619814	3947.524097943135	BBF9	1.0
3946.980842200425	3948.3968615459694	BBF8	1.0
3950.0808110196363	3952.1558123771924	BBF9	1.0
3950.4191560662516	3952.071386617418	BBF8	1.0
3955.088758005652	3956.8800064479024	BBF8	1.0
3960.3492721914213	3962.2396051219935	BBF9	1.0
3964.6138166880105	3966.329366981385	BBF8	1.0
3968.632926814957	3970.010689997757	BBF8	1.0
3971.978313279004	3973.7336154491845	BBF8	1.0
3972.034873932164	3973.643332604414	BBF9	1.0
3975.9044960041706	3977.449647775313	BBF8	1.0
3978.647012521757	3980.1535924396853	BBF9	1.0
3980.1535924396853	3981.531355622485	BBF8	1.0
3983.847456660404	3985.6027588305865	BBF8	1.0
3987.332234227121	3988.8773859982634	BBF8	1.0
3989.386641388836	3991.200770071437	BBF9	1.0
3991.7927495125173	3993.4449800636835	BBF8	1.0
3992.1949111535764	3993.76475903473	BBF9	1.0
3995.347222630568	3997.0627729239427	BBF8	1.0
3996.983444110949	3998.591902783199	BBF9	1.0
3999.2037098044025	4000.8269995679316	BBF8	1.0
4002.6055427615647	4004.495875692135	BBF9	1.0
4003.0834288286787	4004.499448174225	BBF8	1.0
4006.1600100902597	4008.255765610351	BBF9	1.0
4012.3064734552554	4014.0766241766305	BBF8	1.0
4016.255888030868	4018.0471364731184	BBF8	1.0
4019.9132431529215	4021.9882445104777	BBF9	1.0
