1794.3785218606065	1795.98315922494	chick3	1.0
1798.392349870029	1800.094988327229	chick3	1.0
1801.9225082769224	1803.5375386562557	chick3	1.0
1802.0115948629127	1803.7179104849126	chick2	1.0
1804.6926149971296	1806.2082254060463	chick3	1.0
1805.9709378579273	1807.5829339508364	chick2	1.0
1808.266743348344	1809.7605250646775	chick3	1.0
1808.698485255338	1810.580690040538	chick2	1.0
1811.3279529036217	1812.7936857950217	chick3	1.0
1813.5753905187953	1815.1521454916135	chick2	1.0
1814.641412716743	1816.0477360533857	chick3	1.0
1815.6744707726314	1816.9579455118815	chick2	1.0
1817.5347335138101	1819.24104913581	chick2	1.0
1818.1591846327847	1819.8270102887848	chick3	1.0
1820.1365874815053	1821.5504170776105	chick2	1.0
1821.081780554567	1822.6864179189006	chick3	1.0
1822.612748021486	1824.224744114395	chick2	1.0
1825.3635168277772	1826.8109882447773	chick3	1.0
1827.866733570088	1829.6200289953879	chick2	1.0
1829.2277381998733	1830.8427685792067	chick3	1.0
1830.7199743952126	1832.0034491344627	chick2	1.0
1832.8316239928206	1834.5379396148205	chick2	1.0
1833.2518596356103	1834.9544980928104	chick3	1.0
1836.1624998462619	1837.445974585512	chick2	1.0
1836.8495840979779	1838.4542214623114	chick3	1.0
1840.7503099838507	1842.1938414297738	chick2	1.0
1841.8597473353168	1843.3254802267168	chick3	1.0
1843.829799220987	1845.4065541938053	chick2	1.0
1846.0793007177233	1847.7471263737234	chick3	1.0
1850.023472721141	1851.4297960577837	chick3	1.0
1851.3211275547867	1853.2033323399867	chick2	1.0
1853.6656123357943	1855.181222744711	chick3	1.0
1857.3432862304812	1858.9583166098146	chick3	1.0
1858.0582955584223	1859.6702916513314	chick2	1.0
1860.9410106928487	1862.6436491500488	chick3	1.0
1861.4896264497675	1863.1959420717674	chick2	1.0
1864.973677417859	1866.5504323906773	chick2	1.0
1864.974014199841	1866.4397470912409	chick3	1.0
1867.6044914141326	1869.3577868394325	chick2	1.0
1870.3128596367171	1871.71918297336	chick3	1.0
1870.3419600316329	1871.625434770883	chick2	1.0
1873.0438771087245	1874.4874085546476	chick2	1.0
1874.0793650349785	1875.7471906909786	chick3	1.0
1875.1769695382707	1876.7889656311797	chick2	1.0
1877.6859727676037	1879.1334441846038	chick3	1.0
1878.1455231694304	1879.5593527655356	chick2	1.0
1881.32811358226	1882.8218952985933	chick3	1.0
1881.362937583454	1883.245142368654	chick2	1.0
1885.503249413375	1887.1395101816752	chick3	1.0
1887.2111665950642	1888.9174822170642	chick2	1.0
1889.4153621054284	1890.6988368446785	chick2	1.0
1889.4651879573082	1891.1330136133083	chick3	1.0
1891.8684183986559	1893.445173371474	chick2	1.0
1893.3915934202107	1894.885375136544	chick3	1.0
1894.8902993404292	1896.3041289365344	chick2	1.0
1896.3141881419906	1897.8297985509073	chick3	1.0
1896.916737148748	1898.670032574048	chick2	1.0
1899.174601171969	1900.5809245086118	chick3	1.0
1899.3875692121803	1900.6710439514304	chick2	1.0
1901.6273162629536	1903.3336318849535	chick2	1.0
1902.647959849729	1904.350598306929	chick3	1.0
1904.9869374409272	1906.5989335338363	chick2	1.0
1907.0274108977712	1908.6424412771046	chick3	1.0
1907.244460261905	1908.6582898580102	chick2	1.0
1909.1642434479961	1911.046448233196	chick2	1.0
1909.5413763866998	1911.0071092780997	chick3	1.0
1911.9017120654967	1913.3452435114198	chick2	1.0
1913.2723499029328	1914.9401755589329	chick3	1.0
1914.603629142588	1916.1803841154062	chick2	1.0
1916.6391093386003	1918.1328910549337	chick3	1.0
1916.8433761933613	1918.1268509326114	chick2	1.0
1919.349759798203	1921.103055223503	chick2	1.0
1920.6721128455924	1922.1195842625925	chick3	1.0
1922.0161253348856	1923.4299549309908	chick2	1.0
1924.504733168522	1926.211048790522	chick2	1.0
1924.7228840921025	1926.3591448604027	chick3	1.0
1927.1888750767225	1928.6324065226456	chick2	1.0
1928.1607096898317	1929.7653470541652	chick3	1.0
1930.1218771674735	1931.7338732603826	chick2	1.0
1932.0515808717005	1933.5173137631004	chick3	1.0
1932.752691163747	1934.036165902997	chick2	1.0
1934.868007822088	1936.750212607288	chick2	1.0
1935.649305334068	1937.2643357134014	chick3	1.0
1937.7654583724297	1939.179287968535	chick2	1.0
1938.181037363512	1939.848863019512	chick3	1.0
1940.6095816111572	1942.1863365839754	chick2	1.0
1942.0719085463809	1943.4782318830237	chick3	1.0
1943.6847898635444	1944.9682646027945	chick2	1.0
1945.1632866030595	1946.6788970119762	chick3	1.0
1946.155621927977	1947.908917353277	chick2	1.0
1949.1419513293415	1950.5557809254467	chick2	1.0
1949.3650734439507	1950.858855160284	chick3	1.0
1951.6838870749052	1953.2958831678143	chick2	1.0
1952.8206643831925	1954.5233028403925	chick3	1.0
1954.4746830030194	1956.1809986250194	chick2	1.0
1956.471688467106	1958.0763258314396	chick3	1.0
1957.1943758503155	1958.6379072962386	chick2	1.0
1959.5230017531117	1961.0997567259299	chick2	1.0
1961.064339200336	1962.530072091736	chick3	1.0
1962.7581919373397	1964.0416666765898	chick2	1.0
1963.8892179502814	1965.5042483296147	chick3	1.0
1965.033490528522	1966.915695313722	chick2	1.0
1967.833389952699	1969.501215608699	chick3	1.0
1970.4195489125002	1972.1728443378001	chick2	1.0
1971.972993902786	1973.3793172394287	chick3	1.0
1973.388103144974	1974.801932741079	chick2	1.0
1975.450092492701	1977.156408114701	chick2	1.0
1975.517417544605	1976.964888961605	chick3	1.0
1978.0631307187703	1979.5066621646934	chick2	1.0
1979.4971226290536	1981.1333833973538	chick3	1.0
1980.4095323907707	1982.0215284836797	chick2	1.0
1982.4537459692938	1983.7372207085439	chick2	1.0
1983.3524619288942	1984.8462436452276	chick3	1.0
1984.5868383988402	1986.4690431840402	chick2	1.0
1987.4121152466594	1989.1147537038594	chick3	1.0
1987.5731678002044	1988.9869973963096	chick2	1.0
1989.8662421615913	1991.4429971344096	chick2	1.0
1990.5656761951423	1992.1703135594757	chick3	1.0
1992.710365400319	1993.993840139569	chick2	1.0
1993.8880192795211	1995.4036296884378	chick3	1.0
1994.8790093702742	1996.632304795574	chick2	1.0
1997.66340794804	1999.0697312846828	chick3	1.0
1997.74090898052	1999.1844404264432	chick2	1.0
2000.4428260576112	2002.0548221505203	chick2	1.0
2002.4603738981966	2003.9261067895966	chick3	1.0
2003.4647069993848	2004.87853659549	chick2	1.0
2005.8111086713852	2007.6933134565852	chick2	1.0
2006.3867793610991	2008.0546050170992	chick3	1.0
2009.5262446531365	2011.1029996259547	chick2	1.0
2010.2065843809064	2011.7003660972398	chick3	1.0
2012.1215071090005	2013.4049818482506	chick2	1.0
2014.2928887094474	2015.7403601264475	chick3	1.0
2014.6101149426372	2016.3164305646371	chick2	1.0
2017.152050087888	2018.5955815338111	chick2	1.0
2018.0593953067112	2019.465718643354	chick3	1.0
2019.249591577338	2020.861587670247	chick2	1.0
2021.6215854890454	2023.3242239462454	chick3	1.0
2021.9692844256344	2023.3831140217396	chick2	1.0
2024.3867891784532	2026.1400846037532	chick2	1.0
2024.7040802754666	2026.3087176398	chick3	1.0
2027.515324741454	2029.2216403634538	chick2	1.0
2029.509929495881	2030.9756623872809	chick3	1.0
2029.950605264477	2031.234080003727	chick2	1.0
2032.8302800446138	2034.407035017432	chick2	1.0
2033.6939485972541	2035.3617742532542	chick3	1.0
2035.869936756592	2037.752141541792	chick2	1.0
2037.593704249383	2039.2087346287165	chick3	1.0
2038.891817697365	2040.335349143288	chick2	1.0
2041.4337534439292	2043.140069065929	chick2	1.0
2041.5822926040896	2043.0979030130063	chick3	1.0
2044.3134282240667	2045.5969029633168	chick2	1.0
2045.2066656782276	2046.700447394561	chick3	1.0
2046.9442422193395	2048.5562383122488	chick2	1.0
2048.8818011766357	2050.295630772741	chick2	1.0
2049.2929700057684	2050.9956084629684	chick3	1.0
2051.4770636324997	2053.2303590578	chick2	1.0
2053.7079541348417	2055.1142774714845	chick3	1.0
2054.4989445732726	2056.205260195273	chick2	1.0
2056.6320370028193	2057.915511742069	chick2	1.0
2057.776491921867	2059.242224813267	chick3	1.0
2059.280626769297	2060.7241582152205	chick2	1.0
2061.596298141677	2063.2113285210103	chick3	1.0
2061.9469923059796	2063.8291970911796	chick2	1.0
2064.918641225056	2066.586466881056	chick3	1.0
2064.986649619271	2066.400479215376	chick2	1.0
2067.457481682703	2069.069477775612	chick2	1.0
2068.9544588071485	2070.4482405234817	chick3	1.0
2070.5914852837136	2071.8749600229635	chick2	1.0
2072.5599942614494	2074.0074656784495	chick3	1.0
2073.607898187477	2075.314213809477	chick2	1.0
2076.452021427205	2077.8955528731285	chick2	1.0
2076.5424149547853	2078.1786757230852	chick3	1.0
2079.082835422478	2080.659590395296	chick2	1.0
2081.002222619029	2082.670048275029	chick3	1.0
2082.1224921344565	2084.0046969196565	chick2	1.0
2085.073269995412	2086.487099591517	chick2	1.0
2085.311277186462	2086.717600523105	chick3	1.0
2087.508551119748	2089.120547212657	chick2	1.0
2088.74093286248	2090.20666575388	chick3	1.0
2090.3348985892717	2091.6183733285216	chick2	1.0
2091.9318945540417	2093.546924933375	chick3	1.0
2092.9123852739312	2094.6656806992314	chick2	1.0
2094.3439590850635	2095.8595694939804	chick3	1.0
2095.880938905091	2097.2947685011964	chick2	1.0
2098.3891939855716	2100.0918324427716	chick3	1.0
2098.5117529013646	2100.2180685233648	chick2	1.0
2101.622512694161	2103.066044140084	chick2	1.0
2102.597745823128	2104.2023831874617	chick3	1.0
2104.484411703093	2106.061166675911	chick2	1.0
2106.027401499146	2107.493134390546	chick3	1.0
2107.6840503479125	2109.5662551331125	chick2	1.0
2109.5198713813356	2111.013653097669	chick3	1.0
2111.0081199844767	2112.2915947237266	chick2	1.0
2112.434449565737	2114.102275221737	chick3	1.0
2113.336745886272	2114.9487419791812	chick2	1.0
2115.751039669644	2117.1573630062867	chick3	1.0
2117.105209178637	2118.519038774742	chick2	1.0
2119.6078319506346	2121.0553033676347	chick3	1.0
2119.7182474037054	2121.4715428290056	chick2	1.0
2122.864558737911	2124.570874359911	chick2	1.0
2123.137990356529	2124.7426277208624	chick3	1.0
2125.8686639084794	2127.312195354403	chick2	1.0
2126.7435248118272	2128.4461632690272	chick3	1.0
2129.1216298639124	2130.6983848367304	chick2	1.0
2131.0651422214946	2132.680172600828	chick3	1.0
2131.450256367022	2132.733731106272	chick2	1.0
2133.298936472295	2135.181141257495	chick2	1.0
2134.947060183954	2136.4626705928704	chick3	1.0
2136.374144724682	2137.7879743207873	chick2	1.0
2138.3117036809776	2139.9236997738867	chick2	1.0
2139.519934419311	2140.926257755954	chick3	1.0
2140.480347650933	2142.186663272933	chick2	1.0
2143.0500918272023	2144.7527302844023	chick3	1.0
2143.5200043629106	2144.963535808834	chick2	1.0
2146.3285760612293	2147.9053310340473	chick2	1.0
2147.019949679304	2148.513731395637	chick3	1.0
2149.2260266115713	2151.1082313967713	chick2	1.0
2150.6506108160734	2152.1163437074733	chick3	1.0
2152.4256652553904	2153.7091399946403	chick2	1.0
2154.2938347940776	2155.908865173411	chick3	1.0
2155.0387024109004	2156.6506985038095	chick2	1.0
2156.856654420915	2158.524480076915	chick3	1.0
2158.1494622036967	2159.563291799802	chick2	1.0
2160.6380686544962	2162.0855400714963	chick3	1.0
2160.958033902016	2162.711329327316	chick2	1.0
2164.256166950032	2165.6624902866747	chick3	1.0
2164.424309099903	2166.130624721903	chick2	1.0
2167.659499284131	2169.1030307300543	chick2	1.0
2167.949642293974	2169.585903062274	chick3	1.0
2169.934797875313	2171.546793968222	chick2	1.0
2172.636714953405	2173.9201896926547	chick2	1.0
2175.0897712466326	2176.9719760318326	chick2	1.0
2176.3164936031467	2177.92113096748	chick3	1.0
2178.0938770195153	2179.5077066156205	chick2	1.0
2179.1682585793774	2180.6838689882943	chick3	1.0
2180.564709082947	2182.0082405288704	chick2	1.0
2181.2034388713664	2182.6972205876996	chick3	1.0
2183.6043657949253	2185.3106814169255	chick2	1.0
2184.9220398977777	2186.6246783549777	chick3	1.0
2186.6795740473126	2187.9630487865625	chick2	1.0
2188.47732398614	2189.883647322783	chick3	1.0
2189.7547822996994	2191.3667783926085	chick2	1.0
2192.133109807377	2193.800935463377	chick3	1.0
2192.954420943518	2194.707716368818	chick2	1.0
2195.9622355961687	2197.3190284005786	chick2	1.0
2196.0150277698363	2197.6300581491696	chick3	1.0
2198.6604431921787	2200.5426479773787	chick2	1.0
2199.1808637789295	2200.6465966703295	chick3	1.0
2201.824530896902	2203.2680623428255	chick2	1.0
2203.4019784577204	2204.8957601740535	chick3	1.0
2204.86418760888	2206.440942581698	chick2	1.0
2207.850517009244	2209.556832631244	chick2	1.0
2208.3768626155797	2210.0795010727797	chick3	1.0
2211.067931424268	2212.351406163518	chick2	1.0
2213.037676739578	2214.5532871484947	chick3	1.0
2213.680969649336	2215.292965742245	chick2	1.0
2216.7739536719278	2218.187783268033	chick2	1.0
2217.1959772111964	2218.602300547839	chick3	1.0
2218.835943020656	2220.589238445956	chick2	1.0
2221.47990609616	2223.14773175216	chick3	1.0
2222.1045287841844	2223.8108444061845	chick2	1.0
2224.9508085863345	2226.394340032258	chick2	1.0
2224.997500661817	2226.633761430117	chick3	1.0
2227.5993983528124	2229.1761533256304	chick2	1.0
2229.231178181843	2230.678649598843	chick3	1.0
2230.5501762127674	2231.8336509520173	chick2	1.0
2232.878802114563	2234.761006899763	chick2	1.0
2233.5025442255715	2235.107181589905	chick3	1.0
2236.4517319336774	2237.8655615297826	chick2	1.0
2238.276423921681	2239.979062378881	chick3	1.0
2238.5492728228146	2240.1612689157237	chick2	1.0
2241.535602224179	2243.288897649479	chick2	1.0
2243.61563047634	2245.2306608556732	chick3	1.0
2244.219743531066	2245.5032182703158	chick2	1.0
2246.708351966016	2248.414667588016	chick2	1.0
2247.434734233627	2249.1025598896267	chick3	1.0
2249.8724390694256	2251.315970515349	chick2	1.0
2251.9699199442807	2253.3762432809235	chick3	1.0
2253.3209384971087	2254.932934590018	chick2	1.0
2255.995311666793	2257.3478063192824	chick2	1.0
2257.371940706112	2258.226212063112	chick3	1.0
2259.7913188665652	2261.673523651765	chick2	1.0
2261.278984352041	2262.894014731374	chick3	1.0
2262.4043570926337	2263.6878318318836	chick2	1.0
2264.2815034240857	2265.728974841086	chick3	1.0
2264.875189156066	2266.451944128884	chick2	1.0
2267.598093527993	2269.2027308923266	chick3	1.0
2267.879294928948	2269.2931245250534	chick2	1.0
2270.5101089252216	2272.263404350522	chick2	1.0
2272.799108829073	2274.2054321657156	chick3	1.0
2273.7808506498586	2275.4871662718588	chick2	1.0
2276.5805240626564	2278.2167848309564	chick3	1.0
2277.122695456314	2278.5662269022373	chick2	1.0
2279.5402002091328	2281.152196302042	chick2	1.0
2280.889578630089	2282.3833603464223	chick3	1.0
2281.531086476042	2282.814561215292	chick2	1.0
2284.073021621293	2285.955226406493	chick2	1.0
2284.0805403216514	2285.5961507305683	chick3	1.0
2287.823709143453	2289.237538739558	chick2	1.0
2289.0428616372756	2290.4491849739184	chick3	1.0
2290.596729902676	2292.173484875494	chick2	1.0
2293.636386613654	2295.389682038954	chick2	1.0
2294.972522732958	2296.675161190158	chick3	1.0
2296.3560794619502	2297.6395542012	chick2	1.0
2298.862463065791	2300.4744591587	chick2	1.0
2298.9800691097626	2300.584706474096	chick3	1.0
2302.0443259394056	2303.7506415614057	chick2	1.0
2302.9876144865652	2304.453347377965	chick3	1.0
2305.4217222862703	2306.8652537321937	chick2	1.0
2306.6810898305075	2308.3489154865074	chick3	1.0
2308.7280155513163	2310.1418451474215	chick2	1.0
2309.897177204539	2311.390958920872	chick3	1.0
2311.4299326284076	2313.3121374136076	chick2	1.0
2314.0177891524536	2315.6540499207536	chick3	1.0
2314.5229172523127	2315.8063919915626	chick2	1.0
2316.727112762677	2318.339108855586	chick2	1.0
2317.6107617655202	2319.0582331825203	chick3	1.0
2319.5890117726094	2321.0028413687146	chick2	1.0
2321.6811179864876	2323.0874413231304	chick3	1.0
2322.2731530794968	2324.026448504797	chick2	1.0
2325.424844695368	2327.127483152568	chick3	1.0
2325.8638586688157	2327.4406136416337	chick2	1.0
2329.3123580954975	2331.1945628806975	chick2	1.0
2331.9609478619755	2333.404479307899	chick2	1.0
2333.3268718768663	2334.9419022561997	chick3	1.0
2334.645089168863	2336.351404790863	chick2	1.0
2337.2716030474967	2338.9394287034966	chick3	1.0
2337.6491915990027	2338.9326663382526	chick2	1.0
2339.640077866912	2341.2520739598212	chick2	1.0
2340.1359308649617	2341.740568229295	chick3	1.0
2341.8798249176853	2343.2936545137904	chick2	1.0
2344.017848827422	2345.483581718822	chick3	1.0
2344.937257398867	2346.6905528241673	chick2	1.0
2347.6359471239566	2349.151557532873	chick3	1.0
2347.9413625704365	2349.38489401636	chick2	1.0
2350.7143827283458	2352.420698350346	chick2	1.0
2352.522891392174	2354.225529849374	chick3	1.0
2353.2740936438013	2354.557568383051	chick2	1.0
2356.1715441941433	2357.5853737902485	chick2	1.0
2356.894760165779	2358.4993975301127	chick3	1.0
2358.784583020525	2360.666787805725	chick2	1.0
2360.173661746983	2361.8414874029827	chick3	1.0
2362.695252474526	2364.1387839204494	chick2	1.0
2364.7088474576362	2366.1563188746363	chick3	1.0
2365.6034858369762	2367.180240809794	chick2	1.0
2368.703462817664	2369.9869375569137	chick2	1.0
2369.9224222379435	2371.3287455745863	chick3	1.0
2371.174294881096	2372.786290974005	chick2	1.0
2373.728963152996	2375.194696044396	chick3	1.0
2374.018418120824	2375.4322477169294	chick2	1.0
2378.578219896512	2380.246045552512	chick3	1.0
2380.8087629552756	2382.5620583805758	chick2	1.0
2383.2139073390395	2384.7076890553726	chick3	1.0
2385.074216959303	2386.7805325813033	chick2	1.0
2387.977740893279	2389.4212723392025	chick2	1.0
2388.3772351154175	2389.892845524334	chick3	1.0
2390.491614429336	2392.103610522245	chick2	1.0
2393.1060429072763	2394.9882476924763	chick2	1.0
2394.6586557676665	2396.3612942248665	chick3	1.0
2396.2986622982894	2397.5821370375393	chick2	1.0
2398.6033869382964	2400.2184173176297	chick3	1.0
2398.7873970991254	2400.4937127211256	chick2	1.0
2401.854322136683	2403.2681517327883	chick2	1.0
2404.2441026845854	2405.9119283405853	chick3	1.0
2404.35562630513	2405.967622398039	chick2	1.0
2407.1711646648337	2408.924460090134	chick2	1.0
2407.610944153431	2409.0172674900737	chick3	1.0
2409.997884001985	2411.445355418985	chick3	1.0
2410.288367850185	2411.621472578685	chick2	1.0
2413.7541735521	2415.3904343204	chick3	1.0
2414.1471637275426	2415.4306384667925	chick2	1.0
2416.6358978520266	2418.5181026372265	chick2	1.0
2418.3144805842126	2419.8082623005457	chick3	1.0
2419.815947875429	2421.2594793213525	chick2	1.0
2423.25167721737	2424.71741010877	chick3	1.0
2423.498772606243	2425.2050882282433	chick2	1.0
2426.0629236127415	2427.3463983519914	chick2	1.0
2426.731584258326	2428.434222715526	chick3	1.0
2428.6773520906813	2430.2893481835904	chick2	1.0
2431.404960224557	2432.9205706334733	chick3	1.0
2431.8322633778625	2433.2460929739677	chick2	1.0
2434.5975235907727	2436.350819016073	chick2	1.0
2435.1235612509677	2436.738591630301	chick3	1.0
2438.0666690712123	2439.7729846932125	chick2	1.0
2440.0356322016564	2441.7382706588564	chick3	1.0
2441.7494938010254	2443.1930252469488	chick2	1.0
2443.5281020838465	2445.13273944818	chick3	1.0
2444.7410033092738	2446.3177582820917	chick2	1.0
2446.203987281795	2447.651458698795	chick3	1.0
2448.1598713182716	2450.0420761034716	chick2	1.0
2450.085904246252	2451.492227582895	chick3	1.0
2451.9055422107845	2453.3193718068896	chick2	1.0
2453.791942430429	2455.494580887629	chick3	1.0
2454.3439995411804	2455.9559956340895	chick2	1.0
2457.3732171522593	2459.1265125775594	chick2	1.0
2460.613565259761	2462.2813909157608	chick3	1.0
2460.8172238964776	2462.1006986357274	chick2	1.0
2463.5950541533502	2465.3013697753504	chick2	1.0
2464.0055314120727	2465.620561791406	chick3	1.0
2467.1144764278783	2468.5580078738017	chick2	1.0
2468.07589199505	2469.591502403967	chick3	1.0
2470.4202201273833	2471.9969751002013	chick2	1.0
2472.6487662304066	2474.14254794674	chick3	1.0
2473.4117296356317	2475.2939344208316	chick2	1.0
2476.579210291424	2477.993039887529	chick2	1.0
2478.9553115661224	2480.4210444575224	chick3	1.0
2479.4575954901798	2481.069591583089	chick2	1.0
2482.5119511601265	2484.2182667821266	chick2	1.0
2483.8045683096384	2485.210891646281	chick3	1.0
2485.8176948596315	2487.1011695988814	chick2	1.0
2488.758926897439	2490.370922990348	chick2	1.0
2490.601065455501	2492.268891111501	chick3	1.0
2492.1275174359953	2493.5413470321005	chick2	1.0
2494.880208957648	2496.633504382948	chick2	1.0
2498.475047437837	2500.181363059837	chick2	1.0
2500.1613833269444	2501.7976440952443	chick3	1.0
2502.13273343243	2503.5762648783534	chick2	1.0
2503.942798559528	2505.390269976528	chick3	1.0
2504.9105636903037	2506.2436684188037	chick2	1.0
2506.6312465997103	2508.2358839640438	chick3	1.0
2508.178599286978	2510.060804072178	chick2	1.0
2511.229245517534	2512.931883974734	chick3	1.0
2511.30837183994	2512.5918465791897	chick2	1.0
2513.985646478577	2515.597642571486	chick2	1.0
2514.1186990174688	2515.612480733802	chick3	1.0
2517.1531271343697	2518.85944275637	chick2	1.0
2519.055895650626	2520.521628542026	chick3	1.0
2520.7982437613528	2522.241775207276	chick2	1.0
2523.390075900528	2525.0579015565277	chick3	1.0
2524.0285712561968	2525.6053262290147	chick2	1.0
2527.4600086328046	2528.87383822891	chick2	1.0
2527.6111895803165	2529.0175129169593	chick3	1.0
2530.5520724055823	2532.4342771907823	chick2	1.0
2531.0031567326305	2532.4506281496306	chick3	1.0
2533.9583710469697	2535.401902492893	chick2	1.0
2535.337336982532	2536.973597750832	chick3	1.0
2536.924741818997	2538.536737911906	chick2	1.0
2539.596140185027	2541.2639658410267	chick3	1.0
2540.2179161518925	2541.9712115771927	chick2	1.0
2543.674492263721	2545.380807885721	chick2	1.0
2543.9303194359263	2545.4241011522595	chick3	1.0
2547.131067699197	2548.414542438447	chick2	1.0
2547.862488764324	2549.378099173241	chick3	1.0
2550.575074444416	2552.187070537325	chick2	1.0
2552.4228001574465	2553.8291234940893	chick3	1.0
2553.478598378392	2554.892427974497	chick2	1.0
2556.3192754743163	2558.2014802595163	chick2	1.0
2556.45547221672	2558.15811067392	chick3	1.0
2559.4490480262775	2560.892579472201	chick2	1.0
2561.706738882737	2563.2223492916537	chick3	1.0
2562.930762196974	2564.5075171697918	chick2	1.0
2565.6012196874317	2567.216250066765	chick3	1.0
2566.5256013545163	2568.2319169765165	chick2	1.0
2569.7720830002845	2571.376720364618	chick3	1.0
2570.862033204065	2572.145507943315	chick2	1.0
2573.5895859904967	2575.201582083406	chick2	1.0
2574.445458966516	2576.148097423716	chick3	1.0
2576.731927233716	2578.145756829821	chick2	1.0
2579.8223550448806	2581.2880879362806	chick3	1.0
2580.263919552206	2582.0172149775062	chick2	1.0
2584.0598685915124	2585.7661842135126	chick2	1.0
2584.7846773605065	2586.4525030165064	chick3	1.0
2587.390751027239	2588.834282473162	chick2	1.0
2589.734436834899	2591.370697603199	chick3	1.0
2590.8096190362367	2592.3863740090546	chick2	1.0
2594.294747229019	2595.742218646019	chick3	1.0
2594.3667494135952	2595.650224152845	chick2	1.0
2596.880622949652	2598.762827734852	chick2	1.0
2598.540987590279	2600.0347693066124	chick3	1.0
2600.425184635753	2602.037180728662	chick2	1.0
2603.8676323037057	2605.3333651951057	chick3	1.0
2604.0577318951255	2605.4715614912307	chick2	1.0
2607.438891801293	2608.771996529793	chick2	1.0
2607.5611066476463	2608.967429984289	chick3	1.0
2610.857759133938	2612.6110545592383	chick2	1.0
2611.304833356526	2612.972659012526	chick3	1.0
2615.58876224149	2617.203792620823	chick3	1.0
2616.048907985986	2617.3323827252357	chick2	1.0
2618.490778582659	2619.938249999659	chick3	1.0
2618.814168875249	2620.520484497249	chick2	1.0
2621.692554074004	2623.1360855199273	chick2	1.0
2622.988301667665	2624.5929390319984	chick3	1.0
2624.784617846782	2626.396613939691	chick2	1.0
2627.0084108857036	2628.7110493429036	chick3	1.0
2628.3166101652723	2629.7304397613775	chick2	1.0
2631.3081196735207	2633.1903244587206	chick2	1.0
2631.8953561529233	2633.5103865322567	chick3	1.0
2634.978375036724	2636.261849775974	chick2	1.0
2636.5037018461776	2638.0193122550945	chick3	1.0
2638.2841187362296	2639.8608737090476	chick2	1.0
2640.012593605968	2641.506375322301	chick3	1.0
2641.8915265840287	2643.644822009329	chick2	1.0
2644.1788473668284	2645.8151081351284	chick3	1.0
2645.536643211012	2647.242958833012	chick2	1.0
2648.8549562791277	2650.298487725051	chick2	1.0
2648.8718066288816	2650.5396322848815	chick3	1.0
2651.9632076080943	2653.369530944737	chick3	1.0
2652.135561243412	2653.7475573363213	chick2	1.0
2654.5488798385877	2655.962709434693	chick2	1.0
2655.37652102818	2656.82399244518	chick3	1.0
2657.1884463743945	2659.0706511595945	chick2	1.0
2659.2542308319507	2660.858868196284	chick3	1.0
2660.6450224872237	2661.9284972264736	chick2	1.0
2663.2468815965526	2664.9531972185528	chick2	1.0
2664.9430865320933	2666.6457249892933	chick3	1.0
2666.238391104801	2667.6819225507243	chick2	1.0
2669.6334900073134	2671.2485203866468	chick3	1.0
2669.795522158512	2671.37227713133	chick2	1.0
2672.7367535189665	2674.1505831150716	chick2	1.0
2673.6505187261896	2675.1162516175896	chick3	1.0
2675.8413873357067	2677.594682761007	chick2	1.0
2678.828538404279	2680.4963640602787	chick3	1.0
2679.360810286587	2680.644285025837	chick2	1.0
2681.987808132137	2683.6941237541373	chick2	1.0
2682.0793130900747	2683.573094806408	chick3	1.0
2685.5700779210683	2687.1820740139774	chick2	1.0
2685.6783850636343	2687.1939954725513	chick3	1.0
2688.611864223405	2690.0256938195103	chick2	1.0
2689.439995771484	2691.076256539784	chick3	1.0
2691.565665627822	2693.447870413022	chick2	1.0
2694.5251361728356	2696.2277746300356	chick3	1.0
2695.2987678290774	2696.7422992750007	chick2	1.0
2698.6170808971933	2700.1938358700113	chick2	1.0
2699.2851991056086	2700.7509319970086	chick3	1.0
2702.086226376632	2703.369701115882	chick2	1.0
2702.652072887325	2704.319898543325	chick3	1.0
2704.7006548545714	2706.3126509474805	chick2	1.0
2706.065386307411	2707.4717096440536	chick3	1.0
2708.572019423187	2710.3253148484873	chick2	1.0
2710.3610528564986	2712.0636913136987	chick3	1.0
2712.782757596633	2714.489073218633	chick2	1.0
2714.9121374166125	2716.527167795946	chick3	1.0
2716.1513481341894	2717.594879580113	chick2	1.0
2718.070032825671	2719.5175042426713	chick3	1.0
2719.545077407967	2721.157073500876	chick2	1.0
2721.5530057033097	2723.157643067643	chick3	1.0
2722.7125573874064	2724.5947621726064	chick2	1.0
2725.128857857685	2726.765118625985	chick3	1.0
2726.4330902210513	2727.8469198171565	chick2	1.0
2728.913688384719	2730.581514040719	chick3	1.0
2729.500015934961	2731.2533113602613	chick2	1.0
2733.070036018701	2734.476359355344	chick3	1.0
2733.233118136216	2734.939433758216	chick2	1.0
2736.8405259840156	2738.1240007232655	chick2	1.0
2737.31926292942	2738.8348733383364	chick3	1.0
2739.25384457819	2740.8658406710992	chick2	1.0
2742.61338170343	2744.2284120827635	chick3	1.0
2743.062362985107	2744.944567770307	chick2	1.0
2745.399760005541	2747.102398462741	chick3	1.0
2746.8457426578034	2748.2892741037267	chick2	1.0
2748.9523923407323	2750.557029705066	chick3	1.0
2750.038362048816	2751.615117021634	chick2	1.0
2752.9462012404238	2754.4119341318237	chick3	1.0
2753.7665534125836	2755.1803830086888	chick2	1.0
2757.2669153731513	2758.9732309951514	chick2	1.0
2757.4276263429856	2759.0954519989855	chick3	1.0
2760.7284724990577	2762.340468591967	chick2	1.0
2761.2356766892035	2762.7294584055367	chick3	1.0
2764.515276603237	2765.798751342487	chick2	1.0
2765.2527054080797	2766.70017682508	chick3	1.0
2767.744514458948	2769.497809884248	chick2	1.0
2769.734130510641	2771.140453847284	chick3	1.0
2771.461622782069	2773.167938404069	chick2	1.0
2773.890478144623	2775.593116601823	chick3	1.0
2775.335587676482	2776.7791191224055	chick2	1.0
2778.268577398784	2779.845332371602	chick2	1.0
2778.9523987267908	2780.2773909602906	chick3	1.0
2782.133513955034	2783.8013396110337	chick3	1.0
2782.171541138061	2784.053745923261	chick2	1.0
2786.3337837201298	2787.747613316235	chick2	1.0
2786.6845985151485	2788.289235879482	chick3	1.0
2789.931004762576	2791.543000855485	chick2	1.0
2791.189243436894	2792.7048538458102	chick3	1.0
2793.926896209931	2795.2103709491807	chick2	1.0
2795.322371251692	2796.958632019992	chick3	1.0
2798.480353905754	2800.233649331054	chick2	1.0
2799.176861236278	2800.642594127678	chick3	1.0
2802.661391660539	2804.238146633357	chick2	1.0
2803.1117688788195	2804.6055505951526	chick3	1.0
2805.914570551996	2807.796775337196	chick2	1.0
2809.283199969824	2810.7267314157475	chick2	1.0
2809.4168014965353	2811.084627152535	chick3	1.0
2812.535669752555	2814.147665845464	chick2	1.0
2814.107204971755	2815.513528308398	chick3	1.0
2816.2063142216366	2817.9126298436368	chick2	1.0
2817.9849147755253	2819.6875532327253	chick3	1.0
2819.78403098264	2821.06750572189	chick2	1.0
2821.491107472348	2823.006717881265	chick3	1.0
2823.1368909353423	2824.8901863606425	chick2	1.0
2826.5298082353315	2828.134445599665	chick3	1.0
2827.041712222136	2828.4555418182413	chick2	1.0
2830.3777897035347	2831.989785796444	chick2	1.0
2831.4283561170237	2833.043386496357	chick3	1.0
2834.0716660996363	2835.7779817216365	chick2	1.0
2835.8641755474027	2837.5668140046027	chick3	1.0
2837.9513979118938	2839.394929357817	chick2	1.0
2839.7186655319892	2841.1661369489893	chick3	1.0
2841.5291146728973	2842.812589412147	chick2	1.0
2844.780586114157	2846.416846882457	chick3	1.0
2844.8512802366868	2846.4280352095047	chick2	1.0
2848.0572861653786	2849.9394909505786	chick2	1.0
2849.4245499510084	2850.9183316673416	chick3	1.0
2851.681923584597	2853.095753180702	chick2	1.0
2854.2774921605182	2855.945317816518	chick3	1.0
2854.748081146996	2856.360077239905	chick2	1.0
2857.3889479312083	2858.795271267851	chick3	1.0
2858.047014783766	2859.800310209066	chick2	1.0
2861.8802827419845	2863.323814187908	chick2	1.0
2865.771302656725	2867.286913065642	chick3	1.0
2866.015565751456	2867.721881373456	chick2	1.0
2868.5809007780194	2870.0746824943526	chick3	1.0
2871.358908965942	2872.642383705192	chick2	1.0
2873.155205157318	2874.791465925618	chick3	1.0
2875.796207026668	2877.678411811868	chick2	1.0
2877.4276518872216	2879.032289251555	chick3	1.0
2881.094242604962	2882.508072201067	chick2	1.0
2881.67687879794	2883.37951725514	chick3	1.0
2884.763730856197	2886.375726949106	chick2	1.0
2886.599480465002	2888.065213356402	chick3	1.0
2888.1788241280647	2889.932119553365	chick2	1.0
2890.2217722577466	2891.5467644912464	chick3	1.0
2891.895932451185	2893.179407190435	chick2	1.0
2894.5676040584285	2896.1443590312465	chick2	1.0
2895.167593743993	2896.6613754603263	chick3	1.0
2897.959465403276	2899.841670188476	chick2	1.0
2898.1165107803936	2899.5639821973937	chick3	1.0
2901.785242211506	2903.3898795758396	chick3	1.0
2901.792733361495	2903.236264807418	chick2	1.0
2904.975507363167	2906.681822985167	chick2	1.0
2905.6397321960926	2907.3423706532926	chick3	1.0
2908.6229199052295	2910.2349159981386	chick2	1.0
2910.1443771178383	2911.550700454481	chick3	1.0
2912.354258673038	2913.7680882691434	chick2	1.0
2914.6258022203997	2916.1414126293166	chick3	1.0
2915.546034157042	2917.299329582342	chick2	1.0
2919.263142480163	2920.546617219413	chick2	1.0
2921.1737912303597	2922.6395241217597	chick3	1.0
2922.167133357601	2923.743888330419	chick2	1.0
2924.633544288814	2926.127326005147	chick3	1.0
2925.48929892139	2927.37150370659	chick2	1.0
2928.766672103611	2930.402932871911	chick3	1.0
2929.5742917187777	2931.017823164701	chick2	1.0
2932.691196297437	2934.397511919437	chick2	1.0
2934.2233296119116	2935.6708010289117	chick3	1.0
2936.437166471994	2937.850996068099	chick2	1.0
2938.162034570301	2939.5683579069437	chick3	1.0
2939.2658316439565	2940.8778277368656	chick2	1.0
2942.8378825292707	2944.5405209864707	chick3	1.0
2943.099099602175	2944.8523950274753	chick2	1.0
2947.1879187576083	2948.471393496858	chick2	1.0
2948.062341845728	2949.387334079228	chick3	1.0
2950.4636204673584	2952.1699360893585	chick2	1.0
2951.034478701313	2952.702304357313	chick3	1.0
2954.180728790479	2955.6242602364023	chick2	1.0
2955.9635450838186	2957.3698684204614	chick3	1.0
2957.3170389381125	2958.9290350310216	chick2	1.0
2960.740363120332	2962.255973529249	chick3	1.0
2960.917987626136	2962.800192411336	chick2	1.0
2964.504563150058	2965.918392746163	chick2	1.0
2964.803831477577	2966.2976131939104	chick3	1.0
2967.632014534773	2969.208769507591	chick2	1.0
2969.354916037691	2971.057554494891	chick3	1.0
2971.442050565972	2973.195345991272	chick2	1.0
2973.255845660646	2974.7033170776463	chick3	1.0
2975.4844058673657	2976.7678806066156	chick2	1.0
2977.8998094974977	2979.3061328341405	chick3	1.0
2978.4580925258624	2980.0700886187715	chick2	1.0
2981.7775193012685	2983.4453449572684	chick3	1.0
2982.3404952127016	2983.754324808807	chick2	1.0
2985.381206777675	2987.263411562875	chick2	1.0
2986.86265970262	2988.4672970669535	chick3	1.0
2989.284170516952	2990.7277019628755	chick2	1.0
2991.4369640819186	2992.9026969733186	chick3	1.0
2993.14067040219	2994.8469860241903	chick2	1.0
2994.82705768282	2996.15204991632	chick3	1.0
2996.90424257935	2998.516238672259	chick2	1.0
2997.7527549000365	2999.2683653089534	chick3	1.0
3000.691046683529	3001.9745214227787	chick2	1.0
3001.5608052462544	3003.0545869625876	chick3	1.0
3003.5485737069284	3005.3018691322286	chick2	1.0
3005.2991961349194	3006.9354569032193	chick3	1.0
3006.7545796356203	3008.1684092317255	chick2	1.0
3008.294552809689	3009.8991901740224	chick3	1.0
3009.728266294117	3011.610471079317	chick2	1.0
3013.8170854495497	3015.260616895473	chick2	1.0
3017.371570283534	3018.948325256352	chick2	1.0
3024.443452511231	3025.849775847874	chick3	1.0
3026.4292315925927	3028.0970572485926	chick3	1.0
3028.313807909721	3029.7573393556445	chick2	1.0
3029.79610537431	3031.4111357536435	chick3	1.0
3031.6824373275495	3033.2944334204585	chick2	1.0
3033.720254816449	3035.185987707849	chick3	1.0
3035.2601540885535	3037.0134495138536	chick2	1.0
3038.2713393765634	3039.9739778337635	chick3	1.0
3039.558060587162	3041.264376209162	chick2	1.0
3043.2287050562436	3044.5121797954935	chick2	1.0
3043.495798693021	3044.9021220296636	chick3	1.0
3046.3650152038767	3047.9417701766947	chick2	1.0
3047.675366146187	3049.122837563187	chick3	1.0
3050.0124277459395	3051.8946325311395	chick2	1.0
3052.574747994065	3054.1897783733984	chick3	1.0
3054.61419200401	3055.9904758184884	chick2	1.0
3056.011281233335	3057.679106889335	chick3	1.0
3057.7951232974733	3059.4071193903824	chick2	1.0
3060.4927063358964	3061.9864880522296	chick3	1.0
3061.1127174157323	3062.5562488616556	chick2	1.0
3064.300062862935	3066.0063784849353	chick2	1.0
3067.690850283016	3069.206460691933	chick3	1.0
3067.9939392590363	3069.277413998286	chick2	1.0
3071.2231771147476	3072.8351732076567	chick2	1.0
3072.0329564704716	3073.4392798071144	chick3	1.0
3075.172604708064	3076.925900133364	chick2	1.0
3077.327075244482	3078.9317126088154	chick3	1.0
3078.1442099463175	3079.5580395424226	chick2	1.0
3081.2826015141936	3083.1648062993936	chick2	1.0
3081.506642697648	3082.972375589048	chick3	1.0
3084.3859002764957	3085.879681992829	chick3	1.0
3084.6744628590413	3086.1179943049647	chick2	1.0
3087.973396495811	3089.550151468629	chick2	1.0
3091.1561704974833	3092.439645236733	chick2	1.0
3091.560824404431	3093.197085172731	chick3	1.0
3093.920769812805	3095.627085434805	chick2	1.0
3095.2992152930965	3096.7466867100966	chick3	1.0
3097.4055588657307	3098.819388461836	chick2	1.0
3099.3859034695256	3100.7922268061684	chick3	1.0
3100.565100940383	3102.1770970332923	chick2	1.0
3102.961755623901	3104.664394081101	chick3	1.0
3104.8630074389916	3106.616302864292	chick2	1.0
3108.8131500583336	3110.428180437667	chick3	1.0
3109.927567529244	3111.633883151244	chick2	1.0
3113.294575160895	3114.962400816895	chick3	1.0
3116.966841416154	3118.410372862077	chick2	1.0
3118.5190344773523	3120.0346448862692	chick3	1.0
3120.8698051554306	3122.4465601282486	chick2	1.0
3123.7505641058497	3125.164393701955	chick2	1.0
3126.0654757122356	3127.4717990488784	chick3	1.0
3126.422235713093	3128.304440498293	chick2	1.0
3129.339470217216	3131.042108674416	chick3	1.0
3130.5342867955455	3131.977818241469	chick2	1.0
3133.4958178511974	3134.9432892681975	chick3	1.0
3133.7635246512564	3135.4698402732565	chick2	1.0
3137.457401047358	3139.069397140267	chick2	1.0
3138.9060357211292	3140.5106730854627	chick3	1.0
3141.3371328596154	3142.6206075988653	chick2	1.0
3144.571671602088	3146.239497258088	chick3	1.0
3145.1007050367753	3146.8540004620754	chick2	1.0
3148.3764067465254	3150.0827223685255	chick2	1.0
3149.1924156197547	3150.6581485111546	chick3	1.0
3151.675340383295	3153.1188718292183	chick2	1.0
3153.4184227112896	3154.7434149447895	chick3	1.0
3154.6954908958305	3156.3074869887396	chick2	1.0
3157.9695072714035	3159.6373329274033	chick3	1.0
3158.180279948757	3160.062484733957	chick2	1.0
3161.800777436806	3163.2945591531393	chick3	1.0
3162.0573051998254	3163.4711347959305	chick2	1.0
3165.3821773248033	3166.9589322976212	chick2	1.0
3166.5608403695783	3168.076450778495	chick3	1.0
3169.215445283022	3170.4989200222717	chick2	1.0
3170.4849898117177	3171.8913131483605	chick3	1.0
3172.5143789197914	3174.2676743450916	chick2	1.0
3174.687777084068	3176.390415541268	chick3	1.0
3176.32441495099	3178.0307305729903	chick2	1.0
3178.774465260497	3180.3791026248305	chick3	1.0
3180.2041467632475	3181.647678209171	chick2	1.0
3183.20945072469	3184.67518361609	chick3	1.0
3183.526312327037	3185.138308419946	chick2	1.0
3187.319358720303	3188.987184376303	chick3	1.0
3189.5201494980693	3191.4023542832692	chick2	1.0
3192.659917132682	3193.984909366182	chick3	1.0
3193.1539194879683	3194.5677490840735	chick2	1.0
3196.3038721877647	3197.6369769162648	chick2	1.0
3197.071682777691	3198.519154194691	chick3	1.0
3199.626037751554	3200.909512490804	chick2	1.0
3202.0175042639376	3203.4238276005804	chick3	1.0
3202.3209412858173	3204.0272569078174	chick2	1.0
3205.968353827879	3207.4118852738025	chick2	1.0
3206.8704464734474	3208.5730849306474	chick3	1.0
3209.22082361061	3210.832819703519	chick2	1.0
3211.607289587035	3213.122899995952	chick3	1.0
3212.937931933731	3214.351761529836	chick2	1.0
3215.415339933253	3216.9091216495863	chick3	1.0
3216.167169789442	3217.9204652147423	chick2	1.0
3219.293049737024	3220.929310505324	chick3	1.0
3219.6751907693874	3221.2519457422054	chick2	1.0
3223.0205882601963	3224.9027930453963	chick2	1.0
3223.565496466927	3225.233322122927	chick3	1.0
3226.853856218415	3228.1373309576647	chick2	1.0
3228.882835060122	3230.289158396765	chick3	1.0
3229.7346151688334	3231.3466112617425	chick2	1.0
3232.8534241406296	3234.3008955576297	chick3	1.0
3233.289100002818	3234.995415624818	chick2	1.0
3237.7031661365236	3239.146697582447	chick2	1.0
3237.7528059885076	3239.357443352841	chick3	1.0
3241.2808828975276	3243.1630876827276	chick2	1.0
3242.3503301869905	3244.0529686441905	chick3	1.0
3247.296151673237	3248.621143906737	chick3	1.0
3249.804056918117	3251.2178865142223	chick2	1.0
3252.4277317129577	3254.032369077291	chick3	1.0
3253.3150210936315	3254.9270171865405	chick2	1.0
3257.3271135608356	3258.7928464522356	chick3	1.0
3260.3078311265026	3262.0611265518028	chick2	1.0
3262.2264954087136	3263.8943210647135	chick3	1.0
3263.467373201155	3264.750847940405	chick2	1.0
3265.58147855993	3267.28779418193	chick2	1.0
3267.17231689496	3268.6660986112934	chick3	1.0
3269.4147465181486	3270.858277964072	chick2	1.0
3272.048478923654	3273.751117380854	chick3	1.0
3272.7601440089575	3274.0932487374575	chick2	1.0
3276.1287734267858	3277.542603022891	chick2	1.0
3277.6212355278753	3279.1368459367923	chick3	1.0
3279.19538779336	3280.9486832186603	chick2	1.0
3281.313186778172	3282.719510114815	chick3	1.0
3282.0529148167598	3283.75923043876	chick2	1.0
3284.7710502780415	3286.0545250172913	chick2	1.0
3285.5856335080753	3287.2882719652753	chick3	1.0
3287.8376646446163	3289.4496607375254	chick2	1.0
3288.8828478322393	3290.487485196573	chick3	1.0
3290.9739747922495	3292.3878043883547	chick2	1.0
3292.5515792633523	3294.0173121547523	chick3	1.0
3294.481995772195	3296.364200557395	chick2	1.0
3298.245567949355	3299.6890993952784	chick2	1.0
3298.8673700814697	3300.1923623149696	chick3	1.0
3301.1727907538125	3302.7495457266305	chick2	1.0
3302.46644205503	3304.1342677110297	chick3	1.0
3304.2394051203873	3305.522879859637	chick2	1.0
3305.2528203571405	3306.7466020734737	chick3	1.0
3307.0737002167666	3308.6856963096757	chick2	1.0
3309.385948171938	3310.833419588938	chick3	1.0
3310.67464890479	3312.42794433009	chick2	1.0
3314.006692189605	3315.642952957905	chick3	1.0
3314.0897421766576	3315.796057798658	chick2	1.0
3317.7139227917005	3319.1277523878057	chick2	1.0
3317.8379623550068	3319.4425997193403	chick3	1.0
3321.105784136548	3322.987988921748	chick2	1.0
3323.1320811290175	3324.8347195862175	chick3	1.0
3325.194603291981	3326.6381347379042	chick2	1.0
3327.1955494862623	3328.7111598951788	chick3	1.0
3328.586464636829	3330.198460729738	chick2	1.0
3330.3766647145053	3331.782988051148	chick3	1.0
3332.117717543794	3333.824033165794	chick2	1.0
3335.2760465623833	3336.9786850195833	chick3	1.0
3336.2762324802857	3337.5597072195355	chick2	1.0
3339.775587392783	3341.108692121283	chick2	1.0
3340.2683076869985	3341.872945051332	chick3	1.0
3344.5896545381697	3346.4718593233697	chick2	1.0
3344.7961724279285	3346.2619053193284	chick3	1.0
3349.068619157831	3350.393611391331	chick3	1.0
3350.285084473047	3351.698914069152	chick2	1.0
3353.351698839622	3354.963694932531	chick2	1.0
3355.498778462484	3356.9925601788173	chick3	1.0
3356.7435601844695	3358.4498758064697	chick2	1.0
3361.041466683078	3362.4849981290013	chick2	1.0
3363.0490314042186	3364.4553547408614	chick3	1.0
3364.108081049653	3365.990285834853	chick2	1.0
3367.249737579104	3368.697208996104	chick3	1.0
3368.150436351047	3369.433911090297	chick2	1.0
3371.75138503907	3373.363381131979	chick2	1.0
3375.7616850329746	3377.1755146290798	chick2	1.0
3377.1755146290798	3378.5818379657226	chick3	1.0
3379.0971168155534	3380.5109464116586	chick2	1.0
3381.3120480086377	3383.0146864658377	chick3	1.0
3382.303122744245	3384.056418169545	chick2	1.0
3384.5163830560655	3386.0101647723986	chick3	1.0
3386.159622629483	3387.865938251483	chick2	1.0
3388.2779937639148	3389.7936041728312	chick3	1.0
3390.178746003857	3391.6222774497805	chick2	1.0
3392.3879017595277	3394.002932138861	chick3	1.0
3393.570607348705	3395.182603441614	chick2	1.0
3396.7996674045366	3398.4674930605365	chick3	1.0
3397.2412518177866	3399.1234566029866	chick2	1.0
3401.4436312413877	3403.0798920096877	chick3	1.0
3401.701781805532	3402.985256544782	chick2	1.0
3405.023947369321	3406.600702342139	chick2	1.0
3408.462272568208	3410.215567993508	chick2	1.0
3410.215567993508	3411.7093497098413	chick3	1.0
3412.0873764170174	3413.7936920390175	chick2	1.0
3414.827672831246	3416.463933599546	chick3	1.0
3418.1044455150695	3419.547976960993	chick2	1.0
3421.008578733248	3422.711217190448	chick3	1.0
3421.6589303490537	3423.2356853218716	chick2	1.0
3425.236647110057	3427.118851895257	chick2	1.0
3426.0282648579864	3427.3532570914863	chick3	1.0
3428.872902097105	3430.575540554305	chick3	1.0
3429.1396108493345	3430.5534404454397	chick2	1.0
3431.577801643024	3433.0934120519405	chick3	1.0
3432.3688487050454	3434.1221441303455	chick2	1.0
3434.1221441303455	3435.7899697863454	chick3	1.0
3437.9792842905235	3439.4267557075236	chick3	1.0
3441.370475770305	3442.947230743123	chick2	1.0
3442.646467946559	3444.349106403759	chick3	1.0
3445.1704135012965	3446.5842430974017	chick2	1.0
3446.961341977935	3448.455123694268	chick3	1.0
3448.2471261680785	3450.0004215933786	chick2	1.0
3449.9889808439116	3451.6916193011116	chick3	1.0
3451.8985290092533	3453.364261900653	chick3	1.0
3452.0803941262966	3453.6923902192057	chick2	1.0
3455.727806668359	3457.434122290359	chick2	1.0
3455.788885604848	3457.456711260848	chick3	1.0
3459.759474685356	3461.165798021999	chick3	1.0
3460.141872802065	3461.585404247988	chick2	1.0
3463.0102493711515	3464.5258597800685	chick3	1.0
3464.277155811537	3465.889151904446	chick2	1.0
3465.889151904446	3467.525412672746	chick3	1.0
3469.6553989283307	3471.3232245843305	chick3	1.0
3470.467619468901	3472.349824254101	chick2	1.0
3473.534233835476	3474.8177085747257	chick2	1.0
3475.5067933627633	3476.913116699406	chick3	1.0
3476.2988331507963	3477.9108292437054	chick2	1.0
3479.574534860547	3481.280850482547	chick2	1.0
3479.7792400926664	3481.2267115096665	chick3	1.0
3482.803772716258	3484.2473041621815	chick2	1.0
3484.4232039295175	3486.1258423867175	chick3	1.0
3485.3825166154234	3486.7156213439234	chick2	1.0
3487.7436380728664	3489.0686303063662	chick3	1.0
3487.8664259983098	3489.280255594415	chick2	1.0
3490.321038002319	3491.9888636583187	chick3	1.0
3490.656164048851	3492.538368834051	chick2	1.0
3494.1058685293524	3495.710505893686	chick3	1.0
3494.3965042989917	3496.0085003919007	chick2	1.0
3497.797819779649	3499.434080547949	chick3	1.0
3498.2994680382685	3499.5829427775184	chick2	1.0
3501.2034589157065	3502.9567543410067	chick2	1.0
3501.605870125867	3503.071603017267	chick3	1.0
3504.4075580361973	3505.8213876323025	chick2	1.0
3505.6461186639276	3507.1399003802608	chick3	1.0
3507.522543065012	3509.404747850212	chick2	1.0
3509.6399275636195	3511.1555379725364	chick3	1.0
3511.4719706583282	3512.9155021042516	chick2	1.0
3512.9139220686	3514.320245405243	chick3	1.0
3514.3759615357662	3516.0822771577664	chick2	1.0
3516.280795850317	3517.983434307517	chick3	1.0
3518.302157202063	3519.914153294972	chick2	1.0
3521.621354262696	3523.289179918696	chick3	1.0
3521.8566420360467	3523.1401167752965	chick2	1.0
3525.1323437457972	3526.8856391710974	chick2	1.0
3525.4061847897297	3526.899966506063	chick3	1.0
3528.621510674327	3530.0353402704322	chick2	1.0
3530.073368445765	3531.520839862765	chick3	1.0
3531.8928345084732	3533.775039293673	chick2	1.0
3533.742099876878	3535.378360645178	chick3	1.0
3535.865494028809	3537.309025474732	chick2	1.0
3538.386063713729	3539.9907010780626	chick3	1.0
3539.234123446637	3540.567228175137	chick2	1.0
3542.4263122517896	3543.8920451431895	chick3	1.0
3542.5330570834067	3544.239372705407	chick2	1.0
3546.993587071152	3548.277061810402	chick2	1.0
3547.2560346421146	3548.5810268756145	chick3	1.0
3550.269288780902	3551.881284873811	chick2	1.0
3551.92321829815	3553.59104395415	chick3	1.0
3553.9656362444066	3555.379465840512	chick2	1.0
3556.8458199652127	3558.361430374129	chick3	1.0
3557.703505427144	3559.4568008524443	chick2	1.0
3560.7003099497992	3562.1940916661324	chick3	1.0
3562.303426977006	3564.009742599006	chick2	1.0
3565.3674936058346	3567.0701320630346	chick3	1.0
3566.0437672271464	3567.4872986730697	chick2	1.0
3569.291643047974	3570.757375939374	chick3	1.0
3569.64471591517	3571.256712008079	chick2	1.0
3573.4015510435875	3574.8078743802303	chick3	1.0
3573.5941435084856	3575.4763482936855	chick2	1.0
3578.2405289123867	3579.5240036516366	chick2	1.0
3578.347372529834	3579.794843946834	chick3	1.0
3581.5859264031956	3583.1626813760136	chick2	1.0
3581.9928841417623	3583.5975215060957	chick3	1.0
3586.706507436166	3588.3427682044658	chick3	1.0
3586.882805763643	3588.636101188943	chick2	1.0
3591.211152357912	3592.878978013912	chick3	1.0
3592.458468248324	3593.9019996942475	chick2	1.0
3595.6693576412886	3597.1631393576217	chick3	1.0
3596.6634470388544	3598.3697626608546	chick2	1.0
3601.311773703063	3602.777506594463	chick3	1.0
3601.5421517129503	3603.1541478058593	chick2	1.0
3606.03819587062	3607.452025466725	chick2	1.0
3606.071836635835	3607.396828869335	chick3	1.0
3609.022832213231	3610.905036998431	chick2	1.0
3610.831899568608	3612.4365369329416	chick3	1.0
3613.645985690113	3615.089517136036	chick2	1.0
3614.2452129886938	3615.947851445894	chick3	1.0
3617.223702451117	3618.930018073117	chick2	1.0
3618.842737187176	3620.249060523819	chick3	1.0
3621.0337384823156	3622.3172132215655	chick2	1.0
3622.4185893415515	3623.9341997504685	chick3	1.0
3624.2862082650463	3625.8982043579554	chick2	1.0
3626.0873207726645	3627.5811024889977	chick3	1.0
3628.0730123692256	3629.8263077945257	chick2	1.0
3630.0346900339878	3631.5004229253877	chick3	1.0
3632.1153676706194	3633.6921226434374	chick2	1.0
3634.7947529667604	3636.4625786227602	chick3	1.0
3636.6480645068264	3638.0618941029315	chick2	1.0
3639.5083762611644	3640.8333684946642	chick3	1.0
3640.0142228572518	3641.8964276424517	chick2	1.0
3643.801026961431	3645.2445584073544	chick2	1.0
3644.314878832305	3646.017517289505	chick3	1.0
3647.1231925252205	3648.8295081472206	chick2	1.0
3648.587325562208	3650.0811072785414	chick3	1.0
3651.6766502210435	3653.2886463139525	chick2	1.0
3652.5811344619005	3654.0286058789006	chick3	1.0
3655.8816290115738	3657.1651037508236	chick2	1.0
3656.4124046273027	3657.8187279639455	chick3	1.0
3659.684257162338	3661.017361890838	chick2	1.0
3660.9402693682327	3662.4060022596327	chick3	1.0
3663.2592835035693	3664.6731130996745	chick2	1.0
3665.8860908544793	3667.5223516227793	chick3	1.0
3666.6380112216048	3668.5202160068047	chick2	1.0
3670.483615052962	3672.1514407089617	chick3	1.0
3670.4945111068428	3671.938042552766	chick2	1.0
3674.407764495101	3675.732756728601	chick3	1.0
3674.86211338651	3675.84829429051	chick2	1.0
3675.84829429051	3677.55093274771	chick3	1.0
3681.9086670976003	3683.3743999890003	chick3	1.0
3683.5583175444945	3684.8417922837443	chick2	1.0
3685.9393637209796	3687.5513598138887	chick2	1.0
3686.5294111152675	3687.9357344519103	chick3	1.0
3689.0536216887076	3690.467451284813	chick2	1.0
3691.034056037013	3692.701881693013	chick3	1.0
3692.5490733010433	3693.9926047469667	chick2	1.0
3696.095976619181	3697.732237387481	chick3	1.0
3698.5590088727076	3699.8424836119575	chick2	1.0
3700.8560395519535	3702.3716499608704	chick3	1.0
3703.4484933723547	3704.86232296846	chick2	1.0
3704.6873097173557	3706.181091433689	chick3	1.0
3707.394274666507	3709.147570091807	chick2	1.0
3709.23839427747	3710.94103273467	chick3	1.0
3713.252600163378	3714.5360749026277	chick2	1.0
3715.2019282369397	3716.6676611283397	chick3	1.0
3717.802711736548	3719.2462431824715	chick2	1.0
3720.035610198149	3721.4419335347916	chick3	1.0
3721.82130134562	3723.5276169676204	chick2	1.0
3724.6795740350003	3726.347399691	chick3	1.0
3727.0020210709695	3728.445552516893	chick2	1.0
3727.767809986506	3729.2615917028393	chick3	1.0
3730.409787519665	3732.021783612574	chick2	1.0
3733.363786409912	3734.811257826912	chick3	1.0
3734.243445135049	3735.6572747311543	chick2	1.0
3738.1935088002374	3739.8297695685374	chick3	1.0
3739.7563490046778	3741.6385537898777	chick2	1.0
3743.6501663085373	3745.317991964537	chick3	1.0
3744.952546399013	3746.3960778449364	chick2	1.0
3748.694396027756	3750.160128919156	chick3	1.0
3749.6032129130654	3750.8866876523152	chick2	1.0
3752.868434524687	3754.193426758187	chick3	1.0
3752.8823877706986	3754.588703392699	chick2	1.0
3756.704905652877	3758.1187352489824	chick2	1.0
3757.1176614354063	3758.8202998926063	chick3	1.0
3760.0860655580436	3761.6980616509527	chick2	1.0
3762.736857677996	3764.2524680869124	chick3	1.0
3764.598468556137	3765.881943295387	chick2	1.0
3767.2182827805573	3768.6246061172	chick3	1.0
3767.4768542271386	3769.2301496524387	chick2	1.0
3771.1441477850794	3772.7804085533794	chick3	1.0
3771.4110663111583	3772.9878212839762	chick2	1.0
3775.3124241631326	3776.726253759238	chick2	1.0
3775.7798272120813	3777.447652868081	chick3	1.0
3779.390016499954	3781.272221285154	chick2	1.0
3781.370280721254	3782.864062437587	chick3	1.0
3783.4022421638942	3784.8457736098176	chick2	1.0
3784.424168796091	3785.8716402130913	chick3	1.0
3789.031266213049	3790.314740952299	chick2	1.0
3789.648628112549	3791.2532654768825	chick3	1.0
3793.4221004197357	3794.9988553925537	chick2	1.0
3795.6161216429027	3797.3187601001027	chick3	1.0
3799.5664494739694	3800.9802790700746	chick2	1.0
3801.0263395128345	3802.541949921751	chick3	1.0
3803.6673802353375	3805.4206756606377	chick2	1.0
3805.6703033496856	3806.9952955831855	chick3	1.0
3808.7087083985703	3809.99218313782	chick2	1.0
3809.89631044122	3811.36204333262	chick3	1.0
3811.9379462542815	3813.6442618762817	chick2	1.0
3814.309983570655	3815.9778092266547	chick3	1.0
3816.849330507359	3818.292861953282	chick2	1.0
3818.5805228161316	3820.074304532465	chick3	1.0
3821.8645082118637	3823.476504304773	chick2	1.0
3822.3421335239814	3823.7896049409815	chick3	1.0
3825.818069244335	3827.2318988404404	chick2	1.0
3827.7755712130975	3829.4118319813974	chick3	1.0
3829.7336023512225	3831.6158071364225	chick2	1.0
3831.9783584854476	3833.582995849781	chick3	1.0
3834.3335239010844	3835.6169986403343	chick2	1.0
3835.089814256138	3836.555547147538	chick3	1.0
3839.0091262005403	3840.5858811733583	chick2	1.0
3839.3854808052256	3841.0881192624256	chick3	1.0
3842.9651381929316	3844.378967789037	chick2	1.0
3843.5059689892014	3844.912292325844	chick3	1.0
3846.4879004429067	3848.241195868207	chick2	1.0
3846.7926031250036	3848.4604287810034	chick3	1.0
3851.134709312459	3852.459701545959	chick3	1.0
3851.5716137495574	3853.0151451954807	chick2	1.0
3856.3591686289164	3857.8747790378334	chick3	1.0
3856.4038545696153	3858.1101701916155	chick2	1.0
3861.003776119477	3862.287250858727	chick2	1.0
3861.8854855947693	3863.5881240519693	chick3	1.0
3864.116854340091	3865.728850433	chick2	1.0
3867.109944911227	3868.777770567227	chick3	1.0
3868.4989327955686	3869.912762391674	chick2	1.0
3872.2712607239373	3874.1534655091373	chick2	1.0
3873.4489555485293	3875.0852163168292	chick3	1.0
3876.2898716861423	3877.7334031320656	chick2	1.0
3877.5588635441427	3879.006334961143	chick3	1.0
3880.5185948158614	3882.0953497886794	chick2	1.0
3881.274034613624	3882.767816329957	chick3	1.0
3884.537718190236	3885.8211929294857	chick2	1.0
3887.055769590503	3888.521502481903	chick3	1.0
3888.0689710972006	3889.8222665225007	chick2	1.0
3890.561962287326	3892.1665996516595	chick3	1.0
3892.3097511823607	3893.723580778466	chick2	1.0
3894.1145946225174	3895.8172330797174	chick3	1.0
3895.5496515974814	3897.1616476903905	chick2	1.0
3899.3364557016607	3901.042771323661	chick2	1.0
3899.617691769186	3901.1333021781024	chick3	1.0
3903.425274857094	3904.868806303017	chick2	1.0
3904.8421510856433	3906.248474422286	chick3	1.0
3906.9371886338304	3908.8193934190303	chick2	1.0
3909.6022140184164	3911.2700396744162	chick3	1.0
3911.068578846511	3912.352053585761	chick2	1.0
3914.297816702222	3915.87457167504	chick2	1.0
3914.8266733348737	3916.4629341031737	chick3	1.0
3918.044441636168	3919.458271232273	chick2	1.0
3920.2368912048055	3921.6843626218056	chick3	1.0
3922.0805122537568	3923.833807679057	chick2	1.0
3924.718316307367	3926.2120980237	chick3	1.0
3926.239027190248	3927.9453428122483	chick2	1.0
3929.3854999634023	3931.0881384206023	chick3	1.0
3931.0248041562663	3932.4683356021897	chick2	1.0
3934.5792889902505	3936.1912850831595	chick2	1.0
3934.9582565676237	3936.2832488011236	chick3	1.0
3938.934321902307	3940.3481514984123	chick2	1.0
3939.9272978730546	3941.3930307644546	chick3	1.0
3942.687231520058	3944.569436305258	chick2	1.0
3945.616153573197	3947.131763982114	chick3	1.0
3946.9851380186665	3948.42866946459	chick2	1.0
3950.493158998612	3952.06991397143	chick2	1.0
3951.0031516239446	3952.4094749605874	chick3	1.0
3954.512282372986	3955.795757112236	chick2	1.0
3955.3220379922163	3957.0246764494163	chick3	1.0
3957.6253605936004	3959.3316762156005	chick2	1.0
3960.9644540539907	3962.2894462874906	chick3	1.0
3961.587357554526	3963.0011871506313	chick2	1.0
3965.4545199991735	3967.0665160920826	chick2	1.0
3965.910275540237	3967.5781011962367	chick3	1.0
3968.799917489982	3970.083392229232	chick2	1.0
3969.4861276946126	3970.9799094109458	chick3	1.0
3971.6342125863616	3973.5164173715616	chick2	1.0
3976.001814866029	3977.445346311952	chick2	1.0
3976.428853630705	3978.065114399005	chick3	1.0
3979.649227408091	3981.355543030091	chick2	1.0
3980.213684157739	3981.661155574739	chick3	1.0
3983.645118855446	3985.0589484515513	chick2	1.0
3985.832880400329	3987.4375177646625	chick3	1.0
3986.4561820248064	3988.0681781177154	chick2	1.0
3990.4288415451415	3991.7123162843914	chick2	1.0
3991.219878451076	3992.685611342476	chick3	1.0
3993.6813113278727	3995.434606753173	chick2	1.0
3996.5836566826392	3998.1986870619726	chick3	1.0
3998.211537096676	3999.917852718676	chick2	1.0
4001.835717711719	4003.2792491576424	chick2	1.0
4002.063534010124	4003.731359666124	chick3	1.0
4005.1114194214692	4006.688174394287	chick2	1.0
4007.148674411476	4008.6642848203924	chick3	1.0
4008.811580501376	4010.225410097481	chick2	1.0
4011.1192634919835	4012.5255868286263	chick3	1.0
4012.0113017462622	4013.893506531462	chick2	1.0
4016.611223296124	4017.894698035374	chick2	1.0
4016.7152399153892	4018.4178783725893	chick3	1.0
4019.7939972977965	4021.4059933907056	chick2	1.0
4022.9149316375856	4024.5195690019186	chick3	1.0
4023.766656818132	4025.519952243432	chick2	1.0
4028.023291858122	4029.489024749522	chick3	1.0
4028.041331389721	4029.324806128971	chick2	1.0
4031.433192734569	4033.139508356569	chick2	1.0
4035.5465132738213	4036.9528366104646	chick3	1.0
4035.754331160197	4037.1978626061205	chick2	1.0
4038.9133870555384	4040.219220232538	chick3	1.0
4039.35527984822	4040.932034821038	chick2	1.0
4043.467330930673	4045.349535715873	chick2	1.0
4047.8581651373593	4049.271994733465	chick2	1.0
4049.271994733465	4050.7657764497985	chick3	1.0
4052.3883902014263	4053.965145174245	chick2	1.0
4053.380868388848	4054.828339805847	chick3	1.0
4056.2448900866643	4057.9512057086654	chick2	1.0
4056.7245223513805	4058.3291597157136	chick3	1.0
4060.473100804215	4061.916632250139	chick2	1.0
4062.7848951584715	4064.4875336156715	chick3	1.0
4064.1669772003174	4065.7789732932256	chick2	1.0
4067.3591995377687	4068.9742299171016	chick3	1.0
4068.0002451585356	4069.414074754641	chick2	1.0
4071.0743706072503	4072.7421962632493	chick3	1.0
4072.4143112922416	4074.1676067175417	chick2	1.0
4075.1011452303032	4076.7057825946363	chick3	1.0
4077.037464769123	4078.3209395083727	chick2	1.0
4079.805022620531	4081.270755511931	chick3	1.0
4079.9414556465604	4081.6477712685614	chick2	1.0
4083.7747236047785	4085.2182550507027	chick2	1.0
4084.2632279039067	4085.66955124055	chick3	1.0
4087.3059765117437	4088.917972604652	chick2	1.0
4090.509359264472	4092.0249696733886	chick3	1.0
4091.2554041050594	4093.1376088902603	chick2	1.0
4094.766850994258	4096.180680590363	chick2	1.0
4095.4784005699044	4097.093430949237	chick3	1.0
4098.0158948677345	4099.592649840553	chick2	1.0
4100.052704949201	4101.546486665535	chick3	1.0
4102.360265220383	4103.6437399596325	chick2	1.0
4104.441250775026	4106.143889232226	chick3	1.0
4105.519807295035	4107.131803387945	chick2	1.0
4108.841972858825	4110.548288480824	chick2	1.0
4111.685834360513	4113.290471724846	chick3	1.0
4113.070183576376	4114.513715022298	chick2	1.0
4116.647900337379	4118.53010512258	chick2	1.0
4116.724535123498	4118.190268014898	chick3	1.0
4121.345279141164	4122.792750558165	chick3	1.0
4121.4104453763775	4122.693920115627	chick2	1.0
4126.430419542516	4127.836742879159	chick3	1.0
4129.671985988516	4130.859171918515	chick2	1.0
4132.746210360634	4134.382471128934	chick3	1.0
4133.53751128056	4134.951340876665	chick2	1.0
4136.906140698387	4138.612456320388	chick2	1.0
4138.899462444462	4140.504099808795	chick3	1.0
4140.318240413428	4141.761771859352	chick2	1.0
4142.614633513944	4144.282459169943	chick3	1.0
4142.690890526244	4144.267645499063	chick2	1.0
4145.757504892819	4147.639709678018	chick2	1.0
4148.3499288524545	4149.674921085954	chick3	1.0
4149.96248368335	4151.2459584226	chick2	1.0
4153.052329976945	4154.664326069853	chick2	1.0
4153.342189977069	4155.044828434269	chick3	1.0
4157.861338869981	4159.5676544919825	chick2	1.0
4159.054265496396	4160.548047212729	chick3	1.0
4162.277311811888	4163.691141407993	chick2	1.0
4164.278724812853	4165.79433522177	chick3	1.0
4166.503615721238	4168.256911146538	chick2	1.0
4169.0852273839955	4170.491550720639	chick3	1.0
4171.1257615437335	4172.879056969034	chick2	1.0
4173.91494977432	4175.5512105426205	chick3	1.0
4175.447907623748	4176.7313823629975	chick2	1.0
4178.375130428205	4180.257335213404	chick2	1.0
4180.695136976123	4182.299774340456	chick3	1.0
4183.137675467204	4184.749671560112	chick2	1.0
4187.319422330715	4189.025737952714	chick2	1.0
4189.518668266141	4191.012449982474	chick3	1.0
4191.059762580855	4192.503294026777	chick2	1.0
4194.61424741484	4196.191002387657	chick2	1.0
4198.865690059409	4200.618985484709	chick2	1.0
4200.618985484709	4201.943977718209	chick3	1.0
4203.4982430635555	4205.166068719556	chick3	1.0
4204.493624700512	4206.10562079342	chick2	1.0
4207.72425015509	4209.328887519423	chick3	1.0
4208.540422268083	4209.823897007333	chick2	1.0
4212.4843130878635	4213.931784504863	chick3	1.0
4214.310067270353	4215.723896866459	chick2	1.0
4216.779979636951	4218.416240405251	chick3	1.0
4217.317648415279	4219.070943840579	chick2	1.0
4220.779205541185	4222.0626802804345	chick2	1.0
4223.102398243136	4224.808713865135	chick2	1.0
4225.936693339516	4227.380224785438	chick2	1.0
4226.555523513522	4227.961846850165	chick3	1.0
4228.794220362914	4230.406216455824	chick2	1.0
4230.990508977715	4232.693147434915	chick3	1.0
4231.8356959942685	4233.249525590374	chick2	1.0
4234.0910997233605	4235.973304508561	chick2	1.0
4237.018322527818	4238.301797267068	chick2	1.0
4239.209680353673	4240.786435326492	chick2	1.0
4240.533854662444	4242.148885041777	chick3	1.0
4241.912094404885	4243.32592400099	chick2	1.0
4244.150524122808	4245.903819548108	chick2	1.0
4244.574103200506	4246.039836091906	chick3	1.0
4247.193906562363	4248.900222184362	chick2	1.0
4250.399912491053	4251.843443936978	chick2	1.0
4251.7722471476245	4253.4400728036235	chick3	1.0
4253.187743733395	4254.799739826303	chick2	1.0
4255.6038641434225	4256.887338882672	chick2	1.0
4256.810947910608	4258.217271247251	chick3	1.0
4258.229071896627	4260.111276681828	chick2	1.0
4261.495170196204	4262.908999792309	chick2	1.0
4263.173178367095	4264.688788776011	chick3	1.0
4264.315836775739	4265.892591748556	chick2	1.0
4267.414652852136	4268.828482448242	chick2	1.0
4269.42686072003	4271.18015614533	chick2	1.0
4272.159248391401	4273.484240624901	chick3	1.0
4273.051041335071	4274.494572780995	chick2	1.0
4276.164119555686	4277.776115648596	chick2	1.0
4276.919311324173	4278.621949781373	chick3	1.0
4279.230733922261	4280.93704954426	chick2	1.0
4282.506435632011	4283.789910371261	chick2	1.0
4283.072563408001	4284.677200772334	chick3	1.0
4284.969019896078	4286.851224681279	chick2	1.0
4288.500272803043	4289.9438042489655	chick2	1.0
4290.3868064510425	4291.8525393424425	chick3	1.0
4292.240613053184	4293.817368026002	chick2	1.0
4295.118229686212	4296.532059282317	chick2	1.0
4297.468851302241	4299.083881681574	chick3	1.0
4298.211218297196	4299.964513722496	chick2	1.0
4301.207242190905	4302.875067846906	chick3	1.0
4302.323269379649	4304.029585001648	chick2	1.0
4305.5725681975455	4307.187598576878	chick3	1.0
4306.644407805277	4307.927882544527	chick2	1.0
4309.594862536755	4311.206858629663	chick2	1.0
4313.172579297758	4315.054784082959	chick2	1.0
4314.651517498591	4316.354155955791	chick3	1.0
4316.63698762827	4318.050817224375	chick2	1.0
4318.947184047678	4320.394655464677	chick3	1.0
4320.11892547659	4321.562456922513	chick2	1.0
4324.068353069906	4325.774668691905	chick2	1.0
4324.7153818295355	4326.121705166179	chick3	1.0
4327.971316809184	4329.254791548434	chick2	1.0
4330.510654001437	4332.146914769737	chick3	1.0
4330.759148051524	4332.371144144432	chick2	1.0
4334.429792520605	4336.183087945905	chick2	1.0
4336.687125904449	4338.354951560448	chick3	1.0
4338.165754895141	4339.579584491246	chick2	1.0
4341.2135152103	4342.790270183119	chick2	1.0
4343.769170755648	4345.234903647048	chick3	1.0
4345.676185949713	4347.558390734912	chick2	1.0
4348.926514980778	4350.3700464267	chick2	1.0
4349.411586817421	4351.114225274621	chick3	1.0
4352.3880721066835	4354.094387728683	chick2	1.0
4355.657718177987	4357.173328586903	chick3	1.0
4356.593050897214	4358.205046990122	chick2	1.0
4360.403086928412	4361.686561667662	chick2	1.0
4364.979776551256	4366.733071976556	chick2	1.0
4368.082220321987	4369.48854365863	chick3	1.0
4372.482690122757	4373.896519718863	chick2	1.0
4375.9917099585	4377.873914743701	chick2	1.0
4376.230477975238	4377.5554702087375	chick3	1.0
4379.040076096533	4380.707901752532	chick3	1.0
4381.067568248582	4382.511099694506	chick2	1.0
4384.543173243201	4386.147810607534	chick3	1.0
4385.168321131205	4386.745076104024	chick2	1.0
4387.8171677481805	4389.2646391651815	chick3	1.0
4388.74603789221	4390.0295126314595	chick2	1.0
4391.160821710715	4392.654603427049	chick3	1.0
4392.405138369306	4394.017134462216	chick2	1.0
4395.688686451644	4397.324947219944	chick3	1.0
4397.294622396708	4399.0009380187075	chick2	1.0
4402.197323636503	4403.640855082427	chick2	1.0
4408.506026641353	4409.971759532753	chick3	1.0
4411.919340061439	4413.413121777772	chick3	1.0
4414.324389540685	4416.206594325884	chick2	1.0
4418.2815705179255	4419.9842089751255	chick3	1.0
4419.35752621191	4420.771355808016	chick2	1.0
4422.275379417617	4423.790989826533	chick3	1.0
4423.059594100017	4424.671590192927	chick2	1.0
4426.129869402204	4427.744899781537	chick3	1.0
4427.101949401413	4428.808265023412	chick2	1.0
4430.531975650056	4432.136613014389	chick3	1.0
4431.794798659354	4433.238330105276	chick2	1.0
4435.6977623986295	4437.57996718383	chick2	1.0
4438.738231219255	4440.440869676455	chick3	1.0
4440.344147802531	4441.6276225417805	chick2	1.0
4443.7127772203585	4445.324773313268	chick2	1.0
4443.823371620607	4445.22969495725	chick3	1.0
4447.731900594734	4449.485196020034	chick2	1.0
4449.047830937065	4450.715656593064	chick3	1.0
4453.127754136862	4454.541583732967	chick2	1.0
4454.992104648234	4456.607135027567	chick3	1.0
4457.164062964652	4458.740817937471	chick2	1.0
4459.984365772849	4461.450098664249	chick3	1.0
4461.438737536242	4462.8822689821645	chick2	1.0
4465.24877356744	4466.955089189441	chick2	1.0
4468.801756107136	4470.0852308463855	chick2	1.0
4470.0617672988155	4471.468090635459	chick3	1.0
4472.288047454351	4473.900043547259	chick2	1.0
4475.842532288336	4477.595827713636	chick2	1.0
4476.307898659381	4478.010537116581	chick3	1.0
4479.870411413918	4481.284241010024	chick2	1.0
4483.392908569675	4485.099224191674	chick2	1.0
4483.446556331219	4484.940338047552	chick3	1.0
4487.481727725108	4488.765202464358	chick2	1.0
4489.112386742221	4490.748647510522	chick3	1.0
4491.338227610346	4492.950223703254	chick2	1.0
4495.79875759809	4497.6809623832905	chick2	1.0
4497.6425394007365	4499.2471767650695	chick3	1.0
4500.491606856031	4501.935138301953	chick2	1.0
4502.662393433513	4504.128126324913	chick3	1.0
4504.673353719541	4506.25010869236	chick2	1.0
4506.084747979616	4507.578529695949	chick3	1.0
4509.210382443473	4510.657853860472	chick3	1.0
4509.342971050462	4511.096266475763	chick2	1.0
4513.372734847704	4514.78656444381	chick2	1.0
4515.990569645275	4517.693208102475	chick3	1.0
4518.171103317874	4519.783099410783	chick2	1.0
4521.135001596866	4522.541324933509	chick3	1.0
4522.933648356871	4524.639963978872	chick2	1.0
4526.555587374112	4528.223413030111	chick3	1.0
4529.020413235983	4530.463944681906	chick2	1.0
4532.203187237656	4534.085392022855	chick2	1.0
4532.314102531807	4533.92913291114	chick3	1.0
4536.400790708236	4537.866523599636	chick3	1.0
4537.500066598102	4538.783541337352	chick2	1.0
4541.124247213145	4542.701002185964	chick2	1.0
4541.461638301165	4542.955420017499	chick3	1.0
4546.12989494644	4547.83253340364	chick3	1.0
4547.931201829861	4549.684497255161	chick2	1.0
4552.161804926785	4553.575634522891	chick2	1.0
4553.815655096429	4555.420292460762	chick3	1.0
4555.830057016492	4557.536372638491	chick2	1.0
4558.389959475726	4560.026220244026	chick3	1.0
4560.755225544628	4562.1987569905505	chick2	1.0
4563.567979153815	4565.235804809816	chick3	1.0
4564.336951359694	4565.948947452602	chick2	1.0
4567.860945632279	4569.144420371529	chick2	1.0
4568.745998831904	4570.1523221685475	chick3	1.0
4571.348984265522	4573.231189050723	chick2	1.0
4574.9810784810015	4576.4468113724015	chick3	1.0
4575.948905815385	4577.392437261307	chick2	1.0
4579.573086430426	4581.279402052427	chick2	1.0
4583.596587680406	4585.010417276511	chick2	1.0
